left_landmark_x_0,left_landmark_x_1,left_landmark_x_2,left_landmark_x_3,left_landmark_x_4,left_landmark_x_5,left_landmark_x_6,left_landmark_x_7,left_landmark_x_8,left_landmark_x_9,left_landmark_x_10,left_landmark_x_11,left_landmark_x_12,left_landmark_x_13,left_landmark_x_14,left_landmark_x_15,left_landmark_x_16,left_landmark_x_17,left_landmark_x_18,left_landmark_x_19,left_landmark_x_20,left_landmark_y_0,left_landmark_y_1,left_landmark_y_2,left_landmark_y_3,left_landmark_y_4,left_landmark_y_5,left_landmark_y_6,left_landmark_y_7,left_landmark_y_8,left_landmark_y_9,left_landmark_y_10,left_landmark_y_11,left_landmark_y_12,left_landmark_y_13,left_landmark_y_14,left_landmark_y_15,left_landmark_y_16,left_landmark_y_17,left_landmark_y_18,left_landmark_y_19,left_landmark_y_20,right_landmark_x_0,right_landmark_x_1,right_landmark_x_2,right_landmark_x_3,right_landmark_x_4,right_landmark_x_5,right_landmark_x_6,right_landmark_x_7,right_landmark_x_8,right_landmark_x_9,right_landmark_x_10,right_landmark_x_11,right_landmark_x_12,right_landmark_x_13,right_landmark_x_14,right_landmark_x_15,right_landmark_x_16,right_landmark_x_17,right_landmark_x_18,right_landmark_x_19,right_landmark_x_20,right_landmark_y_0,right_landmark_y_1,right_landmark_y_2,right_landmark_y_3,right_landmark_y_4,right_landmark_y_5,right_landmark_y_6,right_landmark_y_7,right_landmark_y_8,right_landmark_y_9,right_landmark_y_10,right_landmark_y_11,right_landmark_y_12,right_landmark_y_13,right_landmark_y_14,right_landmark_y_15,right_landmark_y_16,right_landmark_y_17,right_landmark_y_18,right_landmark_y_19,right_landmark_y_20,pose_landmark_x_0,pose_landmark_x_1,pose_landmark_x_2,pose_landmark_x_3,pose_landmark_x_4,pose_landmark_x_5,pose_landmark_x_6,pose_landmark_x_7,pose_landmark_x_8,pose_landmark_x_9,pose_landmark_x_10,pose_landmark_x_11,pose_landmark_x_12,pose_landmark_x_13,pose_landmark_x_14,pose_landmark_x_15,pose_landmark_x_16,pose_landmark_x_17,pose_landmark_x_18,pose_landmark_x_19,pose_landmark_x_20,pose_landmark_x_21,pose_landmark_x_22,pose_landmark_x_23,pose_landmark_x_24,pose_landmark_x_25,pose_landmark_x_26,pose_landmark_x_27,pose_landmark_x_28,pose_landmark_x_29,pose_landmark_x_30,pose_landmark_x_31,pose_landmark_x_32,pose_landmark_y_0,pose_landmark_y_1,pose_landmark_y_2,pose_landmark_y_3,pose_landmark_y_4,pose_landmark_y_5,pose_landmark_y_6,pose_landmark_y_7,pose_landmark_y_8,pose_landmark_y_9,pose_landmark_y_10,pose_landmark_y_11,pose_landmark_y_12,pose_landmark_y_13,pose_landmark_y_14,pose_landmark_y_15,pose_landmark_y_16,pose_landmark_y_17,pose_landmark_y_18,pose_landmark_y_19,pose_landmark_y_20,pose_landmark_y_21,pose_landmark_y_22,pose_landmark_y_23,pose_landmark_y_24,pose_landmark_y_25,pose_landmark_y_26,pose_landmark_y_27,pose_landmark_y_28,pose_landmark_y_29,pose_landmark_y_30,pose_landmark_y_31,pose_landmark_y_32
0.3867335319519043,0.40299153327941895,0.4102489948272705,0.4121483564376831,0.4152204692363739,0.3966863751411438,0.4023887515068054,0.40579670667648315,0.4079628884792328,0.38859713077545166,0.39546188712120056,0.4005992114543915,0.40394407510757446,0.38436707854270935,0.39181771874427795,0.3975292146205902,0.40141722559928894,0.3832252621650696,0.3898251950740814,0.3952399492263794,0.3995237648487091,0.8615755438804626,0.871597945690155,0.898658037185669,0.9251601696014404,0.9452546834945679,0.9242196083068848,0.9554154276847839,0.9732610583305359,0.9877784848213196,0.9255182147026062,0.9560034275054932,0.974260687828064,0.9883626103401184,0.9241400361061096,0.9517783522605896,0.9687098264694214,0.9816735982894897,0.9222221374511719,0.9462781548500061,0.960505485534668,0.9705511331558228,0.6055991649627686,0.591060996055603,0.5868241786956787,0.5865789651870728,0.5853299498558044,0.6015759110450745,0.5950828194618225,0.5890542268753052,0.5843451023101807,0.6081147193908691,0.6012774109840393,0.593949019908905,0.5877363085746765,0.611007034778595,0.6045165657997131,0.5979187488555908,0.592117190361023,0.6111624240875244,0.6060305833816528,0.6009145379066467,0.5959355235099792,0.8446236252784729,0.8546304702758789,0.880925178527832,0.9045194983482361,0.9236217141151428,0.909041702747345,0.9416322708129883,0.9605320692062378,0.9750921130180359,0.9104408621788025,0.9429079294204712,0.961869478225708,0.9761698842048645,0.9095418453216553,0.9397506713867188,0.9576388001441956,0.9711542129516602,0.9077377915382385,0.933850109577179,0.949772298336029,0.9610173106193542,0.49611636996269226,0.5060780644416809,0.5119644999504089,0.5190795660018921,0.48594725131988525,0.47977086901664734,0.4739508628845215,0.5285378098487854,0.4639514982700348,0.5094291567802429,0.4823231101036072,0.5790897011756897,0.4159562289714813,0.6011853814125061,0.3943541347980499,0.6050556302070618,0.39268243312835693,0.6071082949638367,0.39120200276374817,0.5973032712936401,0.40532276034355164,0.592005729675293,0.4104098975658417,0.5497864484786987,0.4499247372150421,0.5545809864997864,0.4495965838432312,0.5414402484893799,0.4433475732803345,0.5405629277229309,0.4431312680244446,0.5237922072410583,0.4546988308429718,0.24249939620494843,0.21903765201568604,0.22130674123764038,0.22372114658355713,0.21504157781600952,0.2155495285987854,0.2160438895225525,0.24232988059520721,0.23637890815734863,0.2767797112464905,0.27521026134490967,0.4186330735683441,0.42926302552223206,0.6477575302124023,0.6604546904563904,0.8451164364814758,0.8562392592430115,0.9146203994750977,0.9213384389877319,0.91276615858078,0.9180299639701843,0.8906847238540649,0.8976547122001648,0.8709741830825806,0.8719234466552734,1.1807738542556763,1.1510993242263794,1.4350230693817139,1.4289475679397583,1.465118646621704,1.4665398597717285,1.5378413200378418,1.5290628671646118
0.3870316445827484,0.40433695912361145,0.41148558259010315,0.41303861141204834,0.4151272177696228,0.39707380533218384,0.4020612835884094,0.40582650899887085,0.4088349938392639,0.38871797919273376,0.3952951729297638,0.4005773663520813,0.4046552777290344,0.38437968492507935,0.3916875422000885,0.3972471058368683,0.40165117383003235,0.38320091366767883,0.38957679271698,0.3948715925216675,0.39939653873443604,0.8590617179870605,0.8701842427253723,0.8983689546585083,0.9251488447189331,0.9456292390823364,0.922722578048706,0.9537377953529358,0.9718149900436401,0.9861661195755005,0.9237801432609558,0.954336941242218,0.973038375377655,0.9875884652137756,0.9224457740783691,0.9509217143058777,0.9684160947799683,0.9818593263626099,0.9214124083518982,0.9463702440261841,0.9608840346336365,0.9713438153266907,0.6047343611717224,0.5902054309844971,0.5857895612716675,0.5864036083221436,0.5849044322967529,0.6005433797836304,0.5943970084190369,0.5887012481689453,0.5842838883399963,0.607211172580719,0.6005109548568726,0.5935313701629639,0.5875831246376038,0.6100122928619385,0.6039667129516602,0.5979341864585876,0.5925427079200745,0.6102317571640015,0.6057352423667908,0.6012088060379028,0.5969024300575256,0.8432342410087585,0.8545337915420532,0.8805167078971863,0.9045471549034119,0.9237702488899231,0.908671498298645,0.9412468075752258,0.9602710008621216,0.9750890731811523,0.9107760787010193,0.9425065517425537,0.9606836438179016,0.9748765826225281,0.9101542830467224,0.9394203424453735,0.9567501544952393,0.9706847071647644,0.9085804224014282,0.9337292313575745,0.9486420154571533,0.9600083231925964,0.49597012996673584,0.5062968134880066,0.5121904015541077,0.519058108329773,0.4859730899333954,0.479812353849411,0.4739823639392853,0.5284050703048706,0.4640662372112274,0.5093134641647339,0.4823363125324249,0.5791711807250977,0.41603416204452515,0.6009818315505981,0.39484497904777527,0.6048493981361389,0.3927386999130249,0.607075035572052,0.39113569259643555,0.596828281879425,0.40450650453567505,0.5916227102279663,0.4103773534297943,0.5497945547103882,0.4489801824092865,0.5545101165771484,0.44733870029449463,0.5403355956077576,0.4393979012966156,0.5389262437820435,0.43900781869888306,0.5231196880340576,0.45086973905563354,0.24190007150173187,0.21875685453414917,0.221234530210495,0.22370438277721405,0.21479910612106323,0.21528665721416473,0.21598967909812927,0.2423739731311798,0.2361138015985489,0.27563270926475525,0.2732689380645752,0.4186346232891083,0.42932069301605225,0.6471382975578308,0.6604525446891785,0.8448934555053711,0.8563403487205505,0.9130330681800842,0.921841025352478,0.9115120768547058,0.9182024598121643,0.8900304436683655,0.8977530002593994,0.8941085338592529,0.8914560079574585,1.2238293886184692,1.1684821844100952,1.5059162378311157,1.4859514236450195,1.5407906770706177,1.5308561325073242,1.6131131649017334,1.5922667980194092
0.38792768120765686,0.40520206093788147,0.41212931275367737,0.4134780466556549,0.4156290590763092,0.3981320261955261,0.4039912223815918,0.40793853998184204,0.41077515482902527,0.389477401971817,0.3966662883758545,0.401809960603714,0.40526607632637024,0.3848555386066437,0.3921530246734619,0.39744076132774353,0.4015275239944458,0.3833692669868469,0.3888345956802368,0.3937537372112274,0.3979957699775696,0.8594228625297546,0.8704642057418823,0.898601770401001,0.9256284832954407,0.9463091492652893,0.9242537021636963,0.9550212621688843,0.9729105830192566,0.9873813986778259,0.9251878261566162,0.9561216831207275,0.9752969741821289,0.9901672005653381,0.9233095049858093,0.951853334903717,0.9693882465362549,0.9828474521636963,0.9214010834693909,0.94577956199646,0.9598403573036194,0.9700441360473633,0.6039651036262512,0.5891120433807373,0.5843335390090942,0.5843701362609863,0.5826977491378784,0.5991085767745972,0.5931961536407471,0.5877463817596436,0.5834478735923767,0.6063610315322876,0.6000133752822876,0.5932163000106812,0.5872184634208679,0.6098337173461914,0.603987991809845,0.5979763269424438,0.5924850702285767,0.6106376647949219,0.6060590147972107,0.6013885140419006,0.5969660878181458,0.8432334065437317,0.8547128438949585,0.8811699748039246,0.9069021344184875,0.9270538091659546,0.9094020128250122,0.9421573877334595,0.9608396887779236,0.9753745198249817,0.9115765690803528,0.9432983994483948,0.960800051689148,0.9742148518562317,0.9106019735336304,0.9396418333053589,0.9560749530792236,0.9689125418663025,0.9086397290229797,0.9334850311279297,0.9477517604827881,0.958462119102478,0.49570852518081665,0.5063202977180481,0.5122736096382141,0.5188930630683899,0.4859759211540222,0.47981834411621094,0.47398290038108826,0.5283668041229248,0.4641376733779907,0.5090487599372864,0.4823497533798218,0.5793157815933228,0.4161563217639923,0.600812554359436,0.39544185996055603,0.604736328125,0.3934188783168793,0.6069700717926025,0.3914116621017456,0.5964033007621765,0.40452492237091064,0.5913639664649963,0.41102632880210876,0.5497961640357971,0.4486951231956482,0.5534887313842773,0.4437934160232544,0.5391362309455872,0.43601512908935547,0.5378345847129822,0.43555721640586853,0.5213836431503296,0.4487685263156891,0.24139825999736786,0.21827086806297302,0.2209181934595108,0.22343812882900238,0.21457771956920624,0.21510028839111328,0.2159731090068817,0.2423577457666397,0.23604319989681244,0.27480632066726685,0.27208462357521057,0.41868647933006287,0.42933329939842224,0.6471460461616516,0.6601855158805847,0.8448830246925354,0.8565969467163086,0.9123703837394714,0.9223392009735107,0.9111782908439636,0.9185267686843872,0.889953076839447,0.8979834318161011,0.9010220766067505,0.8992390036582947,1.2376561164855957,1.1778953075408936,1.522721529006958,1.503841519355774,1.5568645000457764,1.548654317855835,1.6317687034606934,1.6134079694747925
0.3889048099517822,0.4061448872089386,0.4128457009792328,0.41421160101890564,0.4165762960910797,0.3986656367778778,0.4051534831523895,0.4090176820755005,0.4115567207336426,0.39002761244773865,0.39774397015571594,0.40290799736976624,0.4060707688331604,0.38548147678375244,0.3928125500679016,0.398222953081131,0.40218088030815125,0.3840699791908264,0.3896217942237854,0.39479121565818787,0.3991491198539734,0.8592551350593567,0.8703719973564148,0.8981985449790955,0.9253345131874084,0.9463294744491577,0.9250083565711975,0.9557576775550842,0.973224401473999,0.9878463745117188,0.9261585474014282,0.9569498896598816,0.9760144352912903,0.9908186793327332,0.9237934947013855,0.9523228406906128,0.9693900942802429,0.9822493195533752,0.9213865995407104,0.945745050907135,0.9596264958381653,0.9694061279296875,0.6040014624595642,0.5883798599243164,0.5827481150627136,0.5821171402931213,0.5800087451934814,0.598233163356781,0.5921294689178467,0.5866262912750244,0.5823566913604736,0.6057630181312561,0.5987898111343384,0.5918159484863281,0.5857541561126709,0.6093058586120605,0.6026936173439026,0.5962461829185486,0.5903950929641724,0.6102179884910583,0.6050606966018677,0.600066602230072,0.595271646976471,0.8439663052558899,0.8550946116447449,0.880900502204895,0.9076359272003174,0.9287140369415283,0.9095929265022278,0.9433697462081909,0.9617531299591064,0.9759377837181091,0.9122577905654907,0.9450534582138062,0.9621379971504211,0.9750967621803284,0.9116417765617371,0.9416704177856445,0.9582542181015015,0.970899760723114,0.9100074768066406,0.9355461001396179,0.9501087069511414,0.9607409834861755,0.4956625699996948,0.5064623355865479,0.5124390721321106,0.5188862085342407,0.4859895706176758,0.47982004284858704,0.47398269176483154,0.528365433216095,0.4641856551170349,0.5090081691741943,0.4824018180370331,0.5793993473052979,0.41629981994628906,0.6007853746414185,0.39553603529930115,0.6045882105827332,0.39402151107788086,0.6067265868186951,0.3921266198158264,0.5955132246017456,0.4047642946243286,0.5907237529754639,0.4117019474506378,0.549795389175415,0.4488486349582672,0.5534846782684326,0.44401150941848755,0.5402957797050476,0.43622201681137085,0.539497435092926,0.43588319420814514,0.5218992829322815,0.44749706983566284,0.2410569041967392,0.21804000437259674,0.22075752913951874,0.22331658005714417,0.21436388790607452,0.2149260938167572,0.21593351662158966,0.24232392013072968,0.23598270118236542,0.27433541417121887,0.27141228318214417,0.4187318682670593,0.4292683005332947,0.6471860408782959,0.658761203289032,0.8451783657073975,0.8570531010627747,0.9123507738113403,0.9228161573410034,0.9111678600311279,0.9190589189529419,0.8900123834609985,0.8984944224357605,0.9000455141067505,0.898556649684906,1.2379180192947388,1.178788185119629,1.5276631116867065,1.5065958499908447,1.5624157190322876,1.5527143478393555,1.6388763189315796,1.616031289100647
0.3897583484649658,0.4071635603904724,0.41380202770233154,0.4151461124420166,0.41734665632247925,0.3992709219455719,0.40608757734298706,0.41009634733200073,0.4127426743507385,0.39057067036628723,0.39856579899787903,0.4037712514400482,0.406888484954834,0.38592588901519775,0.39340078830718994,0.398801326751709,0.4025992453098297,0.3843781054019928,0.3900202214717865,0.3952558934688568,0.399617999792099,0.8584122657775879,0.8706107139587402,0.8979577422142029,0.9246823191642761,0.9453524351119995,0.9244686961174011,0.9551266431808472,0.9724710583686829,0.9871468544006348,0.925708532333374,0.9569649696350098,0.9759619832038879,0.9910910129547119,0.9232845902442932,0.952426552772522,0.9699804782867432,0.9833871722221375,0.9205884337425232,0.9455186724662781,0.959847629070282,0.9700323343276978,0.6033086776733398,0.586898148059845,0.5808863639831543,0.5797048807144165,0.5765615701675415,0.5969321727752686,0.5913161039352417,0.586085855960846,0.5818126201629639,0.6053541898727417,0.5988587141036987,0.5919419527053833,0.5856629610061646,0.6095300912857056,0.6033936738967896,0.596941351890564,0.5908433794975281,0.6107044219970703,0.605681300163269,0.6005585193634033,0.5955260992050171,0.8429405689239502,0.855524480342865,0.882896900177002,0.9104845523834229,0.9311813712120056,0.9090749025344849,0.9436451196670532,0.9617932438850403,0.9754625558853149,0.9110076427459717,0.9446736574172974,0.9615572690963745,0.973884105682373,0.9096071124076843,0.9404703974723816,0.9570968151092529,0.9693360924720764,0.9075387120246887,0.9335747361183167,0.9481633901596069,0.9587603211402893,0.49565792083740234,0.5067939162254333,0.5126851797103882,0.5189125537872314,0.48607295751571655,0.4798479974269867,0.47402116656303406,0.5284060835838318,0.4642263650894165,0.5090010762214661,0.4824780225753784,0.5794010162353516,0.41653773188591003,0.6007277369499207,0.39586108922958374,0.6043908596038818,0.39472344517707825,0.6064860820770264,0.39262357354164124,0.5944784879684448,0.4053216576576233,0.5898624658584595,0.4128827750682831,0.5497733950614929,0.4489579200744629,0.5534561276435852,0.444124698638916,0.5406144261360168,0.43601730465888977,0.5400022268295288,0.4357694089412689,0.5220311880111694,0.4467945396900177,0.2406240999698639,0.21795088052749634,0.2207190841436386,0.22330135107040405,0.2141866236925125,0.21480269730091095,0.21589677035808563,0.24233749508857727,0.23598362505435944,0.27379897236824036,0.27068865299224854,0.4188828766345978,0.42911097407341003,0.6471327543258667,0.6580467820167542,0.8450577855110168,0.8572266697883606,0.9111664891242981,0.9231773614883423,0.9096809029579163,0.9192629456520081,0.8890531659126282,0.898600697517395,0.9004751443862915,0.8983704447746277,1.2339729070663452,1.1781967878341675,1.527416706085205,1.5068871974945068,1.5629867315292358,1.5530606508255005,1.6392627954483032,1.6163771152496338
0.3897151052951813,0.4074016213417053,0.4141319990158081,0.4152998626232147,0.4177990257740021,0.39977511763572693,0.40677839517593384,0.41073542833328247,0.41329875588417053,0.39070266485214233,0.3989807665348053,0.404250830411911,0.4071590006351471,0.385788232088089,0.3931483030319214,0.39845168590545654,0.40212497115135193,0.38389766216278076,0.3887194097042084,0.39344990253448486,0.39720243215560913,0.8577793836593628,0.8696985244750977,0.897121012210846,0.924383282661438,0.9453375935554504,0.9249424338340759,0.9557839632034302,0.9728116393089294,0.9874597787857056,0.92632657289505,0.9581165909767151,0.9772496223449707,0.9922733902931213,0.9234247803688049,0.9523688554763794,0.9698450565338135,0.9829997420310974,0.9200088977813721,0.9441680908203125,0.9577484130859375,0.9674564599990845,0.6033544540405273,0.5865170955657959,0.5800558924674988,0.5786346197128296,0.5752649903297424,0.5964835286140442,0.5911272764205933,0.5859526991844177,0.5816967487335205,0.6051056981086731,0.598883330821991,0.5920712351799011,0.5859205722808838,0.609447181224823,0.6036496758460999,0.5971990823745728,0.5911145210266113,0.6107771992683411,0.6060582399368286,0.6010048985481262,0.5960193276405334,0.8434273600578308,0.8564123511314392,0.8841527700424194,0.9117289781570435,0.9325991272926331,0.9099694490432739,0.9450536370277405,0.9629095792770386,0.9758323431015015,0.9118874669075012,0.9460842609405518,0.962449848651886,0.9735372066497803,0.9104771614074707,0.9415258765220642,0.9577879905700684,0.9692889451980591,0.9083536267280579,0.9343308210372925,0.9485477209091187,0.9587339162826538,0.49579760432243347,0.5075036287307739,0.513149082660675,0.5192601680755615,0.4863987863063812,0.4799622595310211,0.47418975830078125,0.5285167098045349,0.4642964005470276,0.5090435743331909,0.48259344696998596,0.5794069170951843,0.41664016246795654,0.6007250547409058,0.3964037597179413,0.6043262481689453,0.39532700181007385,0.606430172920227,0.39312422275543213,0.5940044522285461,0.40573346614837646,0.5894309282302856,0.41342487931251526,0.5497466921806335,0.4490320086479187,0.5532815456390381,0.44282856583595276,0.5406598448753357,0.4346450865268707,0.5401841998100281,0.4346402883529663,0.5218437910079956,0.4454626142978668,0.24045521020889282,0.2179507613182068,0.2207680493593216,0.2233753502368927,0.21393580734729767,0.21448807418346405,0.21566104888916016,0.24249674379825592,0.23579828441143036,0.2736198902130127,0.2702955901622772,0.4191528260707855,0.4290717840194702,0.6471920609474182,0.6579007506370544,0.8450379371643066,0.8575393557548523,0.9101967811584473,0.9239365458488464,0.908623456954956,0.9195535182952881,0.8884308934211731,0.8986111879348755,0.9018200635910034,0.9001232385635376,1.2353795766830444,1.1789380311965942,1.5308005809783936,1.5098429918289185,1.5657826662063599,1.5559319257736206,1.644105076789856,1.6206998825073242
0.38967394828796387,0.40755000710487366,0.4143177270889282,0.4154510498046875,0.4179013669490814,0.3999570608139038,0.4067281186580658,0.41058915853500366,0.4132367670536041,0.3910579979419708,0.3989817798137665,0.4043121635913849,0.40731891989707947,0.3860200345516205,0.39302149415016174,0.39849838614463806,0.40240275859832764,0.3837692439556122,0.38801974058151245,0.3928235173225403,0.3968888223171234,0.8577413558959961,0.8696800470352173,0.8969754576683044,0.9247690439224243,0.9456799626350403,0.9245028495788574,0.9564240574836731,0.9733307957649231,0.9877572059631348,0.9263232350349426,0.9589070081710815,0.9777037501335144,0.9922817349433899,0.9238506555557251,0.9534781575202942,0.9704383611679077,0.9826852083206177,0.9204064607620239,0.9449864029884338,0.958385169506073,0.9673917293548584,0.6035419702529907,0.5867698788642883,0.5803202390670776,0.5786535739898682,0.5752811431884766,0.5968210697174072,0.5911003947257996,0.5858175158500671,0.5814047455787659,0.6055049896240234,0.5989617705345154,0.5919955372810364,0.5857120752334595,0.6099016666412354,0.6039212942123413,0.597222089767456,0.591026246547699,0.6112651228904724,0.6066694259643555,0.601444661617279,0.5962892770767212,0.8432722091674805,0.8561294674873352,0.883673906326294,0.9121319055557251,0.9337533712387085,0.9095776677131653,0.9455109238624573,0.9631960988044739,0.9759705066680908,0.9115298390388489,0.9468680620193481,0.9632006287574768,0.9739841818809509,0.909862756729126,0.9415243268013,0.957373321056366,0.968111515045166,0.9074205160140991,0.9340084195137024,0.9480921030044556,0.9578079581260681,0.495895653963089,0.508053719997406,0.5134910941123962,0.5195016264915466,0.4866490662097931,0.4800504446029663,0.47432824969291687,0.5286139845848083,0.46441176533699036,0.5090875029563904,0.48264220356941223,0.57940673828125,0.4167051613330841,0.6007213592529297,0.39667844772338867,0.604297399520874,0.39564839005470276,0.606427788734436,0.3935522139072418,0.5938864946365356,0.4061041474342346,0.5892466306686401,0.4139082729816437,0.5497788786888123,0.44924890995025635,0.5542176365852356,0.44286924600601196,0.5430992841720581,0.43485334515571594,0.5428693890571594,0.4347952902317047,0.5241896510124207,0.44569042325019836,0.24033838510513306,0.21803610026836395,0.220897376537323,0.22349813580513,0.21389929950237274,0.2144288420677185,0.2156093418598175,0.2427702099084854,0.235713928937912,0.2733820974826813,0.269917756319046,0.4191698729991913,0.4290243089199066,0.6471892595291138,0.657905101776123,0.84503573179245,0.8577260971069336,0.9097165465354919,0.9243718385696411,0.9082085490226746,0.919601559638977,0.8881760239601135,0.8985766172409058,0.9004803895950317,0.8991267085075378,1.232118010520935,1.1780500411987305,1.5273715257644653,1.5093432664871216,1.562457799911499,1.55514395236969,1.640434980392456,1.6221622228622437
0.38914817571640015,0.40698567032814026,0.41383254528045654,0.4153518080711365,0.41808322072029114,0.39973101019859314,0.40658098459243774,0.4105471670627594,0.4132995903491974,0.39078256487846375,0.3989402949810028,0.4041888117790222,0.40717098116874695,0.3856755793094635,0.3928883373737335,0.39819851517677307,0.40200674533843994,0.38334158062934875,0.38769927620887756,0.39215466380119324,0.39584606885910034,0.857065737247467,0.8694029450416565,0.8973384499549866,0.9252293109893799,0.9462304711341858,0.925180196762085,0.9566999077796936,0.9734464883804321,0.9878237247467041,0.9269183278083801,0.9592344164848328,0.9779767394065857,0.9928263425827026,0.9241272211074829,0.9534083008766174,0.9706630110740662,0.9835041165351868,0.9203740358352661,0.9447816014289856,0.9582395553588867,0.9675804376602173,0.603532612323761,0.5870069861412048,0.5806846022605896,0.5789102911949158,0.5755741596221924,0.5972099900245667,0.5916366577148438,0.5864140391349792,0.5820075273513794,0.6059984564781189,0.5995158553123474,0.5924646258354187,0.586169421672821,0.6104922890663147,0.6045436263084412,0.5978494882583618,0.5917653441429138,0.6118752956390381,0.6073164343833923,0.6020268797874451,0.5968246459960938,0.8426392674446106,0.8560219407081604,0.8839502930641174,0.9126164317131042,0.9345523715019226,0.9099327325820923,0.9462894797325134,0.9638448357582092,0.9763960242271423,0.9115650653839111,0.9476260542869568,0.9634703993797302,0.973244845867157,0.9095973968505859,0.9415575265884399,0.9566511511802673,0.9664672017097473,0.9067403674125671,0.9335294961929321,0.9470655918121338,0.9558201432228088,0.49619260430336,0.5086907148361206,0.5138573050498962,0.519824743270874,0.4871627688407898,0.4802888035774231,0.47464802861213684,0.5287314653396606,0.46457988023757935,0.5092245936393738,0.48278290033340454,0.5793763995170593,0.41670963168144226,0.6007134914398193,0.3967258632183075,0.6042819619178772,0.39573046565055847,0.6064282655715942,0.3936910033226013,0.5938568711280823,0.4061756730079651,0.5891832709312439,0.41401490569114685,0.549790620803833,0.44964802265167236,0.554229199886322,0.4431559145450592,0.5432587265968323,0.4349737763404846,0.543085515499115,0.43486765027046204,0.5243192315101624,0.4457628130912781,0.2402440905570984,0.21812736988067627,0.2210201919078827,0.22360172867774963,0.2138497680425644,0.21434791386127472,0.21550323069095612,0.24307020008563995,0.2355942577123642,0.2732290029525757,0.269558310508728,0.41918709874153137,0.4289211630821228,0.6471889615058899,0.6578917503356934,0.8448073267936707,0.8579038977622986,0.9088878631591797,0.9245420694351196,0.9076907634735107,0.9196205735206604,0.8877406716346741,0.8985707759857178,0.8997340202331543,0.8988630175590515,1.2308787107467651,1.177825689315796,1.5286078453063965,1.5079445838928223,1.5633476972579956,1.5527913570404053,1.6436920166015625,1.6215028762817383
0.38877183198928833,0.40664660930633545,0.41372597217559814,0.4153800308704376,0.4182465970516205,0.3995460271835327,0.40657374262809753,0.4105018079280853,0.41309216618537903,0.39037060737609863,0.398827463388443,0.4042675793170929,0.4072225093841553,0.38515931367874146,0.39243990182876587,0.3980187773704529,0.4018554985523224,0.38275638222694397,0.38707759976387024,0.391751766204834,0.39547544717788696,0.856511116027832,0.8693791031837463,0.8972660303115845,0.9254911541938782,0.9468790888786316,0.9247888922691345,0.9572811126708984,0.9740761518478394,0.9883372783660889,0.9263882040977478,0.9596444964408875,0.9781934022903442,0.9926106333732605,0.9233381748199463,0.9533668756484985,0.9701675176620483,0.9822204113006592,0.9194309115409851,0.9445629119873047,0.9581066966056824,0.967115581035614,0.6039100885391235,0.587195873260498,0.5810941457748413,0.5792449116706848,0.5756422877311707,0.5977568626403809,0.5918839573860168,0.5866856575012207,0.5824363231658936,0.6066269278526306,0.6000551581382751,0.5931032299995422,0.5870503783226013,0.611221194267273,0.6055004000663757,0.599007785320282,0.5932185053825378,0.6126883029937744,0.608525276184082,0.6033997535705566,0.5984069108963013,0.8417488932609558,0.8567380905151367,0.8853707313537598,0.914106547832489,0.9359577894210815,0.9108944535255432,0.9470645189285278,0.9640350937843323,0.9762261509895325,0.9119784832000732,0.9480312466621399,0.9636988639831543,0.9732746481895447,0.9092299938201904,0.9408503770828247,0.9558862447738647,0.9655836224555969,0.9055454134941101,0.9319013357162476,0.945118248462677,0.9535788893699646,0.49633127450942993,0.5089333057403564,0.5139967203140259,0.5198830366134644,0.48732203245162964,0.48035186529159546,0.47473666071891785,0.5287580490112305,0.4646364152431488,0.5093308687210083,0.4829256236553192,0.5793679356575012,0.4167203903198242,0.6007007360458374,0.39673152565956116,0.6042712926864624,0.39573806524276733,0.6064769625663757,0.39369064569473267,0.5938237309455872,0.4061799943447113,0.589102566242218,0.4140531122684479,0.5497428774833679,0.44965285062789917,0.5543447732925415,0.44359394907951355,0.5432718396186829,0.4350750744342804,0.5430567264556885,0.4349757134914398,0.5254004597663879,0.4459196925163269,0.2402021586894989,0.21818096935749054,0.22104045748710632,0.22360080480575562,0.21386601030826569,0.2143818736076355,0.215526282787323,0.2430657297372818,0.23558983206748962,0.273007869720459,0.2693312466144562,0.41918808221817017,0.4286860227584839,0.6471579670906067,0.6577230095863342,0.8448047041893005,0.8579138517379761,0.9086854457855225,0.9245192408561707,0.9076631665229797,0.9195669889450073,0.887719988822937,0.8984847068786621,0.899379551410675,0.8986210227012634,1.2294634580612183,1.1775776147842407,1.527235984802246,1.5053380727767944,1.5626566410064697,1.5503324270248413,1.6410588026046753,1.6177518367767334
0.3884492814540863,0.4061933159828186,0.41338902711868286,0.4152161777019501,0.41835299134254456,0.3993944227695465,0.406538188457489,0.4105174243450165,0.4132172465324402,0.39036476612091064,0.3989243805408478,0.4044507145881653,0.4075845777988434,0.38518914580345154,0.39259544014930725,0.3980906307697296,0.4021020531654358,0.3827015161514282,0.3868953585624695,0.39146316051483154,0.395291268825531,0.8560798168182373,0.8687893152236938,0.8968912363052368,0.9255334734916687,0.946877121925354,0.9247327446937561,0.9573102593421936,0.9738513231277466,0.9878762364387512,0.926729679107666,0.9597660899162292,0.9781811237335205,0.9924384355545044,0.9242163896560669,0.9539954662322998,0.9709028005599976,0.9831404089927673,0.9205689430236816,0.9450015425682068,0.958207368850708,0.9670498967170715,0.604293167591095,0.5877724289894104,0.5817731022834778,0.5799313187599182,0.5764497518539429,0.598554790019989,0.5927467346191406,0.5875217318534851,0.5833142399787903,0.607244074344635,0.6007233262062073,0.5939045548439026,0.5879546403884888,0.611816942691803,0.6060118079185486,0.5995538830757141,0.5937742590904236,0.61334228515625,0.6089213490486145,0.6036649346351624,0.5985750555992126,0.8423246145248413,0.858056366443634,0.8862639665603638,0.9150579571723938,0.9365229606628418,0.9113030433654785,0.9466703534126282,0.9637395739555359,0.9762609004974365,0.9127237200737,0.9474872946739197,0.9633952975273132,0.9741862416267395,0.9105446338653564,0.9414545297622681,0.9565834999084473,0.9666607975959778,0.9076169729232788,0.9336467385292053,0.9470049142837524,0.9557325839996338,0.49639609456062317,0.5090353488922119,0.5140684247016907,0.5198836922645569,0.48741719126701355,0.4804028868675232,0.4747867286205292,0.5287603735923767,0.4646829664707184,0.509361982345581,0.48303768038749695,0.5793752074241638,0.416757732629776,0.6007254123687744,0.3967224657535553,0.6042746305465698,0.3957403302192688,0.6066064834594727,0.39372292160987854,0.5938225388526917,0.40621647238731384,0.5890964269638062,0.4140794575214386,0.5496901273727417,0.44964462518692017,0.5545991659164429,0.44362884759902954,0.5433993935585022,0.4350247085094452,0.5431729555130005,0.4349946975708008,0.5253912806510925,0.4457727372646332,0.24019663035869598,0.21839706599712372,0.22115755081176758,0.2236236184835434,0.21411222219467163,0.21468409895896912,0.21574826538562775,0.24309006333351135,0.2357041835784912,0.2729102671146393,0.26927122473716736,0.4191941022872925,0.4285271167755127,0.6471539735794067,0.6575185060501099,0.8447998762130737,0.8580714464187622,0.9084805250167847,0.9246097803115845,0.9075870513916016,0.9196216464042664,0.8876669406890869,0.8985077738761902,0.900590181350708,0.8999374508857727,1.2330063581466675,1.1805521249771118,1.5329278707504272,1.5123449563980103,1.5682790279388428,1.5584408044815063,1.6469428539276123,1.6233245134353638
0.38851600885391235,0.40628233551979065,0.41346994042396545,0.41541600227355957,0.4186977744102478,0.39919066429138184,0.40652191638946533,0.4104716181755066,0.41300925612449646,0.3898218274116516,0.3984905779361725,0.4042189419269562,0.4073253273963928,0.3845584988594055,0.3919139504432678,0.39765292406082153,0.4016483724117279,0.3822169601917267,0.38658180832862854,0.39152151346206665,0.3955557942390442,0.8554975390434265,0.8689015507698059,0.8971900939941406,0.9257280230522156,0.9476528763771057,0.9248773455619812,0.9577584862709045,0.9741214513778687,0.9878669381141663,0.9262993335723877,0.95997554063797,0.9778319001197815,0.9913064241409302,0.9229877591133118,0.9535714983940125,0.970115065574646,0.9816402196884155,0.9187037348747253,0.9443221092224121,0.9580212831497192,0.9668440222740173,0.6047056317329407,0.5881373286247253,0.5821961164474487,0.5804216861724854,0.5769625902175903,0.5991259217262268,0.5931463837623596,0.587942898273468,0.5837433934211731,0.607817530632019,0.601270854473114,0.5944865942001343,0.588627815246582,0.6122618913650513,0.6066661477088928,0.6003401279449463,0.5947085022926331,0.6137148141860962,0.6096302270889282,0.6046023964881897,0.5996822118759155,0.8432522416114807,0.8582268357276917,0.8863465785980225,0.9152024984359741,0.9367002844810486,0.9114601612091064,0.9473451972007751,0.9645916819572449,0.9771978259086609,0.9127054810523987,0.9482680559158325,0.9638711214065552,0.97383713722229,0.9101706147193909,0.9417688846588135,0.957198977470398,0.9672663807868958,0.9069118499755859,0.933458685874939,0.9470895528793335,0.9560279846191406,0.49639999866485596,0.5090359449386597,0.5140866637229919,0.5198569893836975,0.48742014169692993,0.4804081916809082,0.4747908413410187,0.5287099480628967,0.4646896421909332,0.5093638896942139,0.4831053614616394,0.5793764591217041,0.41679298877716064,0.6008123159408569,0.3967095613479614,0.6043359041213989,0.39573967456817627,0.6068952083587646,0.39374735951423645,0.5938579440116882,0.4063214361667633,0.5891023278236389,0.41420507431030273,0.5496448874473572,0.4496346414089203,0.5546525716781616,0.4437008798122406,0.5441935658454895,0.43505457043647766,0.5441275238990784,0.43501725792884827,0.5258561372756958,0.4469755291938782,0.2401924431324005,0.21861116588115692,0.22125288844108582,0.22363650798797607,0.21454285085201263,0.21520768105983734,0.21615372598171234,0.2430979460477829,0.23597319424152374,0.2728004455566406,0.2692277133464813,0.4191933274269104,0.428404837846756,0.6471263766288757,0.6572864055633545,0.8447456955909729,0.8582490086555481,0.9080997109413147,0.9247223138809204,0.9072933197021484,0.9197568893432617,0.8874884247779846,0.8986390233039856,0.9013655781745911,0.900519073009491,1.2330131530761719,1.1802260875701904,1.535233497619629,1.5131804943084717,1.5702316761016846,1.558827519416809,1.6504091024398804,1.6253490447998047
0.3887627422809601,0.4065189063549042,0.41378045082092285,0.41577959060668945,0.4189435839653015,0.39943501353263855,0.40659990906715393,0.4104235768318176,0.4128374755382538,0.38995853066444397,0.3983781933784485,0.4039802551269531,0.4070195257663727,0.3845200538635254,0.3914954960346222,0.39750632643699646,0.4017200469970703,0.38197025656700134,0.38608694076538086,0.3913414776325226,0.3957063555717468,0.8558140993118286,0.8696455359458923,0.8975375890731812,0.9260871410369873,0.9477508664131165,0.9245678782463074,0.9576846957206726,0.9739737510681152,0.9879060983657837,0.9262665510177612,0.9604348540306091,0.9781202673912048,0.9916909337043762,0.9229919910430908,0.9540271759033203,0.9697800874710083,0.9804761409759521,0.9186638593673706,0.9446578025817871,0.9579346179962158,0.966235876083374,0.6053314805030823,0.588607132434845,0.5826793313026428,0.5810096263885498,0.5777143239974976,0.5995555520057678,0.5940830707550049,0.5889893174171448,0.5848469734191895,0.6084706783294678,0.602336049079895,0.5956712365150452,0.5898494720458984,0.6131963133811951,0.6078959703445435,0.601743757724762,0.5961747765541077,0.6148895621299744,0.6109094023704529,0.6059486269950867,0.6010586023330688,0.8434082269668579,0.8586000204086304,0.8866177797317505,0.9153253436088562,0.9369044899940491,0.9116376638412476,0.9474225640296936,0.9646087884902954,0.9771354794502258,0.9125846028327942,0.9478782415390015,0.9637826085090637,0.9741990566253662,0.9098693132400513,0.9411392211914062,0.9563944339752197,0.9664405584335327,0.9065874814987183,0.9329395890235901,0.9465553760528564,0.9554692506790161,0.4963984489440918,0.5090166926383972,0.5140914916992188,0.519802987575531,0.48742198944091797,0.48041337728500366,0.4747947156429291,0.5286896228790283,0.46470269560813904,0.5093650221824646,0.48318469524383545,0.5793798565864563,0.41681644320487976,0.6008874177932739,0.39658743143081665,0.6044613718986511,0.39570626616477966,0.6073228716850281,0.3937102258205414,0.5939791202545166,0.40637779235839844,0.589137852191925,0.41430673003196716,0.549618661403656,0.4495276212692261,0.555084764957428,0.4446121156215668,0.5450718402862549,0.4360051453113556,0.5449049472808838,0.43602901697158813,0.527208685874939,0.4478338062763214,0.24018746614456177,0.2187081128358841,0.22127485275268555,0.22362300753593445,0.21484148502349854,0.215578094124794,0.2164519876241684,0.24302738904953003,0.2361905872821808,0.27266666293144226,0.2690916061401367,0.4192028343677521,0.4283207058906555,0.6471285820007324,0.657316267490387,0.8446454405784607,0.8585856556892395,0.9078247547149658,0.9249695539474487,0.906884491443634,0.9198755621910095,0.8871212601661682,0.8987640142440796,0.9011075496673584,0.9002836346626282,1.2322603464126587,1.1800410747528076,1.535422921180725,1.5117578506469727,1.5719518661499023,1.5578304529190063,1.6481107473373413,1.6226497888565063
0.38927656412124634,0.4072311222553253,0.41435688734054565,0.4161774218082428,0.4194152057170868,0.39959168434143066,0.4068428874015808,0.41077107191085815,0.4132445156574249,0.3899969756603241,0.3984241187572479,0.40414610505104065,0.40725865960121155,0.3845745027065277,0.3914882242679596,0.3974955379962921,0.40170326828956604,0.3821473717689514,0.3861037492752075,0.3912130892276764,0.3954928517341614,0.8563898205757141,0.870710551738739,0.8983739614486694,0.9270176887512207,0.9485615491867065,0.9247115850448608,0.9583271741867065,0.9745157957077026,0.9882318377494812,0.9262485504150391,0.9609293341636658,0.9782891273498535,0.9912416338920593,0.9228736162185669,0.9542104601860046,0.9697946906089783,0.9800780415534973,0.9185023903846741,0.9444917440414429,0.9578591585159302,0.9660723209381104,0.6061059832572937,0.5896955132484436,0.5833753943443298,0.5817163586616516,0.5784453749656677,0.6004562973976135,0.5947681665420532,0.5895788669586182,0.5853844881057739,0.6090816855430603,0.6024484634399414,0.5955603122711182,0.589522123336792,0.6134203672409058,0.6074966192245483,0.6010133028030396,0.5951418280601501,0.614805281162262,0.6103874444961548,0.605213463306427,0.600160539150238,0.8438272476196289,0.8585975766181946,0.8866288661956787,0.9152083992958069,0.9367511868476868,0.911833643913269,0.9475730657577515,0.964896559715271,0.9776880741119385,0.913495659828186,0.9487289190292358,0.9645301103591919,0.9749737977981567,0.9114986658096313,0.9429420232772827,0.9585122466087341,0.9688014984130859,0.9087927937507629,0.9352291822433472,0.9490002989768982,0.9581974744796753,0.49637553095817566,0.5089525580406189,0.5140941739082336,0.5197156071662903,0.4873802363872528,0.48039668798446655,0.4747680127620697,0.528687059879303,0.46471044421195984,0.5093649625778198,0.48324155807495117,0.579377293586731,0.416841059923172,0.6009578108787537,0.39653292298316956,0.6045396327972412,0.39570391178131104,0.6075832843780518,0.3936935365200043,0.5941302180290222,0.4064955711364746,0.5892305970191956,0.4144822657108307,0.5496248006820679,0.44946610927581787,0.5551382303237915,0.44464319944381714,0.5455577373504639,0.4363594055175781,0.5453705191612244,0.43653398752212524,0.5281050205230713,0.44853895902633667,0.24015943706035614,0.21873559057712555,0.22127270698547363,0.2235250473022461,0.2151390165090561,0.21598337590694427,0.21681006252765656,0.24285003542900085,0.23644393682479858,0.27252861857414246,0.26894763112068176,0.41918477416038513,0.4281870424747467,0.6471279859542847,0.6573386788368225,0.8446098566055298,0.8589717745780945,0.9077501893043518,0.9253461360931396,0.906869113445282,0.9199749231338501,0.8871137499809265,0.8988226652145386,0.9009415507316589,0.9001638293266296,1.2320597171783447,1.1801642179489136,1.535561203956604,1.5131330490112305,1.572037696838379,1.5589745044708252,1.648409366607666,1.6251702308654785
0.3893736004829407,0.4073469936847687,0.41444265842437744,0.41615378856658936,0.41931939125061035,0.39990997314453125,0.40712445974349976,0.4109238088130951,0.41330090165138245,0.390438050031662,0.3985970616340637,0.4041386544704437,0.40725815296173096,0.38500893115997314,0.3916356861591339,0.39748889207839966,0.40167632699012756,0.38248082995414734,0.38620784878730774,0.3912246823310852,0.39545947313308716,0.8561294078826904,0.8702675700187683,0.8986724615097046,0.9276252388954163,0.9486680626869202,0.9247975945472717,0.9586668610572815,0.9747515916824341,0.9883550405502319,0.926659345626831,0.9612700343132019,0.978439211845398,0.9912707805633545,0.9237388372421265,0.954529345035553,0.9696153998374939,0.9794295430183411,0.9197866916656494,0.9451565146446228,0.9581836462020874,0.9660127758979797,0.605785071849823,0.5894343256950378,0.5833559036254883,0.5817374587059021,0.5784565210342407,0.6005821824073792,0.5952396392822266,0.5902503132820129,0.586148738861084,0.609318733215332,0.6031571626663208,0.5964759588241577,0.5904914140701294,0.6139224171638489,0.6085407733917236,0.6023205518722534,0.5965954661369324,0.6154962182044983,0.6114233732223511,0.6063963174819946,0.6013962030410767,0.8433504700660706,0.8592808842658997,0.8877037763595581,0.9162598252296448,0.9377294778823853,0.912391722202301,0.9476678967475891,0.9647197723388672,0.9773470163345337,0.913466215133667,0.9482093453407288,0.9641962051391602,0.9750251770019531,0.9109617471694946,0.9417623281478882,0.9569371938705444,0.9671275615692139,0.9077686071395874,0.9336908459663391,0.9471327066421509,0.9561067819595337,0.496335506439209,0.5088794231414795,0.5140950679779053,0.5196139812469482,0.48733600974082947,0.48037829995155334,0.4747413098812103,0.5286376476287842,0.46471717953681946,0.5093618035316467,0.48328033089637756,0.5793713927268982,0.41687142848968506,0.6009711623191833,0.39641183614730835,0.6045824885368347,0.39569589495658875,0.607917845249176,0.3935781717300415,0.594287633895874,0.4065004587173462,0.5893127918243408,0.4145249128341675,0.5494996905326843,0.4491134285926819,0.5549576878547668,0.4445473253726959,0.5456616282463074,0.43632593750953674,0.5455590486526489,0.436493456363678,0.5282019376754761,0.44854483008384705,0.24010854959487915,0.2187425196170807,0.22126246988773346,0.2234254628419876,0.21528497338294983,0.21619537472724915,0.2170150876045227,0.2426457405090332,0.236652210354805,0.2723597586154938,0.26880714297294617,0.41919150948524475,0.42816805839538574,0.647128701210022,0.657365083694458,0.844613254070282,0.8590061664581299,0.9077481031417847,0.9253758192062378,0.9069176316261292,0.9199690818786621,0.8872048258781433,0.8987597227096558,0.9008903503417969,0.9001007676124573,1.233042597770691,1.1811788082122803,1.5365005731582642,1.5152641534805298,1.5727044343948364,1.5613327026367188,1.6496120691299438,1.6265816688537598
0.3893781304359436,0.4073505997657776,0.41455337405204773,0.41627249121665955,0.41950732469558716,0.4001597464084625,0.4074258506298065,0.411305695772171,0.41384804248809814,0.39083606004714966,0.39886119961738586,0.4042981266975403,0.40744927525520325,0.385405957698822,0.3919042646884918,0.397965669631958,0.40243270993232727,0.3827802836894989,0.3864707052707672,0.39162677526474,0.3961201608181,0.856440544128418,0.8704709410667419,0.8988881707191467,0.9279929399490356,0.9490221738815308,0.9246176481246948,0.9584569334983826,0.9746493101119995,0.9884153008460999,0.9270403981208801,0.9615708589553833,0.9787957072257996,0.9917595982551575,0.9247150421142578,0.9554168581962585,0.9697721600532532,0.9790219068527222,0.9212708473205566,0.9463040828704834,0.9587591886520386,0.9662365317344666,0.606109082698822,0.5895028114318848,0.5833975076675415,0.581901490688324,0.5787053108215332,0.6007989048957825,0.5951521992683411,0.5901965498924255,0.5862529277801514,0.6095510125160217,0.6030042767524719,0.5961704850196838,0.5902047753334045,0.614035427570343,0.6083481311798096,0.601913571357727,0.5962243676185608,0.6155235171318054,0.6113939881324768,0.6063060760498047,0.601423442363739,0.8438670635223389,0.8592840433120728,0.8877394199371338,0.9163463711738586,0.9378439784049988,0.9125730991363525,0.9483574628829956,0.9655207991600037,0.9782904982566833,0.9139719009399414,0.9492863416671753,0.9649383425712585,0.9750853776931763,0.911681592464447,0.942840039730072,0.9577677845954895,0.9675585031509399,0.9086068868637085,0.9347615838050842,0.947921633720398,0.9564409255981445,0.49632227420806885,0.5088661909103394,0.5141014456748962,0.5195918679237366,0.48730140924453735,0.4803575873374939,0.4747086763381958,0.5286247134208679,0.4647218585014343,0.5093622803688049,0.48331040143966675,0.5793679356575012,0.41687947511672974,0.6009972095489502,0.3963261544704437,0.6046093702316284,0.39568185806274414,0.6080816984176636,0.39337605237960815,0.594385027885437,0.4065031409263611,0.5893557071685791,0.41455116868019104,0.5493793487548828,0.4487448036670685,0.5549724698066711,0.444557249546051,0.5462580323219299,0.43728500604629517,0.5464614033699036,0.4379745125770569,0.5283787250518799,0.4494275450706482,0.24007652699947357,0.21876974403858185,0.2212637960910797,0.2233797311782837,0.21543815732002258,0.21638181805610657,0.21718746423721313,0.24253539741039276,0.23680725693702698,0.2722356915473938,0.26869910955429077,0.4191891849040985,0.4281580150127411,0.6471021175384521,0.6574864983558655,0.8446139693260193,0.8590198755264282,0.9077454209327698,0.9253849387168884,0.9069762825965881,0.9198620319366455,0.8873066902160645,0.8985002040863037,0.901125967502594,0.9001384973526001,1.2332183122634888,1.1813336610794067,1.5363976955413818,1.5166715383529663,1.5722177028656006,1.5624594688415527,1.649793028831482,1.6290315389633179
0.3894656002521515,0.40767863392829895,0.4149039685726166,0.41652554273605347,0.4196566045284271,0.4000808000564575,0.40739694237709045,0.41154932975769043,0.4143514335155487,0.3906620144844055,0.39880234003067017,0.40445175766944885,0.40768659114837646,0.3852284848690033,0.39162522554397583,0.3978671729564667,0.4024081826210022,0.38270440697669983,0.38627803325653076,0.3914708197116852,0.3959355652332306,0.8561018109321594,0.8699488043785095,0.8983243703842163,0.9277562499046326,0.9491885304450989,0.9243147373199463,0.9586257338523865,0.9747479557991028,0.9884020686149597,0.9266205430030823,0.9619259834289551,0.9792513847351074,0.9921896457672119,0.9240134358406067,0.9553914070129395,0.9691893458366394,0.9778149724006653,0.9203770160675049,0.9459832906723022,0.9585060477256775,0.9657485485076904,0.6061689853668213,0.5895196795463562,0.5832711458206177,0.5819061994552612,0.5786574482917786,0.6005978584289551,0.5951578617095947,0.5902360677719116,0.5863455533981323,0.6094427108764648,0.6030716896057129,0.596310019493103,0.5904155373573303,0.6140415668487549,0.6085702180862427,0.6023002862930298,0.59665846824646,0.6156503558158875,0.6117284297943115,0.6067665815353394,0.6018722653388977,0.843573272228241,0.8590558767318726,0.8877410888671875,0.9166746139526367,0.9382721185684204,0.9127030968666077,0.9484499096870422,0.9654452800750732,0.9781096577644348,0.9136981964111328,0.9489020705223083,0.9647464752197266,0.9752715826034546,0.9108989834785461,0.9418501257896423,0.957094669342041,0.967199981212616,0.9074327945709229,0.9336118102073669,0.947074294090271,0.9557949900627136,0.49632468819618225,0.5088631510734558,0.5141099095344543,0.519580066204071,0.48730185627937317,0.4803605079650879,0.47471362352371216,0.5286199450492859,0.4647389054298401,0.5093664526939392,0.48343172669410706,0.5793542265892029,0.4169105887413025,0.6010205745697021,0.3963060975074768,0.6046558022499084,0.39569342136383057,0.6082137227058411,0.3933528661727905,0.5945090055465698,0.4065138101577759,0.5894553065299988,0.41461181640625,0.5493140816688538,0.44861680269241333,0.554820716381073,0.44418779015541077,0.5461193919181824,0.437292218208313,0.5462511777877808,0.4380101263523102,0.5283539295196533,0.44940173625946045,0.2400577962398529,0.21878772974014282,0.22126401960849762,0.22334374487400055,0.2155398279428482,0.21650615334510803,0.21729207038879395,0.24240513145923615,0.2368423193693161,0.27213335037231445,0.26861000061035156,0.41920340061187744,0.4281501770019531,0.6470865607261658,0.6576029062271118,0.8446108102798462,0.8591140508651733,0.9077422022819519,0.9254399538040161,0.9070186018943787,0.9198668003082275,0.8873571753501892,0.8984932899475098,0.9015864133834839,0.9002786874771118,1.234825611114502,1.182578444480896,1.5379900932312012,1.5188761949539185,1.5741746425628662,1.565331220626831,1.6510764360427856,1.630579948425293
0.38973188400268555,0.40801408886909485,0.415004163980484,0.416588693857193,0.4195939600467682,0.40008166432380676,0.40741705894470215,0.4115329682826996,0.41422975063323975,0.390627384185791,0.39867091178894043,0.404465913772583,0.40784981846809387,0.3852127492427826,0.3917851150035858,0.398201048374176,0.4027947783470154,0.3827611207962036,0.3865486681461334,0.39198094606399536,0.3966127634048462,0.855934202671051,0.870255172252655,0.8987630605697632,0.9280052185058594,0.9492894411087036,0.9247358441352844,0.9587198495864868,0.9748047590255737,0.9885716438293457,0.9269081354141235,0.9618123173713684,0.9790263772010803,0.9920316338539124,0.9242905974388123,0.9555037617683411,0.9698970317840576,0.9790664911270142,0.9206604957580566,0.9463891983032227,0.9590728282928467,0.9664363265037537,0.6057880520820618,0.5890118479728699,0.5827857851982117,0.581683337688446,0.5784900188446045,0.6000288724899292,0.594747006893158,0.589923620223999,0.586036741733551,0.6091760396957397,0.6030916571617126,0.5963355302810669,0.5904098153114319,0.6140245795249939,0.6088370680809021,0.6026286482810974,0.5969591736793518,0.6158079504966736,0.6119444370269775,0.6070071458816528,0.6020967364311218,0.8435230851173401,0.8594133257865906,0.8876001834869385,0.9165685772895813,0.9382500648498535,0.9121245741844177,0.9480726718902588,0.96537184715271,0.9782872796058655,0.9128758311271667,0.9481062293052673,0.9637994766235352,0.9739166498184204,0.9097690582275391,0.9404727220535278,0.955640435218811,0.9653937220573425,0.906178891658783,0.9321050643920898,0.9454922080039978,0.953995943069458,0.4963293969631195,0.5088604092597961,0.5141206979751587,0.5195728540420532,0.4872971773147583,0.4803600609302521,0.4747123420238495,0.528617799282074,0.46474358439445496,0.5093716382980347,0.4834838807582855,0.579306960105896,0.4169185757637024,0.6010269522666931,0.3962869644165039,0.6046779155731201,0.39571598172187805,0.6082692742347717,0.3933573067188263,0.5946118235588074,0.40662142634391785,0.5895508527755737,0.4147544801235199,0.5490138530731201,0.44841712713241577,0.5541821122169495,0.444000244140625,0.5459010601043701,0.43729591369628906,0.5460508465766907,0.4380110800266266,0.5282827019691467,0.44947725534439087,0.24004928767681122,0.2188294231891632,0.22126831114292145,0.2233271449804306,0.2156524509191513,0.21663051843643188,0.21738721430301666,0.24235443770885468,0.2368774563074112,0.27209633588790894,0.2685716152191162,0.41921475529670715,0.4281404912471771,0.6469714045524597,0.6576403379440308,0.8445634841918945,0.8593940734863281,0.9075600504875183,0.9255398511886597,0.9069979190826416,0.9199058413505554,0.8873509764671326,0.8985257744789124,0.9019204378128052,0.9002717137336731,1.234904408454895,1.1826077699661255,1.5376356840133667,1.5197471380233765,1.5735487937927246,1.5658681392669678,1.6508913040161133,1.6324548721313477
0.38978368043899536,0.40777158737182617,0.4148441553115845,0.41650721430778503,0.4195218086242676,0.40016645193099976,0.4073587954044342,0.4114115834236145,0.41414549946784973,0.3908132016658783,0.3987084925174713,0.40435054898262024,0.40779560804367065,0.3854585886001587,0.3919999599456787,0.39814770221710205,0.4026983678340912,0.3830198645591736,0.386736661195755,0.3920436203479767,0.3966570794582367,0.8558605313301086,0.870365560054779,0.8988078832626343,0.928023636341095,0.9491828083992004,0.9247325658798218,0.9587449431419373,0.9747495651245117,0.9885277152061462,0.9269827604293823,0.9615582823753357,0.9786824584007263,0.9916279315948486,0.9245654344558716,0.955531656742096,0.9704697132110596,0.9801012277603149,0.921161949634552,0.9466551542282104,0.9594465494155884,0.9669658541679382,0.6053510308265686,0.5887040495872498,0.5826206803321838,0.5817676186561584,0.5786706209182739,0.5998258590698242,0.5945207476615906,0.5894771814346313,0.5853656530380249,0.6090205907821655,0.6029313206672668,0.5961308479309082,0.5900321006774902,0.6138239502906799,0.6085109114646912,0.6022424101829529,0.5963160395622253,0.6155379414558411,0.611487090587616,0.606407880783081,0.6012558341026306,0.844066321849823,0.860411524772644,0.8882439136505127,0.916779637336731,0.9381856322288513,0.91324383020401,0.9487734436988831,0.9659179449081421,0.9785647392272949,0.9131985306739807,0.9482071995735168,0.9639051556587219,0.97386234998703,0.909406840801239,0.9401978254318237,0.9558976292610168,0.9660112261772156,0.9051271677017212,0.9312669634819031,0.9449422359466553,0.9536927938461304,0.49635612964630127,0.5088595747947693,0.5141351819038391,0.5195691585540771,0.4873020350933075,0.4803675711154938,0.4747195541858673,0.5286029577255249,0.4647526741027832,0.509390652179718,0.4836011230945587,0.5792730450630188,0.41693782806396484,0.6010501980781555,0.3962858319282532,0.6046991944313049,0.39580586552619934,0.6082947850227356,0.39337193965911865,0.5946245193481445,0.40678104758262634,0.5895732641220093,0.41496071219444275,0.5489933490753174,0.4484201967716217,0.5538811087608337,0.44411468505859375,0.5454873442649841,0.437459260225296,0.545458197593689,0.4380877614021301,0.5282506346702576,0.45007532835006714,0.24007658660411835,0.21891236305236816,0.22129741311073303,0.2233237326145172,0.21580207347869873,0.216779887676239,0.2174987643957138,0.24234376847743988,0.23689930140972137,0.2720840573310852,0.26856207847595215,0.41921648383140564,0.4280513525009155,0.6469523310661316,0.6576449871063232,0.8445528149604797,0.8594937920570374,0.9073947668075562,0.9255829453468323,0.9068832993507385,0.9199324250221252,0.8872702121734619,0.8985401391983032,0.9019097089767456,0.9002339243888855,1.23484206199646,1.1825389862060547,1.5382047891616821,1.519465684890747,1.5744894742965698,1.5656447410583496,1.6513886451721191,1.631791114807129
0.38976073265075684,0.407709538936615,0.41479092836380005,0.4164482653141022,0.41938847303390503,0.4002036154270172,0.4072950482368469,0.4114012122154236,0.41419926285743713,0.39090481400489807,0.3987501561641693,0.4044278860092163,0.40782779455184937,0.3855542838573456,0.3920479416847229,0.39829400181770325,0.40282759070396423,0.3831256031990051,0.38704240322113037,0.3923593759536743,0.3968861997127533,0.8567942380905151,0.8711927533149719,0.8991053104400635,0.9280897378921509,0.9493630528450012,0.9251002669334412,0.9586871862411499,0.9747748374938965,0.9884954690933228,0.9273800253868103,0.9617444276809692,0.9788486957550049,0.9919546842575073,0.9250072240829468,0.9558732509613037,0.9707318544387817,0.9803844690322876,0.9215483069419861,0.9469695687294006,0.9595901966094971,0.9670966267585754,0.6052702069282532,0.5888543725013733,0.5827773809432983,0.5816740393638611,0.5784841775894165,0.5997228026390076,0.5941665172576904,0.5890859961509705,0.5850371718406677,0.608783483505249,0.6025113463401794,0.5956871509552002,0.5896264314651489,0.6135962009429932,0.6080019474029541,0.6017798185348511,0.5959688425064087,0.6152019500732422,0.6109904646873474,0.6059533357620239,0.6009482145309448,0.8447180390357971,0.8604074120521545,0.888417661190033,0.9170159697532654,0.9384598731994629,0.9140105843544006,0.9496962428092957,0.9664939045906067,0.9788320064544678,0.9138433337211609,0.9489105939865112,0.9640825986862183,0.9736778736114502,0.9102253317832947,0.9409099817276001,0.9561246037483215,0.966211199760437,0.9061577320098877,0.9322062134742737,0.9454858303070068,0.9540196657180786,0.49636518955230713,0.5088587999343872,0.5141522288322449,0.5195662379264832,0.48731058835983276,0.48038002848625183,0.47473928332328796,0.5286020040512085,0.4647742509841919,0.5093948245048523,0.48365557193756104,0.5792712569236755,0.4169829785823822,0.6011258363723755,0.3962947428226471,0.6047181487083435,0.3958418071269989,0.6083115339279175,0.3933749794960022,0.5946337580680847,0.40682369470596313,0.5895795226097107,0.4150038957595825,0.5489884614944458,0.44846856594085693,0.5538086295127869,0.44427141547203064,0.545447587966919,0.4378485083580017,0.5453757047653198,0.4384492039680481,0.5282520651817322,0.4506091773509979,0.24031637609004974,0.21909864246845245,0.2213977873325348,0.22334595024585724,0.2160130739212036,0.21695390343666077,0.21761374175548553,0.2423393577337265,0.23690655827522278,0.2721307873725891,0.2685917317867279,0.419207364320755,0.4280078113079071,0.6469520330429077,0.6576428413391113,0.8446225523948669,0.8596208691596985,0.9074162840843201,0.9256975650787354,0.9069437384605408,0.9199829697608948,0.8873469829559326,0.8985689878463745,0.9018757939338684,0.9002020955085754,1.2347253561019897,1.1827576160430908,1.5379014015197754,1.5216187238693237,1.574286699295044,1.5686736106872559,1.6509631872177124,1.6333072185516357
0.3895265460014343,0.40747904777526855,0.41466617584228516,0.4165136218070984,0.41952216625213623,0.4000150263309479,0.4070938229560852,0.4112774133682251,0.41421592235565186,0.3907496929168701,0.39860695600509644,0.40432795882225037,0.40781843662261963,0.3854793906211853,0.3918968141078949,0.3982042670249939,0.402876079082489,0.38317954540252686,0.3871540427207947,0.3926011323928833,0.39724820852279663,0.8570974469184875,0.8713000416755676,0.8992026448249817,0.928276777267456,0.9496864676475525,0.9250028133392334,0.9586390256881714,0.974672794342041,0.9884500503540039,0.9274318814277649,0.9617566466331482,0.979051947593689,0.9921114444732666,0.9250826835632324,0.9558343291282654,0.970325231552124,0.9795023202896118,0.9217389225959778,0.9469160437583923,0.9594929814338684,0.9668403267860413,0.604934573173523,0.5888147354125977,0.5827449560165405,0.5815944671630859,0.5784287452697754,0.5994850993156433,0.5939463376998901,0.5889089703559875,0.5848630666732788,0.6083992719650269,0.6021291613578796,0.595330536365509,0.5892695784568787,0.6131298542022705,0.6076319813728333,0.6012925505638123,0.5953622460365295,0.6147947311401367,0.6106963157653809,0.6055986881256104,0.6004995107650757,0.8450602889060974,0.8606247901916504,0.8885518908500671,0.9172332286834717,0.9387783408164978,0.9136611223220825,0.9496116042137146,0.9665672779083252,0.9791078567504883,0.9139322638511658,0.9492727518081665,0.9647425413131714,0.974719226360321,0.9106985926628113,0.9417107105255127,0.9571082592010498,0.9673378467559814,0.9069559574127197,0.9332044124603271,0.9465880990028381,0.9552305340766907,0.49636945128440857,0.5088602900505066,0.51417076587677,0.5195630192756653,0.4873243570327759,0.48039510846138,0.4747597873210907,0.5286033153533936,0.46479952335357666,0.5093961358070374,0.4836651682853699,0.5792510509490967,0.41703417897224426,0.6011562347412109,0.3963073790073395,0.6047240495681763,0.39590612053871155,0.6083184480667114,0.3933829963207245,0.5946406126022339,0.40689483284950256,0.5895850658416748,0.4151065945625305,0.5489693880081177,0.4484753906726837,0.5538063049316406,0.44444236159324646,0.5456278324127197,0.43786659836769104,0.5456547141075134,0.43846094608306885,0.5283263921737671,0.45060816407203674,0.24072079360485077,0.21933582425117493,0.2215583175420761,0.22341693937778473,0.2162269949913025,0.21711446344852448,0.21770820021629333,0.24236811697483063,0.23690997064113617,0.27231767773628235,0.2686680257320404,0.41920796036720276,0.42798617482185364,0.6469588279724121,0.657702624797821,0.8447316884994507,0.8597933650016785,0.9074336886405945,0.9258166551589966,0.9069742560386658,0.9200706481933594,0.8874067664146423,0.8986920118331909,0.9018893241882324,0.9001758098602295,1.2347790002822876,1.1827584505081177,1.5380357503890991,1.5211708545684814,1.5743447542190552,1.5681053400039673,1.6511253118515015,1.63273024559021
0.38951194286346436,0.40751951932907104,0.4147258698940277,0.41659533977508545,0.41960152983665466,0.39995846152305603,0.40708982944488525,0.4112899601459503,0.4142199158668518,0.3905637562274933,0.3984288275241852,0.4042176604270935,0.4077364504337311,0.38524094223976135,0.39163532853126526,0.3980609178543091,0.40278077125549316,0.38298672437667847,0.38713541626930237,0.3927326202392578,0.397497296333313,0.857022762298584,0.8712373971939087,0.8991591930389404,0.9281967878341675,0.9497745037078857,0.9247900247573853,0.9585851430892944,0.9747474193572998,0.9884829521179199,0.9269928336143494,0.9617400765419006,0.9790377616882324,0.9919917583465576,0.9244482517242432,0.9556649923324585,0.9701468348503113,0.9792123436927795,0.9210137724876404,0.9466941952705383,0.9594964385032654,0.9669451713562012,0.6056636571884155,0.5892050266265869,0.5829834342002869,0.5816606283187866,0.5784563422203064,0.5997099876403809,0.5939777493476868,0.5888470411300659,0.5847642421722412,0.6084758043289185,0.6022397875785828,0.5954194068908691,0.5894359946250916,0.6131209135055542,0.607684314250946,0.6013381481170654,0.5955216288566589,0.6147457957267761,0.6106889247894287,0.6056026220321655,0.6005445122718811,0.844617486000061,0.8589977025985718,0.8878422379493713,0.9166907072067261,0.9383698105812073,0.9139014482498169,0.9493705034255981,0.9664613604545593,0.9790608882904053,0.9144339561462402,0.9491071105003357,0.9646384716033936,0.9749634861946106,0.9113808870315552,0.941961407661438,0.9573068022727966,0.9678272604942322,0.9077031016349792,0.9336249232292175,0.9471374750137329,0.9561082720756531,0.4963831901550293,0.5088762044906616,0.5141991376876831,0.5195683836936951,0.4873427152633667,0.4804181158542633,0.4748018980026245,0.5286258459091187,0.46485668420791626,0.5094088315963745,0.48370370268821716,0.57924884557724,0.4170607030391693,0.601196825504303,0.39630699157714844,0.6047270894050598,0.39594367146492004,0.6083195209503174,0.39338305592536926,0.594646692276001,0.40692073106765747,0.5895957946777344,0.41514185070991516,0.5489438772201538,0.44846388697624207,0.553630530834198,0.44455763697624207,0.5455855131149292,0.4384523034095764,0.5455637574195862,0.43915367126464844,0.5284337401390076,0.450812429189682,0.24100318551063538,0.21948571503162384,0.2216535061597824,0.22345496714115143,0.21640217304229736,0.2172573357820511,0.21779237687587738,0.24240288138389587,0.23690193891525269,0.27252304553985596,0.26874732971191406,0.41924813389778137,0.42797520756721497,0.6469611525535583,0.6577209830284119,0.8448006510734558,0.859856128692627,0.9074570536613464,0.9258317351341248,0.9070327281951904,0.9201057553291321,0.8874796628952026,0.8987222909927368,0.9018753170967102,0.9001356959342957,1.2349450588226318,1.1828737258911133,1.5387375354766846,1.5210554599761963,1.5754718780517578,1.5681555271148682,1.6517409086227417,1.6323124170303345
0.3896303176879883,0.40752390027046204,0.41464748978614807,0.41662129759788513,0.4196862280368805,0.39993149042129517,0.40710845589637756,0.41130244731903076,0.41413044929504395,0.39045265316963196,0.39846646785736084,0.40424463152885437,0.4076867401599884,0.3850744366645813,0.39149683713912964,0.39785802364349365,0.4025472104549408,0.38273149728775024,0.3866385817527771,0.3920970857143402,0.3967984914779663,0.856639564037323,0.8712432384490967,0.8994336724281311,0.9284434914588928,0.9498447775840759,0.9246996641159058,0.958636999130249,0.9746817350387573,0.9883219003677368,0.926671028137207,0.9614461064338684,0.9787086844444275,0.9915786981582642,0.923893928527832,0.9552305936813354,0.9697100520133972,0.9786612391471863,0.9201969504356384,0.9460015892982483,0.9589401483535767,0.9663594961166382,0.6056528091430664,0.5892249345779419,0.5828537940979004,0.5815083384513855,0.5782918334007263,0.5996512770652771,0.5939015746116638,0.5889158844947815,0.5848920345306396,0.608484148979187,0.602106511592865,0.5954276323318481,0.5895266532897949,0.6131659746170044,0.6075754761695862,0.6013997793197632,0.5957458019256592,0.6148114204406738,0.6106516122817993,0.6056635975837708,0.6007290482521057,0.8448770046234131,0.8596175312995911,0.8881855010986328,0.9170688390731812,0.9385875463485718,0.9135757088661194,0.9493144750595093,0.9663305282592773,0.978787362575531,0.9142338633537292,0.9493560791015625,0.9647091031074524,0.9745246767997742,0.911344587802887,0.9422146081924438,0.9573275446891785,0.9674650430679321,0.9078679084777832,0.9337852001190186,0.9470486640930176,0.9558284282684326,0.49640074372291565,0.5089182257652283,0.5142405033111572,0.5195921063423157,0.4873714745044708,0.480446994304657,0.4748483896255493,0.5286384224891663,0.464900404214859,0.5094176530838013,0.48373377323150635,0.5792378187179565,0.4170888066291809,0.6012659668922424,0.3963063657283783,0.6047341227531433,0.3959541916847229,0.6083236336708069,0.3933717906475067,0.5946564078330994,0.4069277346134186,0.5896075963973999,0.4151572585105896,0.5489204525947571,0.44846203923225403,0.5536297559738159,0.44468241930007935,0.5456386804580688,0.43845483660697937,0.5456269383430481,0.4391534924507141,0.5285423994064331,0.4507966935634613,0.24123603105545044,0.21966344118118286,0.22178064286708832,0.22353236377239227,0.2165338546037674,0.21734417974948883,0.21782754361629486,0.242473766207695,0.23687931895256042,0.27268537878990173,0.2687947750091553,0.41923898458480835,0.42795443534851074,0.6469600200653076,0.6577267646789551,0.8448518514633179,0.8599143624305725,0.9074726700782776,0.9259007573127747,0.9070839881896973,0.9202296137809753,0.887539267539978,0.8988317251205444,0.9017961621284485,0.9000309109687805,1.234905481338501,1.1828235387802124,1.5386061668395996,1.520837426185608,1.57526433467865,1.5678831338882446,1.6517268419265747,1.6320093870162964
0.3898390531539917,0.4077765643596649,0.41488370299339294,0.41667431592941284,0.41977226734161377,0.4000314474105835,0.4072027802467346,0.41130682826042175,0.41408753395080566,0.3904950022697449,0.39859339594841003,0.40432536602020264,0.40775132179260254,0.38504865765571594,0.39163246750831604,0.3977879285812378,0.4023856818675995,0.38256892561912537,0.38635677099227905,0.3916119635105133,0.39619240164756775,0.8563244342803955,0.8709308505058289,0.8993447422981262,0.9283626675605774,0.9496816992759705,0.9250101447105408,0.9590703845024109,0.9749796390533447,0.9883662462234497,0.926830530166626,0.9616133570671082,0.9786731004714966,0.9911930561065674,0.9241006374359131,0.9552602767944336,0.9700363874435425,0.9792633056640625,0.9204871654510498,0.9461043477058411,0.9589871168136597,0.9664192795753479,0.6056204438209534,0.589219331741333,0.5828195810317993,0.5814142227172852,0.5782003998756409,0.5995764136314392,0.5939505696296692,0.5889164805412292,0.584830105304718,0.6084287166595459,0.6021658778190613,0.5954558253288269,0.5895641446113586,0.6131258010864258,0.6077136993408203,0.6014905571937561,0.5957992672920227,0.6147887110710144,0.6108132600784302,0.6058218479156494,0.6008421182632446,0.8444785475730896,0.8593444228172302,0.8880664706230164,0.9168827533721924,0.9385573863983154,0.9132518768310547,0.949134349822998,0.9663389921188354,0.9789961576461792,0.9139609336853027,0.9490781426429749,0.9644930362701416,0.974197268486023,0.9110499620437622,0.9419872760772705,0.9571985602378845,0.9672893285751343,0.9076563119888306,0.9337635040283203,0.9472299814224243,0.956121027469635,0.4964025616645813,0.5089424848556519,0.514275312423706,0.5196103453636169,0.48738208413124084,0.4804586172103882,0.4748631417751312,0.5286441445350647,0.4649063050746918,0.5094196796417236,0.4837484359741211,0.579200804233551,0.41713747382164,0.6013362407684326,0.3963272273540497,0.6047450304031372,0.3959863483905792,0.6083263158798218,0.3933704197406769,0.5946614146232605,0.4069460928440094,0.5896128416061401,0.41519492864608765,0.5489137768745422,0.4484754502773285,0.5535943508148193,0.44453468918800354,0.545203447341919,0.4385513365268707,0.545083224773407,0.43936505913734436,0.5281046628952026,0.45079609751701355,0.24135075509548187,0.2197742462158203,0.22187671065330505,0.2235972285270691,0.21660535037517548,0.2173839509487152,0.2178380936384201,0.24256430566310883,0.23683063685894012,0.2728250324726105,0.268814355134964,0.41923758387565613,0.42794138193130493,0.6469601392745972,0.6577627062797546,0.8448522686958313,0.859950065612793,0.9074668288230896,0.9259296655654907,0.9070876240730286,0.9202890992164612,0.8875413537025452,0.8989012837409973,0.9017327427864075,0.8999501466751099,1.2348567247390747,1.1828045845031738,1.5384788513183594,1.521104335784912,1.5751034021377563,1.5681244134902954,1.6516025066375732,1.6323151588439941
0.3899306654930115,0.40785813331604004,0.41498035192489624,0.4165746569633484,0.41990891098976135,0.4002329409122467,0.4073159992694855,0.4112730920314789,0.413987398147583,0.3906751275062561,0.39856696128845215,0.40428924560546875,0.4077857434749603,0.3852074444293976,0.3915831446647644,0.39756467938423157,0.40209314227104187,0.3827454447746277,0.3863906264305115,0.39147818088531494,0.39595165848731995,0.8560919761657715,0.8706522583961487,0.8987904787063599,0.928001880645752,0.9494373798370361,0.9251266717910767,0.9593753814697266,0.9752818942070007,0.9885727763175964,0.9269551038742065,0.961895227432251,0.9786896109580994,0.9907630681991577,0.9242489337921143,0.9555075764656067,0.9700556993484497,0.9788532853126526,0.9205079674720764,0.9460926651954651,0.9589626789093018,0.9662261605262756,0.605575442314148,0.5891217589378357,0.5828132033348083,0.5814307928085327,0.5781341791152954,0.5997210144996643,0.5939491987228394,0.5888720750808716,0.5847547650337219,0.6084993481636047,0.602152407169342,0.5953993201255798,0.5895061492919922,0.6131431460380554,0.6076399683952332,0.6013715863227844,0.5957419276237488,0.6147538423538208,0.6106899380683899,0.6056656837463379,0.6007404327392578,0.8444061875343323,0.85941082239151,0.8881881833076477,0.9171451330184937,0.9387684464454651,0.9134756326675415,0.9493896961212158,0.9664860367774963,0.9790850877761841,0.9143065810203552,0.9493363499641418,0.9645870327949524,0.9741716384887695,0.9114714860916138,0.9422479867935181,0.9571912884712219,0.9670253992080688,0.9081522822380066,0.9341181516647339,0.9472581744194031,0.9559188485145569,0.4964059293270111,0.5089636445045471,0.5143120884895325,0.5196443200111389,0.48740777373313904,0.4804845452308655,0.47489434480667114,0.5286849737167358,0.46491357684135437,0.5094213485717773,0.48375892639160156,0.5791441798210144,0.4171643853187561,0.6013641357421875,0.39635369181632996,0.604758620262146,0.3960219919681549,0.6083287000656128,0.3933696150779724,0.5946683883666992,0.40696045756340027,0.5896356105804443,0.41522204875946045,0.5488734841346741,0.44847571849823,0.5524179935455322,0.44426214694976807,0.5442200303077698,0.4382106065750122,0.5439502000808716,0.4389580190181732,0.5278463363647461,0.45020347833633423,0.24148650467395782,0.21987269818782806,0.22197267413139343,0.22366827726364136,0.21665817499160767,0.2174123376607895,0.217848539352417,0.24271361529827118,0.23681703209877014,0.27307456731796265,0.26889240741729736,0.4192471504211426,0.42793846130371094,0.6469635367393494,0.6579051613807678,0.8448741436004639,0.8600391745567322,0.9074400663375854,0.926087498664856,0.9070670008659363,0.9204590320587158,0.8875370621681213,0.8990087509155273,0.901712954044342,0.899931013584137,1.2352914810180664,1.1833009719848633,1.5383776426315308,1.5226503610610962,1.5749651193618774,1.5699398517608643,1.6515014171600342,1.6337676048278809
0.39020010828971863,0.40789690613746643,0.41494619846343994,0.4165782630443573,0.42006170749664307,0.4005992114543915,0.4075780212879181,0.41133925318717957,0.41385409235954285,0.3909674882888794,0.3987240791320801,0.40425699949264526,0.4075048267841339,0.38532373309135437,0.39133352041244507,0.39736002683639526,0.4019232988357544,0.3826819360256195,0.3861238658428192,0.3912218511104584,0.3957307040691376,0.855771541595459,0.8706996440887451,0.8988604545593262,0.9281219840049744,0.9495804309844971,0.9249319434165955,0.9595840573310852,0.9753774404525757,0.9885318279266357,0.9266182780265808,0.9620731472969055,0.9790904521942139,0.9911388754844666,0.923585057258606,0.9549846053123474,0.9688360095024109,0.9767493009567261,0.9193600416183472,0.9449416399002075,0.9577843546867371,0.9647718667984009,0.6055692434310913,0.5892104506492615,0.5829413533210754,0.5814621448516846,0.5781089663505554,0.5998011231422424,0.5938878059387207,0.5887885093688965,0.5846783518791199,0.6086779832839966,0.6022643446922302,0.595492422580719,0.5895681381225586,0.6133729815483093,0.6077972650527954,0.601512610912323,0.5958627462387085,0.6149634718894958,0.6108007431030273,0.605749249458313,0.6007835268974304,0.8439357280731201,0.8590219616889954,0.8876910209655762,0.9167836308479309,0.9386388659477234,0.9132978916168213,0.9492559432983398,0.9664629101753235,0.9792306423187256,0.9141178727149963,0.9491043090820312,0.9644508957862854,0.9740501642227173,0.91120445728302,0.9418801069259644,0.9568377733230591,0.9667026400566101,0.9077484011650085,0.9336277842521667,0.946760356426239,0.9553828835487366,0.49640682339668274,0.5089930295944214,0.5143473148345947,0.5196887850761414,0.4874126613140106,0.4804879426956177,0.47489991784095764,0.5287521481513977,0.4649196267127991,0.5094254612922668,0.4837682545185089,0.5791345238685608,0.41718679666519165,0.6013961434364319,0.39635929465293884,0.6047759652137756,0.3960570693016052,0.6083322763442993,0.3933676779270172,0.594675600528717,0.4069913625717163,0.5896505117416382,0.41528594493865967,0.5488630533218384,0.4484763443470001,0.5523865222930908,0.4442405104637146,0.5441954731941223,0.43868932127952576,0.5438889861106873,0.43945667147636414,0.5280697345733643,0.4512477517127991,0.24153518676757812,0.2198878675699234,0.2219872921705246,0.22367256879806519,0.21667256951332092,0.2174246460199356,0.21786217391490936,0.24274992942810059,0.23679448664188385,0.27318331599235535,0.26890701055526733,0.4192507863044739,0.4279318153858185,0.6469590067863464,0.6580511927604675,0.8449046611785889,0.860054612159729,0.9074395895004272,0.9261892437934875,0.9070680141448975,0.9205787181854248,0.8875391483306885,0.8990758061408997,0.9016935229301453,0.8999050855636597,1.2359353303909302,1.1844191551208496,1.538422703742981,1.5243597030639648,1.574921727180481,1.5715062618255615,1.6515450477600098,1.6354100704193115
0.3902278244495392,0.40802979469299316,0.4150671362876892,0.41670382022857666,0.41995057463645935,0.4005160629749298,0.40757468342781067,0.4114364683628082,0.41401320695877075,0.39081332087516785,0.3986268639564514,0.40429890155792236,0.40770143270492554,0.38517528772354126,0.39133933186531067,0.3975318372249603,0.40219351649284363,0.3826170265674591,0.3862346410751343,0.39150601625442505,0.396119087934494,0.8557984828948975,0.8708566427230835,0.8989779353141785,0.9282492399215698,0.949698805809021,0.9246529936790466,0.9593560099601746,0.9753589630126953,0.9887351393699646,0.9265801906585693,0.9619957208633423,0.9790637493133545,0.9912778735160828,0.9237961173057556,0.9553372263908386,0.969182014465332,0.9771004915237427,0.9198111891746521,0.945486843585968,0.9582518935203552,0.9651635885238647,0.6058740615844727,0.5893188118934631,0.582968533039093,0.5815743803977966,0.5781825184822083,0.599882960319519,0.5939555764198303,0.5888011455535889,0.5846908688545227,0.6087304353713989,0.6022186875343323,0.5953747034072876,0.5894033908843994,0.6133695840835571,0.6076333522796631,0.6012519598007202,0.5955286026000977,0.6149419546127319,0.6106634736061096,0.6055266261100769,0.600517749786377,0.843859851360321,0.8589532375335693,0.8876352906227112,0.9168447256088257,0.9387962222099304,0.9134582281112671,0.949481189250946,0.9666368365287781,0.9793447852134705,0.9144114255905151,0.9495640993118286,0.9649295806884766,0.9745590686798096,0.9116591215133667,0.9424843192100525,0.9574856758117676,0.9673940539360046,0.9083394408226013,0.9342759847640991,0.9474097490310669,0.9560776948928833,0.4964121878147125,0.5090252161026001,0.5143836140632629,0.5197428464889526,0.4874262809753418,0.48049601912498474,0.47490695118904114,0.5289010405540466,0.46492820978164673,0.509431004524231,0.48377686738967896,0.5791301727294922,0.41722992062568665,0.6014129519462585,0.3963717222213745,0.6047926545143127,0.39610567688941956,0.6083328127861023,0.3933664560317993,0.5946806073188782,0.4070364236831665,0.5896700024604797,0.41536808013916016,0.5488565564155579,0.448477178812027,0.5523717999458313,0.4439636170864105,0.5442373752593994,0.4385417699813843,0.5440235137939453,0.4393281042575836,0.5279878973960876,0.4512259364128113,0.24154026806354523,0.21990790963172913,0.22199971973896027,0.22367437183856964,0.21668937802314758,0.21743693947792053,0.2178678959608078,0.24279390275478363,0.2367744892835617,0.2732572555541992,0.26891887187957764,0.4192506670951843,0.4279116094112396,0.6469303369522095,0.6580604314804077,0.8449427485466003,0.860114336013794,0.907443106174469,0.9262486696243286,0.907073974609375,0.9207576513290405,0.8875531554222107,0.8992589712142944,0.901703417301178,0.8999388813972473,1.2365301847457886,1.184583067893982,1.5390127897262573,1.5243998765945435,1.575224757194519,1.5713491439819336,1.6526472568511963,1.6361607313156128
0.3903404772281647,0.40805572271347046,0.4150606393814087,0.4167007803916931,0.4198992848396301,0.40058156847953796,0.4075241684913635,0.41137292981147766,0.4140009582042694,0.3908903896808624,0.3986141085624695,0.4042496681213379,0.40764376521110535,0.385227233171463,0.3912365138530731,0.3974148631095886,0.40209829807281494,0.38262319564819336,0.3861439526081085,0.3913836181163788,0.39597323536872864,0.8553954362869263,0.8705278635025024,0.8987368941307068,0.92805016040802,0.9496038556098938,0.9246003031730652,0.9593269228935242,0.9753980040550232,0.9888044595718384,0.9264180064201355,0.9619730114936829,0.9791041612625122,0.991283655166626,0.9235168099403381,0.9550067186355591,0.96883225440979,0.9767048954963684,0.9194325804710388,0.9450984597206116,0.9579151272773743,0.9648640751838684,0.6058337092399597,0.5893338322639465,0.5828863382339478,0.5814298391342163,0.5782028436660767,0.5998682379722595,0.5940015912055969,0.588880717754364,0.584758460521698,0.6087309718132019,0.6022042632102966,0.5953349471092224,0.5893024206161499,0.6133891940116882,0.607582688331604,0.6011941432952881,0.5954520106315613,0.6149657964706421,0.6105834245681763,0.6053857207298279,0.6003310084342957,0.8436040878295898,0.8589121103286743,0.8875897526741028,0.9166911840438843,0.9386041164398193,0.9131297469139099,0.9492881298065186,0.9665547609329224,0.9793732166290283,0.9141806960105896,0.9495055675506592,0.9650112390518188,0.9747793078422546,0.9115486741065979,0.9425529837608337,0.9575480222702026,0.9674052000045776,0.9083938598632812,0.934372067451477,0.947537899017334,0.9562180042266846,0.4964127838611603,0.5090276598930359,0.5143936276435852,0.5197502374649048,0.48742926120758057,0.4804999530315399,0.47491133213043213,0.528954267501831,0.4649333357810974,0.509431779384613,0.4837835729122162,0.5791261792182922,0.4173208475112915,0.6014214754104614,0.3964013159275055,0.604810357093811,0.3961487412452698,0.6083356142044067,0.3933691382408142,0.5946851968765259,0.4070616364479065,0.5896810293197632,0.41540655493736267,0.5488514304161072,0.4484839141368866,0.5519267916679382,0.44332221150398254,0.5434496402740479,0.4383485019207001,0.5432966947555542,0.43915513157844543,0.5265810489654541,0.4511483311653137,0.24154524505138397,0.21992464363574982,0.22201012074947357,0.22366836667060852,0.21670407056808472,0.2174481898546219,0.2178722321987152,0.24280945956707,0.23676395416259766,0.2733117640018463,0.26892825961112976,0.4192526340484619,0.4279038906097412,0.6469208598136902,0.6580686569213867,0.844944417476654,0.8601410984992981,0.9073781371116638,0.9262646436691284,0.9070367217063904,0.92079758644104,0.8875323534011841,0.8992694020271301,0.9017024636268616,0.8999431729316711,1.2370259761810303,1.184370756149292,1.539520502090454,1.524283528327942,1.575677514076233,1.5711908340454102,1.652777910232544,1.6361167430877686
0.39036592841148376,0.40811148285865784,0.415063738822937,0.4167177081108093,0.41997939348220825,0.40065616369247437,0.4075576961040497,0.4114361107349396,0.4141165018081665,0.39093366265296936,0.39864087104797363,0.4043024182319641,0.4077804684638977,0.3852306008338928,0.3912249505519867,0.3973672389984131,0.4020610749721527,0.38258808851242065,0.3860335946083069,0.3912089765071869,0.3957737386226654,0.8550114035606384,0.8704746961593628,0.8990885615348816,0.9284100532531738,0.9498114585876465,0.9245753884315491,0.9592444896697998,0.9752647280693054,0.9886434078216553,0.9263681769371033,0.9618875980377197,0.9790002107620239,0.9911878108978271,0.9234074354171753,0.9549934267997742,0.9688191413879395,0.9767239689826965,0.9191725254058838,0.9448363184928894,0.9577218890190125,0.9647543430328369,0.6057879328727722,0.5892758965492249,0.5828982591629028,0.5814388990402222,0.5781975388526917,0.5997573733329773,0.5939621329307556,0.5888724327087402,0.5847835540771484,0.6086440682411194,0.6021605730056763,0.5953679084777832,0.5893892645835876,0.6133735179901123,0.6076450943946838,0.6013516783714294,0.5956514477729797,0.6150277853012085,0.6107174754142761,0.6056129932403564,0.600633442401886,0.8436152935028076,0.8592454195022583,0.8879472613334656,0.9168857932090759,0.938689112663269,0.9134320616722107,0.9493348598480225,0.9664861559867859,0.9792535901069641,0.9142985939979553,0.9493913054466248,0.9648398756980896,0.9745699167251587,0.9114521145820618,0.9422624707221985,0.9572519063949585,0.9671216607093811,0.908111035823822,0.9340051412582397,0.9471628665924072,0.9558609127998352,0.4964093267917633,0.5090299248695374,0.514404296875,0.5197626948356628,0.48743465542793274,0.48050636053085327,0.4749169945716858,0.5290147066116333,0.46494391560554504,0.5094261765480042,0.4837896525859833,0.5791235566139221,0.4173599183559418,0.6014397740364075,0.39641812443733215,0.6048209071159363,0.39617106318473816,0.6083359122276306,0.3933700919151306,0.5946910381317139,0.407100111246109,0.5896857380867004,0.4154583215713501,0.5488451719284058,0.44851070642471313,0.551913857460022,0.44268614053726196,0.5433751940727234,0.43792837858200073,0.5432477593421936,0.43878042697906494,0.5262605547904968,0.4508775472640991,0.24152176082134247,0.2199237048625946,0.22201007604599,0.22365137934684753,0.21669255197048187,0.21743008494377136,0.217840313911438,0.24282537400722504,0.23671507835388184,0.2733244001865387,0.26891523599624634,0.41924265027046204,0.4278854429721832,0.6469029188156128,0.6580625176429749,0.844987154006958,0.860163152217865,0.9073773622512817,0.9262776970863342,0.9070441722869873,0.92084139585495,0.8875475525856018,0.8992906808853149,0.901756227016449,0.9000122547149658,1.2370613813400269,1.18443763256073,1.5397497415542603,1.5242619514465332,1.5758544206619263,1.5710676908493042,1.6531004905700684,1.636352777481079
0.39040258526802063,0.4080978035926819,0.4150494635105133,0.4167291224002838,0.42005428671836853,0.4006383717060089,0.40761324763298035,0.41149044036865234,0.4141353666782379,0.39089420437812805,0.3986763656139374,0.40433812141418457,0.40776798129081726,0.3851851522922516,0.3912041485309601,0.3974003791809082,0.40211859345436096,0.38254305720329285,0.38601893186569214,0.39118313789367676,0.3957275450229645,0.8550827503204346,0.8705422878265381,0.8989647030830383,0.92823326587677,0.9497354626655579,0.9246380925178528,0.9593890309333801,0.9753451943397522,0.9886775612831116,0.9263830780982971,0.9621022939682007,0.9791812896728516,0.991359293460846,0.9233372211456299,0.9550656080245972,0.9687573909759521,0.9765550494194031,0.9190342426300049,0.944801926612854,0.9576171040534973,0.9646338820457458,0.6057711839675903,0.5891594290733337,0.5828560590744019,0.5814639925956726,0.5782256126403809,0.599783718585968,0.5939592719078064,0.5888285636901855,0.5846892595291138,0.6086626648902893,0.6021509766578674,0.5953273177146912,0.5893662571907043,0.6133649945259094,0.6076309084892273,0.6013236045837402,0.5956575870513916,0.6149828433990479,0.6107245087623596,0.6056308746337891,0.6006657481193542,0.8436133861541748,0.859088659286499,0.8880306482315063,0.9172049760818481,0.9390522837638855,0.9136449694633484,0.9497390985488892,0.9668046236038208,0.9793917536735535,0.9143518209457397,0.9497101902961731,0.9649350047111511,0.9743883609771729,0.9113607406616211,0.9422957897186279,0.9572053551673889,0.9669556617736816,0.9078586101531982,0.9337970614433289,0.9468902945518494,0.9555246829986572,0.49640753865242004,0.5090504288673401,0.5144292116165161,0.5198004841804504,0.4874400794506073,0.48051002621650696,0.47492119669914246,0.5291060209274292,0.46495142579078674,0.5094239711761475,0.48378223180770874,0.5791234374046326,0.41738161444664,0.6014552712440491,0.3964368999004364,0.6048272252082825,0.39620399475097656,0.6083289384841919,0.3933838903903961,0.5946953296661377,0.40716126561164856,0.5896908044815063,0.4155227541923523,0.5488617420196533,0.4485672116279602,0.5517866611480713,0.4424342215061188,0.5432281494140625,0.43767547607421875,0.5431318879127502,0.4385027289390564,0.5259377360343933,0.4507336914539337,0.2414325624704361,0.2198980301618576,0.22199565172195435,0.22362445294857025,0.2166227102279663,0.21735331416130066,0.21775725483894348,0.2428627610206604,0.23666496574878693,0.2733304500579834,0.2688697874546051,0.41924208402633667,0.4278774559497833,0.6469005942344666,0.6580758094787598,0.8450062274932861,0.8601771593093872,0.9073761105537415,0.9263064861297607,0.9070454239845276,0.9209255576133728,0.8875496983528137,0.8993350267410278,0.9017785787582397,0.9000315070152283,1.2372492551803589,1.1845978498458862,1.540093183517456,1.5244883298873901,1.5762590169906616,1.5711015462875366,1.6535189151763916,1.6375573873519897
0.39035555720329285,0.40809276700019836,0.41507264971733093,0.41670453548431396,0.4199643135070801,0.4006633162498474,0.40757647156715393,0.41150155663490295,0.41424646973609924,0.39093050360679626,0.3986486494541168,0.4043084681034088,0.4078179895877838,0.3852459192276001,0.3912466764450073,0.3973890542984009,0.4021105170249939,0.3826126754283905,0.38616180419921875,0.3913605809211731,0.39594388008117676,0.855010449886322,0.8704290986061096,0.8991101384162903,0.9284167289733887,0.9498245120048523,0.9250015020370483,0.9596987962722778,0.975547194480896,0.9887924790382385,0.9265890121459961,0.962240993976593,0.9793357849121094,0.9913798570632935,0.9233795404434204,0.9549039006233215,0.9688873887062073,0.9768660664558411,0.9190270304679871,0.9446909427642822,0.9576758742332458,0.9648143649101257,0.6057370901107788,0.5891863107681274,0.5829592943191528,0.5814270973205566,0.5783503651618958,0.5999186038970947,0.5940841436386108,0.5889315605163574,0.5848000049591064,0.6087021827697754,0.6023821234703064,0.5956395268440247,0.5897587537765503,0.6133577227592468,0.6077790260314941,0.6015232801437378,0.5959160327911377,0.6148855686187744,0.6106924414634705,0.6056177020072937,0.6006695628166199,0.8436098098754883,0.8592414855957031,0.8882957696914673,0.9171759486198425,0.9388842582702637,0.9134260416030884,0.9494922757148743,0.9666574001312256,0.9792807102203369,0.9141359329223633,0.94957435131073,0.9649809002876282,0.9746582508087158,0.9112716913223267,0.9422567486763,0.9571963548660278,0.967043399810791,0.9079025387763977,0.9338016510009766,0.9470230340957642,0.9557278752326965,0.496396541595459,0.5090575814247131,0.5144476294517517,0.5198204517364502,0.48744329810142517,0.4805140197277069,0.4749253988265991,0.529153048992157,0.4649566113948822,0.5094171166419983,0.4837789237499237,0.5791269540786743,0.41740337014198303,0.6014610528945923,0.39646321535110474,0.6048329472541809,0.39624035358428955,0.6083112359046936,0.3934016227722168,0.5946991443634033,0.40719544887542725,0.5897079706192017,0.41555455327033997,0.5488637685775757,0.44858190417289734,0.5517107248306274,0.4423946440219879,0.5431005954742432,0.4375857710838318,0.5430435538291931,0.4383619427680969,0.5255776047706604,0.45073163509368896,0.2414083182811737,0.21989606320858002,0.2219940721988678,0.22360849380493164,0.21662135422229767,0.21734997630119324,0.21774384379386902,0.24288435280323029,0.23663248121738434,0.2733357846736908,0.2688653767108917,0.41924527287483215,0.4278698265552521,0.646898090839386,0.6580790281295776,0.8450430631637573,0.8601899743080139,0.9073750376701355,0.9263529181480408,0.9070674180984497,0.9210768938064575,0.8875732421875,0.8994371294975281,0.9017793536186218,0.9000363945960999,1.2372840642929077,1.184605598449707,1.5402460098266602,1.5244802236557007,1.5764538049697876,1.571033000946045,1.6536093950271606,1.638017177581787
0.39020565152168274,0.4080049693584442,0.4150373935699463,0.41679006814956665,0.41997116804122925,0.40072101354599,0.4076302647590637,0.41155534982681274,0.41427579522132874,0.390973299741745,0.39865776896476746,0.40431085228919983,0.4078322649002075,0.38526973128318787,0.3913261592388153,0.39743101596832275,0.4021455645561218,0.38263610005378723,0.38618162274360657,0.3913460075855255,0.3959559202194214,0.854977548122406,0.8705362677574158,0.8991875648498535,0.9283797144889832,0.9497702121734619,0.9250894784927368,0.9595204591751099,0.9754244685173035,0.9887155294418335,0.9266723990440369,0.9620829224586487,0.9792377352714539,0.9914109706878662,0.923462450504303,0.9549434781074524,0.9692386984825134,0.9775435328483582,0.9190441370010376,0.9447821378707886,0.9578840136528015,0.9651503562927246,0.6057391166687012,0.5892396569252014,0.5829678177833557,0.5814085602760315,0.5782918930053711,0.5998965501785278,0.5941068530082703,0.5890064835548401,0.5849428176879883,0.6086700558662415,0.6023629307746887,0.5956608653068542,0.5898383855819702,0.6133547425270081,0.6078052520751953,0.6016045212745667,0.596057116985321,0.6149477958679199,0.6107719540596008,0.6057242751121521,0.6008188724517822,0.8437926173210144,0.8592903017997742,0.8883484601974487,0.9172888398170471,0.9389389157295227,0.9134920239448547,0.9493983387947083,0.966508150100708,0.9790950417518616,0.91422039270401,0.9495059251785278,0.9648331999778748,0.974506139755249,0.9113969206809998,0.942251980304718,0.9570919275283813,0.9669170379638672,0.9080494046211243,0.9338542222976685,0.9470035433769226,0.9556769728660583,0.4963959753513336,0.5090798139572144,0.5144779682159424,0.519861102104187,0.48744699358940125,0.48051804304122925,0.4749285876750946,0.5292097330093384,0.46496298909187317,0.5094180107116699,0.4837818741798401,0.5791253447532654,0.4174272119998932,0.6014758944511414,0.39648523926734924,0.6048381924629211,0.39627477526664734,0.608303427696228,0.3934262692928314,0.5947014689445496,0.4072481095790863,0.5897146463394165,0.4156077206134796,0.5488804578781128,0.44860023260116577,0.5517938733100891,0.4425559937953949,0.5433328747749329,0.4375925064086914,0.543362021446228,0.43835702538490295,0.5256457924842834,0.450937956571579,0.241408109664917,0.21990148723125458,0.22199778258800507,0.22360344231128693,0.21662922203540802,0.21735796332359314,0.21774615347385406,0.24290534853935242,0.23662832379341125,0.27336403727531433,0.26888307929039,0.41925206780433655,0.4278483986854553,0.646893322467804,0.6580837965011597,0.8451065421104431,0.860200822353363,0.9073815941810608,0.9263810515403748,0.9071128368377686,0.921156108379364,0.8876277804374695,0.8994967937469482,0.9017806053161621,0.9000334143638611,1.237234115600586,1.184599757194519,1.5404813289642334,1.5242642164230347,1.576783299446106,1.5705792903900146,1.6538405418395996,1.6379249095916748
0.39007270336151123,0.4079074263572693,0.41498732566833496,0.41679877042770386,0.42006808519363403,0.400572270154953,0.4076022505760193,0.4115406572818756,0.4142391085624695,0.390847384929657,0.39861783385276794,0.4043091833591461,0.4078248143196106,0.38515836000442505,0.3912137746810913,0.39735114574432373,0.40207675099372864,0.38252267241477966,0.3860798180103302,0.3912754952907562,0.39592668414115906,0.8549309372901917,0.8703121542930603,0.8989896178245544,0.9282819032669067,0.9497613310813904,0.924842894077301,0.9594255685806274,0.9753649234771729,0.988727331161499,0.9264967441558838,0.9619397521018982,0.9790630340576172,0.9911614060401917,0.9232935905456543,0.9547804594039917,0.9687357544898987,0.9767187833786011,0.9189273118972778,0.9447437524795532,0.9577119946479797,0.9648181200027466,0.6057502031326294,0.5892756581306458,0.5829387307167053,0.5814017653465271,0.578284740447998,0.5998026728630066,0.5941227674484253,0.5890686511993408,0.5849953889846802,0.608600378036499,0.6023523807525635,0.5956453084945679,0.589752197265625,0.6132960915565491,0.6077755689620972,0.6015718579292297,0.5959748029708862,0.6148891448974609,0.610692024230957,0.605635404586792,0.6007030010223389,0.8438591957092285,0.8589900135993958,0.8880839347839355,0.9171770215034485,0.9390000700950623,0.9132972955703735,0.9493227601051331,0.9664762020111084,0.9790160655975342,0.9141054153442383,0.9494789838790894,0.9648808836936951,0.9745051264762878,0.9113186597824097,0.9422999024391174,0.9572005271911621,0.9670751690864563,0.9079784154891968,0.9338423013687134,0.9469473958015442,0.9556034803390503,0.49638715386390686,0.5090882182121277,0.5144960880279541,0.5198826193809509,0.4874500632286072,0.48052218556404114,0.47493261098861694,0.5292820930480957,0.46496933698654175,0.5094131827354431,0.4837789535522461,0.5791242122650146,0.4174366295337677,0.6014819741249084,0.3965006470680237,0.6048421859741211,0.3962925374507904,0.608290433883667,0.3934369683265686,0.5947046875953674,0.4072962999343872,0.589721143245697,0.41566112637519836,0.5489097833633423,0.4486151933670044,0.5518414974212646,0.4428415298461914,0.5433343648910522,0.43771398067474365,0.543353259563446,0.43838757276535034,0.5258176922798157,0.4514703154563904,0.24143162369728088,0.21992039680480957,0.222016841173172,0.22360797226428986,0.21665656566619873,0.21737755835056305,0.21775127947330475,0.24299290776252747,0.23661832511425018,0.2734623849391937,0.2689339816570282,0.4192710816860199,0.42782968282699585,0.6468920707702637,0.6580491662025452,0.8451493382453918,0.8602330684661865,0.9073812365531921,0.9264464974403381,0.9071277379989624,0.9213200807571411,0.8876468539237976,0.8996527194976807,0.9017883539199829,0.90003502368927,1.2371968030929565,1.1846119165420532,1.5406978130340576,1.524234652519226,1.5771421194076538,1.5705058574676514,1.6539573669433594,1.637863278388977
0.390124648809433,0.40789103507995605,0.414984792470932,0.41677960753440857,0.42006874084472656,0.4006284475326538,0.40761396288871765,0.4115466773509979,0.41425010561943054,0.3909180760383606,0.3986636698246002,0.4043597877025604,0.4078900218009949,0.3852328062057495,0.3912104666233063,0.3972964882850647,0.4019995927810669,0.3825776278972626,0.38602665066719055,0.3911137580871582,0.39568397402763367,0.8548384308815002,0.870180070400238,0.8988553285598755,0.9281780123710632,0.9497630000114441,0.924670398235321,0.9593453407287598,0.975348711013794,0.9886934161186218,0.9262382984161377,0.9618469476699829,0.9790428876876831,0.9911968111991882,0.9229922294616699,0.9545747637748718,0.9685697555541992,0.9766311645507812,0.9186239242553711,0.9445227384567261,0.9575946927070618,0.9648151397705078,0.6056424379348755,0.589257538318634,0.5829896926879883,0.5814031958580017,0.5781592726707458,0.5998337268829346,0.5940811634063721,0.5890400409698486,0.5849984288215637,0.6086070537567139,0.6022759079933167,0.5955738425254822,0.5897389054298401,0.6132931113243103,0.607733964920044,0.6015225648880005,0.5959427356719971,0.6149028539657593,0.6107360124588013,0.605696439743042,0.6007996201515198,0.8441331386566162,0.8592953681945801,0.8883050680160522,0.9173572659492493,0.9391148686408997,0.9134222865104675,0.9496252536773682,0.9666680097579956,0.9791164398193359,0.9142009615898132,0.9497234225273132,0.9649727940559387,0.9743582606315613,0.9113298654556274,0.9423824548721313,0.9572390913963318,0.9669995307922363,0.907873272895813,0.9337255954742432,0.9467647075653076,0.9553526639938354,0.4963899254798889,0.5091341733932495,0.5145310163497925,0.5199311375617981,0.4874657392501831,0.4805344343185425,0.47494569420814514,0.529358983039856,0.4649743437767029,0.5094168782234192,0.48378071188926697,0.5791248679161072,0.4174481928348541,0.6014885306358337,0.3965100944042206,0.6048465967178345,0.3963174521923065,0.6082683205604553,0.39345577359199524,0.5947062969207764,0.4073651134967804,0.5897267460823059,0.41573894023895264,0.5489352941513062,0.44861841201782227,0.5519259572029114,0.44288527965545654,0.5432528853416443,0.4377172887325287,0.5432062745094299,0.4383762776851654,0.5257430672645569,0.45151302218437195,0.24151964485645294,0.21996475756168365,0.2220524251461029,0.22362133860588074,0.2167021930217743,0.21741025149822235,0.2177647352218628,0.24306800961494446,0.23660673201084137,0.2736135721206665,0.2690522372722626,0.41928616166114807,0.4278147518634796,0.6468908190727234,0.6580368876457214,0.8451632857322693,0.8602609038352966,0.907375156879425,0.9264898300170898,0.907129168510437,0.9214160442352295,0.8876508474349976,0.8997325897216797,0.9017926454544067,0.900038480758667,1.2372721433639526,1.1846600770950317,1.5415006875991821,1.5241199731826782,1.5781000852584839,1.5702956914901733,1.6546852588653564,1.637558102607727
0.3900752365589142,0.4078848659992218,0.415017694234848,0.41679200530052185,0.4200822412967682,0.4006097912788391,0.4075770080089569,0.41153547167778015,0.41427871584892273,0.3909061849117279,0.39863264560699463,0.40433892607688904,0.4078857898712158,0.38524624705314636,0.39121827483177185,0.39733219146728516,0.40205711126327515,0.3826207220554352,0.38606879115104675,0.39117738604545593,0.39577311277389526,0.8550716638565063,0.8702940344810486,0.898827314376831,0.9281725287437439,0.949760377407074,0.9247846603393555,0.9594389200210571,0.9754021167755127,0.9887680411338806,0.926389753818512,0.9619494676589966,0.9791301488876343,0.9912914633750916,0.9231346249580383,0.954667329788208,0.9686156511306763,0.9766628742218018,0.9187936186790466,0.9446982145309448,0.9576930403709412,0.9648705720901489,0.6057975888252258,0.5893543362617493,0.58304762840271,0.5815382599830627,0.5783200263977051,0.5997841358184814,0.5941174626350403,0.5890900492668152,0.5850508809089661,0.6085858941078186,0.602362871170044,0.5956855416297913,0.5898149013519287,0.613283634185791,0.6077888011932373,0.6015933752059937,0.5959951281547546,0.6149107217788696,0.6107633709907532,0.6057372689247131,0.6008090972900391,0.8438827395439148,0.8590263724327087,0.8881001472473145,0.9170790314674377,0.9388329982757568,0.9133963584899902,0.9492540955543518,0.9664768576622009,0.9791273474693298,0.9142600297927856,0.9494082927703857,0.9648907780647278,0.9746692776679993,0.9115126729011536,0.9424462914466858,0.9573978185653687,0.9673282504081726,0.908220112323761,0.9341555833816528,0.9474080204963684,0.9562140107154846,0.496392160654068,0.5091615915298462,0.5145557522773743,0.5199635624885559,0.48747503757476807,0.48054125905036926,0.4749510586261749,0.5294311046600342,0.4649800956249237,0.5094203352928162,0.48378244042396545,0.5791234374046326,0.4174598753452301,0.6014947295188904,0.396513432264328,0.6048505306243896,0.39633968472480774,0.6082555055618286,0.39346203207969666,0.5947086215019226,0.40740886330604553,0.58973228931427,0.4158066511154175,0.5489626526832581,0.4486284554004669,0.5522051453590393,0.44323432445526123,0.5432759523391724,0.43774858117103577,0.5432065725326538,0.4383738934993744,0.5258525013923645,0.45162445306777954,0.24160993099212646,0.22001096606254578,0.2220895141363144,0.22363625466823578,0.21676026284694672,0.2174578458070755,0.2177921086549759,0.24312005937099457,0.236601784825325,0.2737544775009155,0.2691819965839386,0.41930145025253296,0.4278009831905365,0.6468909978866577,0.6580326557159424,0.8451713919639587,0.8602913618087769,0.9073565602302551,0.9265323877334595,0.9071300625801086,0.9215084314346313,0.8876540064811707,0.8998183012008667,0.901797890663147,0.900037944316864,1.2372894287109375,1.1846959590911865,1.5419107675552368,1.5238966941833496,1.5786120891571045,1.5698931217193604,1.655069351196289,1.6373294591903687
0.3901273310184479,0.4078787565231323,0.4149966537952423,0.4167848825454712,0.42013514041900635,0.4006578326225281,0.4076022207736969,0.4115311801433563,0.41426435112953186,0.3909679651260376,0.3986777365207672,0.40432602167129517,0.40784451365470886,0.3853052258491516,0.39132431149482727,0.3973499536514282,0.40203404426574707,0.3826552927494049,0.3860626220703125,0.39113637804985046,0.3957131505012512,0.8548576831817627,0.8703234195709229,0.8988667726516724,0.9282339215278625,0.9498382806777954,0.9246484637260437,0.959320604801178,0.9753014445304871,0.9887185096740723,0.9262915849685669,0.9617639780044556,0.9790328741073608,0.9912444353103638,0.9230816960334778,0.9545522332191467,0.9687707424163818,0.9770013689994812,0.9187974333763123,0.9446366429328918,0.9577577114105225,0.9650315642356873,0.6058601140975952,0.5893012881278992,0.5829294323921204,0.5813766121864319,0.5782502889633179,0.5998026132583618,0.5942022800445557,0.5891452431678772,0.585059642791748,0.6086496710777283,0.6024313569068909,0.595726490020752,0.5898283123970032,0.6133672595024109,0.6078663468360901,0.6016731858253479,0.5960574150085449,0.6150209307670593,0.610868513584137,0.6058831810951233,0.6009568572044373,0.8438807129859924,0.8590651750564575,0.8881303668022156,0.9171905517578125,0.9389544725418091,0.9133870005607605,0.9493091702461243,0.9664665460586548,0.9790424704551697,0.9141370058059692,0.949253261089325,0.9646105766296387,0.9742173552513123,0.911251962184906,0.9421131610870361,0.9571524262428284,0.9670971035957336,0.9078567028045654,0.9337186217308044,0.947014331817627,0.9558553695678711,0.4963972270488739,0.5091981887817383,0.5145835876464844,0.5200029611587524,0.4874860942363739,0.480547159910202,0.47495701909065247,0.5294888615608215,0.464985191822052,0.5094291567802429,0.48378410935401917,0.5791227221488953,0.41746971011161804,0.6015167832374573,0.3965231776237488,0.6048601269721985,0.39637479186058044,0.6082484722137451,0.3934745192527771,0.5947091579437256,0.4074563682079315,0.5897386074066162,0.4158689081668854,0.5490630269050598,0.4487221837043762,0.5521500706672668,0.44313517212867737,0.5430830717086792,0.43756723403930664,0.54306960105896,0.4381069540977478,0.5250373482704163,0.45151710510253906,0.24171406030654907,0.22006036341190338,0.22212877869606018,0.22365497052669525,0.21681688725948334,0.2175007462501526,0.21781638264656067,0.2431696504354477,0.2365974485874176,0.27389878034591675,0.26929983496665955,0.41930270195007324,0.4277908504009247,0.6468884944915771,0.6580337882041931,0.8451794385910034,0.8603556156158447,0.9073530435562134,0.9265961647033691,0.9071316123008728,0.9216094613075256,0.8876573443412781,0.899921715259552,0.9017976522445679,0.9000380039215088,1.2375426292419434,1.1847186088562012,1.542862057685852,1.5238656997680664,1.5797139406204224,1.5698440074920654,1.6558568477630615,1.637330174446106
0.3901444673538208,0.4079025089740753,0.41499102115631104,0.41676390171051025,0.420122355222702,0.4005783796310425,0.40756672620773315,0.4115047752857208,0.41425448656082153,0.39091867208480835,0.39867159724235535,0.40430524945259094,0.4078028202056885,0.38529908657073975,0.3913393020629883,0.3973654806613922,0.4020402133464813,0.38268962502479553,0.386123389005661,0.3912059962749481,0.39577585458755493,0.8548871874809265,0.8702608942985535,0.898784339427948,0.928187906742096,0.9498340487480164,0.9246484041213989,0.959380567073822,0.9753780364990234,0.9888365864753723,0.9262983798980713,0.9617870450019836,0.9790354371070862,0.9912269115447998,0.9230837821960449,0.9545438289642334,0.9686474800109863,0.9768126010894775,0.9188675880432129,0.9446254968643188,0.9576621651649475,0.964913547039032,0.6058539748191833,0.5892729163169861,0.582909882068634,0.581364095211029,0.5782051682472229,0.5997760891914368,0.5941988825798035,0.589138925075531,0.5850478410720825,0.6086165904998779,0.6023538708686829,0.5956401824951172,0.5897414088249207,0.6133143901824951,0.6077846884727478,0.6015816330909729,0.595962405204773,0.6149464249610901,0.6107942461967468,0.6058170795440674,0.6009131669998169,0.844028651714325,0.859140157699585,0.8881653547286987,0.9172273278236389,0.9390276074409485,0.9134647846221924,0.9494926333427429,0.9666199684143066,0.9791211485862732,0.9142443537712097,0.9495090246200562,0.9648536443710327,0.9744308590888977,0.9113979935646057,0.9423715472221375,0.9575044512748718,0.9675471186637878,0.9079937934875488,0.9339024424552917,0.9472368359565735,0.956153154373169,0.49640247225761414,0.5092294812202454,0.5146093368530273,0.5200423002243042,0.48749175667762756,0.48055094480514526,0.4749607741832733,0.5295582413673401,0.4649893641471863,0.5094446539878845,0.4837854504585266,0.579128623008728,0.417481005191803,0.6015318036079407,0.39652693271636963,0.6048687100410461,0.39639633893966675,0.6082432866096497,0.3934869170188904,0.5947128534317017,0.4075154662132263,0.5897486805915833,0.415937215089798,0.5491266846656799,0.4488104283809662,0.5521748065948486,0.44319403171539307,0.5430689454078674,0.4375665783882141,0.5430485010147095,0.43806615471839905,0.5249843001365662,0.45163923501968384,0.24183940887451172,0.22011101245880127,0.22216668725013733,0.2236717790365219,0.21687911450862885,0.21754857897758484,0.21784460544586182,0.24320687353610992,0.23659271001815796,0.2740517556667328,0.26943832635879517,0.4193039536476135,0.42778411507606506,0.6468753218650818,0.6580303907394409,0.8451955318450928,0.8604215979576111,0.9073513746261597,0.9267027974128723,0.9071446061134338,0.9217653870582581,0.8876799941062927,0.9000645279884338,0.9018010497093201,0.9000487923622131,1.2376539707183838,1.1847820281982422,1.5435781478881836,1.523844599723816,1.5807281732559204,1.5698018074035645,1.6562581062316895,1.6373425722122192
0.3901083767414093,0.40786606073379517,0.4149952828884125,0.4167861044406891,0.4201299548149109,0.40049514174461365,0.40752339363098145,0.41150951385498047,0.4142799377441406,0.3908504247665405,0.39866164326667786,0.4043416678905487,0.407863974571228,0.3852599859237671,0.3913230001926422,0.3973616361618042,0.40204793214797974,0.3826577067375183,0.3860982656478882,0.3911983370780945,0.3957711160182953,0.8548505306243896,0.8701538443565369,0.8987898826599121,0.9281643033027649,0.9497688412666321,0.9248263239860535,0.9595790505409241,0.9754729866981506,0.988781750202179,0.9264087080955505,0.9618789553642273,0.979049563407898,0.9911749362945557,0.9231789112091064,0.9546380639076233,0.9687127470970154,0.9768680334091187,0.9189595580101013,0.944730818271637,0.957770586013794,0.9649785161018372,0.6058211326599121,0.5892760753631592,0.5829218029975891,0.5813438892364502,0.578178882598877,0.5997403264045715,0.5942134857177734,0.5891650319099426,0.5850511789321899,0.6085903644561768,0.6024975180625916,0.595832347869873,0.589937686920166,0.6133266091346741,0.6079623699188232,0.6018141508102417,0.5961928367614746,0.6149766445159912,0.6108884215354919,0.6059184074401855,0.6009842753410339,0.8439417481422424,0.8591399192810059,0.8881570100784302,0.9171872735023499,0.9388852715492249,0.913142204284668,0.9493241310119629,0.9664883613586426,0.9789940714836121,0.9138280153274536,0.9492215514183044,0.9647267460823059,0.9743678569793701,0.910900354385376,0.941927433013916,0.9570682644844055,0.9670190215110779,0.907488226890564,0.9334731698036194,0.946846604347229,0.95570969581604,0.49641332030296326,0.5092679858207703,0.5146362781524658,0.5200814008712769,0.4875018894672394,0.48055627942085266,0.4749661684036255,0.5296194553375244,0.46499258279800415,0.5094684958457947,0.4837871789932251,0.5791370272636414,0.41748759150505066,0.6015607118606567,0.39653444290161133,0.604882001876831,0.39641767740249634,0.6082403063774109,0.39351850748062134,0.5947152376174927,0.40757840871810913,0.5897579789161682,0.4159933626651764,0.5491830110549927,0.44887077808380127,0.5522193312644958,0.4432184100151062,0.5430718660354614,0.43760672211647034,0.5430461168289185,0.43808019161224365,0.5250168442726135,0.4518865644931793,0.24201993644237518,0.22018876671791077,0.22222253680229187,0.2237040251493454,0.21697576344013214,0.21762777864933014,0.21789692342281342,0.24326276779174805,0.23658843338489532,0.27423951029777527,0.26962408423423767,0.41930294036865234,0.4277745187282562,0.6468727588653564,0.6580071449279785,0.8452058434486389,0.860464334487915,0.9073423147201538,0.926796555519104,0.9071460962295532,0.9218546152114868,0.8876839280128479,0.9001357555389404,0.9017852544784546,0.9000336527824402,1.2376999855041504,1.184788465499878,1.5440073013305664,1.5238474607467651,1.5811958312988281,1.569766640663147,1.6567386388778687,1.6376376152038574
0.3902096748352051,0.40798717737197876,0.4150339663028717,0.4167884290218353,0.42012685537338257,0.4005480706691742,0.407545268535614,0.41150805354118347,0.4142625033855438,0.3908623456954956,0.3986302614212036,0.404335081577301,0.40791580080986023,0.38524892926216125,0.3913549482822418,0.3974163234233856,0.40209969878196716,0.3826896548271179,0.3862417936325073,0.3914268910884857,0.3960397243499756,0.8549900650978088,0.8703052401542664,0.8988832831382751,0.9282318949699402,0.9497194886207581,0.9248301386833191,0.9595232009887695,0.9754066467285156,0.988735556602478,0.9264572858810425,0.9619210362434387,0.9790571928024292,0.9912201166152954,0.9232826232910156,0.9549070596694946,0.9690902829170227,0.9772838950157166,0.9190221428871155,0.9448924660682678,0.957950234413147,0.9651243686676025,0.6058990359306335,0.5892940759658813,0.5829278826713562,0.5813793540000916,0.578217625617981,0.5997376441955566,0.594311535358429,0.5892391800880432,0.5850865244865417,0.6085697412490845,0.6025183796882629,0.5958265066146851,0.589888334274292,0.6132749915122986,0.6079304218292236,0.6017763018608093,0.5961491465568542,0.6149059534072876,0.6108558773994446,0.6059364676475525,0.601029098033905,0.8439658880233765,0.8590658903121948,0.8880877494812012,0.917140543460846,0.9389220476150513,0.9132681488990784,0.9493396878242493,0.9664386510848999,0.978833794593811,0.9139712452888489,0.9491369128227234,0.9645314812660217,0.9740589261054993,0.9111006259918213,0.9420189261436462,0.9571678638458252,0.9671751856803894,0.9077582955360413,0.9337038993835449,0.9471155405044556,0.956059992313385,0.4964202344417572,0.5093079805374146,0.5146649479866028,0.5201269388198853,0.4875115752220154,0.4805609881877899,0.47497040033340454,0.5296765565872192,0.46499472856521606,0.5094846487045288,0.48378831148147583,0.5791406035423279,0.4174948036670685,0.6015700697898865,0.3965442478656769,0.6048907041549683,0.3964293301105499,0.6082385778427124,0.39353933930397034,0.5947178602218628,0.4076162576675415,0.5897640585899353,0.4160303473472595,0.5492061972618103,0.44890210032463074,0.5521796941757202,0.44311031699180603,0.5429296493530273,0.437547892332077,0.5429385900497437,0.43789857625961304,0.5244961977005005,0.45224279165267944,0.2421250194311142,0.2202509492635727,0.22226817905902863,0.22373183071613312,0.21704210340976715,0.21767957508563995,0.21792709827423096,0.24330930411815643,0.23658448457717896,0.27436739206314087,0.26972880959510803,0.41930654644966125,0.42776742577552795,0.6468721032142639,0.6579537987709045,0.8452246785163879,0.8604841828346252,0.9073349237442017,0.9268797039985657,0.9071475267410278,0.9219278693199158,0.887690544128418,0.9001978039741516,0.9018613696098328,0.9000627398490906,1.2377758026123047,1.1848390102386475,1.5440292358398438,1.523969054222107,1.5811903476715088,1.5697404146194458,1.6567407846450806,1.6384050846099854
0.39028120040893555,0.40807044506073,0.41508981585502625,0.4168024957180023,0.42007720470428467,0.400678813457489,0.4075123369693756,0.4115442931652069,0.4144018888473511,0.3910176753997803,0.3985535502433777,0.4043045938014984,0.4080757200717926,0.3854297399520874,0.3915192484855652,0.39751434326171875,0.40220868587493896,0.3829191327095032,0.3865410089492798,0.39168602228164673,0.39630669355392456,0.8550887703895569,0.8705459237098694,0.8990551829338074,0.9283313155174255,0.9497500658035278,0.9246854782104492,0.9590306282043457,0.9750000834465027,0.988396167755127,0.9264813661575317,0.9615987539291382,0.978840172290802,0.9911674857139587,0.9235967993736267,0.9551442265510559,0.9700251817703247,0.9788299798965454,0.9196757078170776,0.9455842971801758,0.9589757323265076,0.9665659070014954,0.6058268547058105,0.5892449617385864,0.5828616619110107,0.5813177824020386,0.5781551003456116,0.5996474623680115,0.5942795276641846,0.5891863703727722,0.5849944949150085,0.6084877252578735,0.6024671792984009,0.5957391858100891,0.5897760391235352,0.6132178902626038,0.6079006195068359,0.6016814708709717,0.5959986448287964,0.6148768663406372,0.6108469367027283,0.6058672666549683,0.6009175777435303,0.8440731763839722,0.859028160572052,0.8878879547119141,0.9170250296592712,0.9389441013336182,0.9130759239196777,0.9494192600250244,0.9664608836174011,0.9787412881851196,0.9138394594192505,0.9494073390960693,0.9647104144096375,0.9739840626716614,0.9109808206558228,0.9421492218971252,0.9572513699531555,0.9671043157577515,0.9076074361801147,0.9336707592010498,0.9469844102859497,0.9557610154151917,0.49642226099967957,0.5093300342559814,0.5146836042404175,0.5201535820960999,0.4875154495239258,0.4805651009082794,0.4749745726585388,0.52972012758255,0.4649938941001892,0.5094958543777466,0.4837884306907654,0.5791444778442383,0.4175011217594147,0.601580023765564,0.396554172039032,0.6049033999443054,0.3964366018772125,0.6082366704940796,0.39357349276542664,0.5947197675704956,0.4076806604862213,0.5897685885429382,0.4160849153995514,0.549217939376831,0.4489170014858246,0.5521214008331299,0.4429703950881958,0.5428774952888489,0.43745219707489014,0.5429158806800842,0.4376964271068573,0.5242661833763123,0.4525200128555298,0.24220024049282074,0.22029706835746765,0.2223055064678192,0.22375842928886414,0.21711118519306183,0.2177412360906601,0.21797388792037964,0.24338486790657043,0.23658128082752228,0.2744690775871277,0.2698060870170593,0.4193262755870819,0.42775753140449524,0.6468771696090698,0.6579242944717407,0.8452401757240295,0.8605448007583618,0.9073326587677002,0.9270076751708984,0.9071428179740906,0.9220272302627563,0.8876935243606567,0.9002925157546997,0.9020746946334839,0.9002159237861633,1.2380883693695068,1.1850661039352417,1.5441793203353882,1.5242385864257812,1.581249475479126,1.5697628259658813,1.6568301916122437,1.639294981956482
0.39024990797042847,0.40805813670158386,0.4150574505329132,0.41678524017333984,0.42016226053237915,0.4006376266479492,0.4075254797935486,0.4117737412452698,0.4148998260498047,0.39102277159690857,0.39862874150276184,0.4044749140739441,0.40842485427856445,0.38550376892089844,0.3918267786502838,0.3978211283683777,0.4025769829750061,0.3830454647541046,0.3868101239204407,0.3919733464717865,0.39664533734321594,0.8554083108901978,0.8707140684127808,0.8991852402687073,0.9284505248069763,0.9498036503791809,0.9247561693191528,0.9589464664459229,0.9750177264213562,0.9885571599006653,0.9266424775123596,0.9613339900970459,0.978477418422699,0.9908780455589294,0.9239903092384338,0.9554569125175476,0.9707916975021362,0.9802130460739136,0.9203883409500122,0.9461168646812439,0.9593526721000671,0.967043399810791,0.6058670282363892,0.5893233418464661,0.5829375386238098,0.5813419222831726,0.5781975984573364,0.5997660756111145,0.5942690968513489,0.5891687273979187,0.5850071310997009,0.6085625290870667,0.6024519205093384,0.5957233905792236,0.5898017883300781,0.6132689714431763,0.6079111099243164,0.6016966700553894,0.596050500869751,0.6149265766143799,0.6108619570732117,0.6058685183525085,0.6009244918823242,0.843987226486206,0.8590993881225586,0.8880546689033508,0.9170860052108765,0.938890814781189,0.9131470322608948,0.9493054747581482,0.9663875102996826,0.9787687063217163,0.9139300584793091,0.9492440819740295,0.9645951390266418,0.9740234017372131,0.9110636115074158,0.9421104788780212,0.957210898399353,0.967079758644104,0.9076984524726868,0.9337350130081177,0.9470978379249573,0.9559120535850525,0.49642327427864075,0.5093358159065247,0.5146915316581726,0.520159900188446,0.48751991987228394,0.480569064617157,0.47497838735580444,0.5297377705574036,0.46499496698379517,0.5095030069351196,0.48379042744636536,0.5791483521461487,0.4175156056880951,0.6015886068344116,0.39655861258506775,0.6049196124076843,0.3964432179927826,0.6082397103309631,0.3935849070549011,0.5947297811508179,0.4077099859714508,0.5897823572158813,0.41611137986183167,0.5492211580276489,0.44892507791519165,0.5521052479743958,0.44278112053871155,0.5427736043930054,0.43713775277137756,0.5428162217140198,0.4371439218521118,0.5240787863731384,0.45261842012405396,0.24226142466068268,0.2203398048877716,0.22233673930168152,0.22377577424049377,0.21718829870224,0.2178165316581726,0.21803434193134308,0.24341800808906555,0.23658490180969238,0.2745460569858551,0.26987892389297485,0.41933730244636536,0.42775025963783264,0.6468864679336548,0.6578901410102844,0.8452476859092712,0.8605576157569885,0.9073150753974915,0.9270376563072205,0.9071113467216492,0.9220436811447144,0.8876833915710449,0.9003069400787354,0.9021558165550232,0.9002610445022583,1.2381476163864136,1.185257077217102,1.544218897819519,1.5242681503295898,1.5812541246414185,1.5697314739227295,1.6568450927734375,1.63946533203125
0.39028722047805786,0.40804198384284973,0.4150140881538391,0.416800320148468,0.4202759861946106,0.40050286054611206,0.407480388879776,0.41181251406669617,0.41499054431915283,0.3909277617931366,0.3986664116382599,0.40457087755203247,0.4085511565208435,0.3854926824569702,0.39192038774490356,0.39795437455177307,0.4027468264102936,0.3831673562526703,0.3870318830013275,0.39224666357040405,0.39693358540534973,0.8556556105613708,0.8707906603813171,0.899186909198761,0.9284651875495911,0.9498339295387268,0.9246624708175659,0.9589265584945679,0.9749763011932373,0.9885051250457764,0.9266712069511414,0.9614682197570801,0.9785377979278564,0.9909444451332092,0.9240923523902893,0.9556246995925903,0.9708535671234131,0.9801479578018188,0.920512855052948,0.945980429649353,0.9590051174163818,0.9665130972862244,0.6057403683662415,0.5891991257667542,0.5828650593757629,0.5813239216804504,0.5781677961349487,0.5996646285057068,0.5942820906639099,0.5892050862312317,0.5850303173065186,0.6085103750228882,0.6025044322013855,0.5957959890365601,0.5898619890213013,0.613261342048645,0.6079915761947632,0.6018009781837463,0.5961464047431946,0.614909827709198,0.61091148853302,0.6059427261352539,0.6010122895240784,0.8439805507659912,0.8589949607849121,0.8879454731941223,0.9170295596122742,0.9389486908912659,0.9130930304527283,0.9494197368621826,0.9664688110351562,0.9787694215774536,0.9138064384460449,0.9493301510810852,0.9646626710891724,0.9739522337913513,0.9108659029006958,0.9419519305229187,0.9570057392120361,0.966837465763092,0.9074208736419678,0.9334412813186646,0.9467089176177979,0.9554412961006165,0.4964253604412079,0.5093463063240051,0.5147028565406799,0.5201703906059265,0.4875239431858063,0.4805726706981659,0.4749816954135895,0.5297609567642212,0.4649946391582489,0.5095146894454956,0.48379436135292053,0.579151451587677,0.4175336956977844,0.6015966534614563,0.39656275510787964,0.6049296855926514,0.39645910263061523,0.6082390546798706,0.39360636472702026,0.5947361588478088,0.4077494442462921,0.5897922515869141,0.4161474406719208,0.5492256283760071,0.4489324390888214,0.5521129965782166,0.44268879294395447,0.5427708029747009,0.4368528723716736,0.542811393737793,0.4366578757762909,0.5240100026130676,0.4527316391468048,0.24233147501945496,0.220378115773201,0.22236360609531403,0.22379045188426971,0.2172652781009674,0.2178957611322403,0.2181035280227661,0.2434411495923996,0.23658841848373413,0.27464014291763306,0.26999059319496155,0.419365257024765,0.42774268984794617,0.6469196081161499,0.6578717231750488,0.8452643156051636,0.8605839014053345,0.9073053002357483,0.9271030426025391,0.9070929884910583,0.9220848679542542,0.8876794576644897,0.9003406167030334,0.9021960496902466,0.9002923369407654,1.238153100013733,1.1853986978530884,1.544221043586731,1.5242806673049927,1.5812228918075562,1.5696362257003784,1.6568915843963623,1.6397705078125
0.3903617262840271,0.40813153982162476,0.4150533378124237,0.41680437326431274,0.4201655983924866,0.4006805717945099,0.4075137674808502,0.4117671251296997,0.41492027044296265,0.39114534854888916,0.3987049460411072,0.40456756949424744,0.40856021642684937,0.38570067286491394,0.3920042812824249,0.39799410104751587,0.4027661979198456,0.3833298981189728,0.3870820105075836,0.3922185003757477,0.39688268303871155,0.8562347888946533,0.8712077140808105,0.8993797302246094,0.9285155534744263,0.9497954249382019,0.9247213006019592,0.9589208960533142,0.9750279784202576,0.9885745048522949,0.9266878366470337,0.961395800113678,0.9785078763961792,0.9908705949783325,0.9241617321968079,0.9557233452796936,0.971084475517273,0.9805254936218262,0.9205977916717529,0.9462108612060547,0.9592658281326294,0.9668115377426147,0.6057825684547424,0.5891876816749573,0.582845151424408,0.5813434720039368,0.5782305002212524,0.5997288227081299,0.5942508578300476,0.5891286134719849,0.5849496126174927,0.6085618138313293,0.6024739742279053,0.5957299470901489,0.5897970199584961,0.6132681369781494,0.60793137550354,0.6017047166824341,0.5960443019866943,0.6149027943611145,0.6108402013778687,0.6058452725410461,0.6009128093719482,0.8439749479293823,0.8590068221092224,0.8880259394645691,0.91705322265625,0.9388445615768433,0.9130369424819946,0.9493099451065063,0.9664226174354553,0.9788090586662292,0.9138497114181519,0.9493918418884277,0.9648577570915222,0.9743474721908569,0.9109963178634644,0.942113995552063,0.957290530204773,0.9672467112541199,0.9076097011566162,0.9336503148078918,0.9470477104187012,0.955913782119751,0.49642905592918396,0.5093645453453064,0.5147193670272827,0.5201910138130188,0.4875273108482361,0.4805757701396942,0.47498470544815063,0.5297902822494507,0.46499374508857727,0.5095301270484924,0.4838004410266876,0.5791562795639038,0.4175478219985962,0.6016058325767517,0.39656731486320496,0.6049358248710632,0.39647480845451355,0.6082425713539124,0.39369553327560425,0.5947412848472595,0.40784016251564026,0.5897967219352722,0.41619864106178284,0.5492290258407593,0.44894447922706604,0.5520294308662415,0.44263070821762085,0.5424153804779053,0.4364543855190277,0.5424482822418213,0.43604788184165955,0.5232362151145935,0.4527197778224945,0.24238164722919464,0.22041349112987518,0.22238945960998535,0.2238065004348755,0.2173144370317459,0.2179451435804367,0.21814274787902832,0.2434682846069336,0.23658812046051025,0.27471742033958435,0.27006614208221436,0.41940033435821533,0.4277377724647522,0.6469642519950867,0.657868504524231,0.8452760577201843,0.8606306910514832,0.9072839617729187,0.9271928071975708,0.907041609287262,0.9221420884132385,0.8876513242721558,0.9003868103027344,0.9022459387779236,0.9003106951713562,1.2381682395935059,1.1855134963989258,1.5441977977752686,1.5246284008026123,1.581102728843689,1.5698126554489136,1.656888484954834,1.6403738260269165
0.390146404504776,0.40792810916900635,0.41503021121025085,0.4168536365032196,0.42015743255615234,0.4005710482597351,0.4075082540512085,0.41186901926994324,0.4151231646537781,0.39106371998786926,0.39871689677238464,0.4046168625354767,0.4085935950279236,0.38565191626548767,0.39196473360061646,0.39800500869750977,0.40281957387924194,0.383289098739624,0.38705769181251526,0.3922378420829773,0.3968842625617981,0.8564102649688721,0.8710501194000244,0.8993985056877136,0.9285692572593689,0.9499168992042542,0.9247571229934692,0.9589996933937073,0.9750096797943115,0.9884776473045349,0.926851749420166,0.9616059064865112,0.9786531925201416,0.9909158945083618,0.9243603944778442,0.9557931423187256,0.9709686636924744,0.980260968208313,0.9208177328109741,0.9460719227790833,0.9589639902114868,0.9664217233657837,0.6058122515678406,0.5891959071159363,0.5827988386154175,0.5813143253326416,0.5782448649406433,0.5996626019477844,0.5941936373710632,0.5890997052192688,0.5849629044532776,0.6084856986999512,0.6023057699203491,0.5955832004547119,0.5896639823913574,0.6131959557533264,0.6077234148979187,0.601539671421051,0.5959169864654541,0.6148395538330078,0.6106829643249512,0.6057077050209045,0.6007972359657288,0.8439387083053589,0.8588115572929382,0.8878533244132996,0.9169633984565735,0.9387909770011902,0.9131467342376709,0.9492056965827942,0.9662618041038513,0.9786415100097656,0.9140034914016724,0.9493080973625183,0.9647919535636902,0.9745003581047058,0.9112284779548645,0.9422115683555603,0.9573395252227783,0.9674271941184998,0.9078978300094604,0.9338669776916504,0.9472116827964783,0.9561436772346497,0.4964359402656555,0.5093770027160645,0.5147355198860168,0.5202211737632751,0.4875304102897644,0.48057878017425537,0.47498729825019836,0.5298430323600769,0.4649944305419922,0.5095567107200623,0.48381099104881287,0.5791609287261963,0.4175666272640228,0.6016143560409546,0.3965705931186676,0.6049402952194214,0.3964812159538269,0.6082424521446228,0.3937274217605591,0.594745934009552,0.40787747502326965,0.5898016691207886,0.4162181615829468,0.5492327213287354,0.44895121455192566,0.5519182085990906,0.44259756803512573,0.5422908663749695,0.43606534600257874,0.5423821210861206,0.4354550242424011,0.5226064324378967,0.452648788690567,0.24243226647377014,0.2204446792602539,0.22241000831127167,0.22381749749183655,0.21737366914749146,0.21800421178340912,0.21819373965263367,0.2434820681810379,0.2365943193435669,0.27476489543914795,0.27014026045799255,0.41940879821777344,0.42773181200027466,0.6469866037368774,0.6578394174575806,0.8453025221824646,0.8606544137001038,0.9072756171226501,0.9272397756576538,0.9070175290107727,0.922167181968689,0.8876420259475708,0.9004119038581848,0.9022715091705322,0.9003300666809082,1.2381987571716309,1.1858235597610474,1.5441969633102417,1.5248944759368896,1.5810515880584717,1.5699905157089233,1.6569050550460815,1.6405351161956787
0.3898277282714844,0.40737995505332947,0.41462212800979614,0.41667497158050537,0.4201596975326538,0.4003903269767761,0.4073212742805481,0.4117814600467682,0.41517719626426697,0.3910295069217682,0.3986484706401825,0.4046061336994171,0.4087193012237549,0.38571640849113464,0.39215126633644104,0.39807432889938354,0.4028370678424835,0.3833753168582916,0.38730213046073914,0.3924430310726166,0.3970877230167389,0.8568406105041504,0.8713563084602356,0.899573802947998,0.9283922910690308,0.9496017098426819,0.9260135293006897,0.9589787125587463,0.9746843576431274,0.9878935217857361,0.9279545545578003,0.9614458084106445,0.9782630801200867,0.9906269311904907,0.925451397895813,0.9561306238174438,0.9716107845306396,0.9814757108688354,0.9219646453857422,0.9472815990447998,0.9603393077850342,0.9681083559989929,0.6057397127151489,0.5891547203063965,0.5828489661216736,0.5813484787940979,0.5781939625740051,0.5997099280357361,0.5941631197929382,0.589102566242218,0.5850173234939575,0.6084516048431396,0.6021848320960999,0.5955259203910828,0.5896648168563843,0.6131153106689453,0.6075837016105652,0.6014658212661743,0.5959205627441406,0.6147388815879822,0.6105111241340637,0.6055644154548645,0.6007030010223389,0.8438681960105896,0.858922004699707,0.8880170583724976,0.9171683192253113,0.938931941986084,0.9130937457084656,0.9490215182304382,0.9659706354141235,0.9783267378807068,0.9139612317085266,0.9490048289299011,0.964544415473938,0.9745494723320007,0.9112572073936462,0.9419997334480286,0.9571179747581482,0.9673663377761841,0.908025324344635,0.9337655305862427,0.9470134973526001,0.9559807181358337,0.4964427947998047,0.5093875527381897,0.5147494077682495,0.5202479362487793,0.4875336289405823,0.48058173060417175,0.47498995065689087,0.5298947095870972,0.4649943709373474,0.5095764398574829,0.4838172495365143,0.5791633129119873,0.41758817434310913,0.6016232371330261,0.39657458662986755,0.6049462556838989,0.39649149775505066,0.6082466840744019,0.3937668800354004,0.5947484374046326,0.4078885018825531,0.5898078083992004,0.41623809933662415,0.5492183566093445,0.44893723726272583,0.5516974925994873,0.4423448443412781,0.542163610458374,0.43576809763908386,0.5423377752304077,0.4352280795574188,0.5220335721969604,0.45212575793266296,0.24244610965251923,0.22046394646167755,0.22242246568202972,0.22382359206676483,0.21741071343421936,0.21804337203502655,0.21823230385780334,0.24349644780158997,0.23660808801651,0.274781733751297,0.2701709568500519,0.4194185435771942,0.42773038148880005,0.6470035314559937,0.6578736901283264,0.8453251719474792,0.8609191179275513,0.9072569608688354,0.9274071455001831,0.9069429039955139,0.9222798943519592,0.8875992298126221,0.9005903005599976,0.9023767709732056,0.9003699421882629,1.2384175062179565,1.1858744621276855,1.5443669557571411,1.5250952243804932,1.5810991525650024,1.5701595544815063,1.657177448272705,1.6406766176223755
0.3884620666503906,0.4063364267349243,0.41395992040634155,0.4163956046104431,0.41999107599258423,0.3991810381412506,0.40670114755630493,0.4111909866333008,0.4144834578037262,0.3896957039833069,0.39784303307533264,0.40415483713150024,0.40838685631752014,0.3843435049057007,0.391082763671875,0.3976788818836212,0.4027286171913147,0.382103830575943,0.3865898549556732,0.39241674542427063,0.39745813608169556,0.8572157621383667,0.8713845610618591,0.8992009162902832,0.927895188331604,0.9492132067680359,0.9261508584022522,0.9590479135513306,0.9743603467941284,0.9874079823493958,0.9286677837371826,0.9623346924781799,0.9786393046379089,0.99045729637146,0.9263259172439575,0.9567234516143799,0.971434473991394,0.9802853465080261,0.9231429100036621,0.948083758354187,0.9606015682220459,0.9677269458770752,0.6056596636772156,0.5890464782714844,0.5828434824943542,0.5813782215118408,0.578171968460083,0.5996183156967163,0.5941686034202576,0.5890814065933228,0.5849207043647766,0.6084392070770264,0.6023641228675842,0.5957164168357849,0.5898149013519287,0.6131595969200134,0.6078406572341919,0.6017661690711975,0.5961839556694031,0.6148289442062378,0.6106797456741333,0.6057217121124268,0.6007944941520691,0.8438510894775391,0.8590093851089478,0.8880483508110046,0.9171749353408813,0.9389165043830872,0.9130323529243469,0.9489870667457581,0.9659299850463867,0.9782634377479553,0.9135959148406982,0.9486508965492249,0.9642042517662048,0.9741067886352539,0.9105788469314575,0.941453218460083,0.9567376971244812,0.9669640064239502,0.907135546207428,0.9330145716667175,0.9463926553726196,0.9553835391998291,0.4964631199836731,0.5094054937362671,0.5147678256034851,0.5202805399894714,0.4875366985797882,0.48058435320854187,0.4749925434589386,0.5299382209777832,0.4649924635887146,0.5096061825752258,0.4838417172431946,0.5791665315628052,0.4176168739795685,0.6016294360160828,0.3965695798397064,0.604951024055481,0.3962504267692566,0.6082486510276794,0.3937707245349884,0.5947510004043579,0.4078720211982727,0.5898124575614929,0.41611769795417786,0.5491252541542053,0.44878950715065,0.5515502691268921,0.44218409061431885,0.5421344041824341,0.43545442819595337,0.5423367023468018,0.43503281474113464,0.5214639902114868,0.45130491256713867,0.2424624115228653,0.2204824537038803,0.22243313491344452,0.22382870316505432,0.2174384444952011,0.21807408332824707,0.21826450526714325,0.24351029098033905,0.23663121461868286,0.2748042643070221,0.27022671699523926,0.4194543659687042,0.42778900265693665,0.6470692753791809,0.6579127907752991,0.8454029560089111,0.8610119819641113,0.9072524905204773,0.9275060296058655,0.9069042801856995,0.9222999215126038,0.8875828385353088,0.9006233215332031,0.9024423956871033,0.9003881812095642,1.2384979724884033,1.1857678890228271,1.5445053577423096,1.5250091552734375,1.5811063051223755,1.5699632167816162,1.657392144203186,1.6405678987503052
0.38548895716667175,0.4032576382160187,0.41195148229599,0.4154201149940491,0.41914278268814087,0.3968161642551422,0.40524348616600037,0.4103311002254486,0.4141780436038971,0.3873669505119324,0.3964855968952179,0.403719425201416,0.40897148847579956,0.3819725215435028,0.38943707942962646,0.3966444134712219,0.40232715010643005,0.379637748003006,0.38473325967788696,0.39077872037887573,0.3959953188896179,0.8557980060577393,0.8704317212104797,0.8984359502792358,0.9263074398040771,0.9469683170318604,0.9253886938095093,0.9576923847198486,0.9722544550895691,0.9845722913742065,0.928303599357605,0.9612354636192322,0.9762603640556335,0.9865829348564148,0.9263458251953125,0.9566981792449951,0.9705309271812439,0.9786401391029358,0.9232915043830872,0.9479145407676697,0.9601573944091797,0.9671964645385742,0.6056448817253113,0.5889832377433777,0.582757830619812,0.5813990235328674,0.5782382488250732,0.599587619304657,0.5941993594169617,0.5890898108482361,0.5848857164382935,0.6084407567977905,0.6024100184440613,0.595744252204895,0.5897915959358215,0.6131347417831421,0.60777747631073,0.6016326546669006,0.5959593057632446,0.6147431135177612,0.6106163263320923,0.6056567430496216,0.6006760001182556,0.8440321683883667,0.8590638041496277,0.8879510760307312,0.9171480536460876,0.9389965534210205,0.9132962226867676,0.9493260383605957,0.9662814140319824,0.9786019325256348,0.913705050945282,0.948875904083252,0.9644650220870972,0.9743149280548096,0.9105478525161743,0.9415099620819092,0.9569534659385681,0.9672765135765076,0.9069936275482178,0.9330303072929382,0.9465506672859192,0.9556273818016052,0.49647998809814453,0.5094116926193237,0.514776349067688,0.5202900171279907,0.487540602684021,0.48058822751045227,0.4749949276447296,0.529967188835144,0.46499136090278625,0.509635329246521,0.4838921129703522,0.579171895980835,0.41764506697654724,0.6016348600387573,0.3965214192867279,0.604955792427063,0.39561954140663147,0.6082472205162048,0.39341971278190613,0.5947511196136475,0.4068741202354431,0.5898180603981018,0.41488441824913025,0.5489832758903503,0.4485877752304077,0.5514659881591797,0.4421067535877228,0.5421164035797119,0.4355207085609436,0.5423394441604614,0.4352772831916809,0.5211399793624878,0.451152503490448,0.24253511428833008,0.22051659226417542,0.22245287895202637,0.2238367646932602,0.21754060685634613,0.21819782257080078,0.21839573979377747,0.24352510273456573,0.23670576512813568,0.2748783826828003,0.27037855982780457,0.41958099603652954,0.428001344203949,0.6471976041793823,0.6578583717346191,0.845436692237854,0.860704243183136,0.9072427749633789,0.9269883632659912,0.9068194627761841,0.9221685528755188,0.8875404000282288,0.9005340933799744,0.9029995203018188,0.9004861116409302,1.2388834953308105,1.1857811212539673,1.5448472499847412,1.5250221490859985,1.5813020467758179,1.5699617862701416,1.6576124429702759,1.6405563354492188
0.37932848930358887,0.3973979651927948,0.4067348837852478,0.4114384055137634,0.4164773225784302,0.390816330909729,0.40074267983436584,0.40770548582077026,0.4124833047389984,0.3811974823474884,0.3914230167865753,0.40098708868026733,0.40725094079971313,0.3764561116695404,0.38557007908821106,0.3945545256137848,0.4005591869354248,0.374882310628891,0.3824319541454315,0.3902920186519623,0.3963034749031067,0.8543614745140076,0.8659631609916687,0.892332136631012,0.9198431968688965,0.9405636191368103,0.9233196377754211,0.9553646445274353,0.9670442342758179,0.9753920435905457,0.9254469275474548,0.9592777490615845,0.967543363571167,0.9701831936836243,0.9224175810813904,0.9528156518936157,0.9607220888137817,0.963011622428894,0.9184593558311462,0.9442853927612305,0.9539670944213867,0.957537055015564,0.6056517362594604,0.5890817642211914,0.5828216075897217,0.5813590288162231,0.5782184600830078,0.5996319055557251,0.5941927433013916,0.5890690088272095,0.5848692655563354,0.6084549427032471,0.6023744344711304,0.5956926941871643,0.5897271037101746,0.6131460666656494,0.607732892036438,0.6015726327896118,0.5959138870239258,0.6147728562355042,0.6105672717094421,0.6055834889411926,0.6006196141242981,0.8440930247306824,0.8591493368148804,0.8881334066390991,0.9171928763389587,0.9388923048973083,0.9132025837898254,0.9492233991622925,0.9662303924560547,0.9786063432693481,0.9138153195381165,0.9489678740501404,0.9645873308181763,0.9744642972946167,0.9109143018722534,0.9418503046035767,0.957184910774231,0.9674317836761475,0.9076136350631714,0.9335780739784241,0.9469769597053528,0.955981969833374,0.4965076148509979,0.5094320178031921,0.5147949457168579,0.5203279256820679,0.4875478446483612,0.4805954098701477,0.47499921917915344,0.5301144123077393,0.4649950861930847,0.5097008347511292,0.48399657011032104,0.5791985392570496,0.41782477498054504,0.601640522480011,0.39650630950927734,0.6049747467041016,0.3922460377216339,0.6082487106323242,0.3905181288719177,0.5947542190551758,0.4020552635192871,0.5898290276527405,0.40892714262008667,0.5487955212593079,0.4479600191116333,0.5512927174568176,0.441744863986969,0.5419905781745911,0.43552106618881226,0.5423070192337036,0.4353512227535248,0.5206829905509949,0.4507388472557068,0.24264314770698547,0.22056247293949127,0.22247213125228882,0.223842054605484,0.2177029252052307,0.21840065717697144,0.21860574185848236,0.24353474378585815,0.23680689930915833,0.2749277949333191,0.27055463194847107,0.41970202326774597,0.4280495345592499,0.6472311019897461,0.6573805212974548,0.8454440832138062,0.8591253161430359,0.9071998596191406,0.9253917932510376,0.9066822528839111,0.9205082058906555,0.887428879737854,0.8983042240142822,0.9034850001335144,0.9005716443061829,1.2391246557235718,1.185982346534729,1.5451011657714844,1.5252013206481934,1.5814807415008545,1.5701414346694946,1.6576454639434814,1.640525460243225
0.3708847761154175,0.3878748416900635,0.39826807379722595,0.40455755591392517,0.4101316034793854,0.37962910532951355,0.39266708493232727,0.4028530418872833,0.41040754318237305,0.3718397319316864,0.38624560832977295,0.39814597368240356,0.40664175152778625,0.3685644865036011,0.3815463185310364,0.3923683762550354,0.4001886546611786,0.3679812252521515,0.3777223527431488,0.3868083953857422,0.394002228975296,0.8456916809082031,0.8574814200401306,0.8822669982910156,0.9083788394927979,0.9280766844749451,0.913464367389679,0.9447872042655945,0.9516661167144775,0.9527432918548584,0.9177263379096985,0.9485180974006653,0.9536933302879333,0.9521238207817078,0.9166905283927917,0.9449079036712646,0.9498819708824158,0.9482542872428894,0.9136909246444702,0.9380854368209839,0.9456366896629333,0.9470022320747375,0.6056488752365112,0.5891199111938477,0.5828348398208618,0.5813496112823486,0.5781273245811462,0.5997406840324402,0.594144344329834,0.5890019536018372,0.5847902297973633,0.6085334420204163,0.6024004220962524,0.5956977605819702,0.5897231698036194,0.613200843334198,0.6078035235404968,0.6016489863395691,0.5960080623626709,0.6147990822792053,0.6106483340263367,0.6056682467460632,0.6007330417633057,0.8441861867904663,0.8591562509536743,0.8881192207336426,0.9172630906105042,0.9390742778778076,0.913298487663269,0.9493951201438904,0.9664796590805054,0.9788862466812134,0.9138951897621155,0.9491373896598816,0.9647089242935181,0.9744827151298523,0.9109679460525513,0.9419752955436707,0.9572007060050964,0.9673779010772705,0.9076118469238281,0.9336433410644531,0.947001039981842,0.9560075402259827,0.49655067920684814,0.5094894170761108,0.5148347616195679,0.520393967628479,0.4875636398792267,0.48060616850852966,0.47500932216644287,0.5302581191062927,0.4650129973888397,0.5098187327384949,0.4841112792491913,0.5792392492294312,0.4181409180164337,0.6016492247581482,0.3962435722351074,0.605013906955719,0.38601943850517273,0.6082580089569092,0.3845566511154175,0.5947712659835815,0.3947409391403198,0.5898697376251221,0.40032681822776794,0.5487291216850281,0.4475346505641937,0.5512394309043884,0.44169726967811584,0.5419058203697205,0.43548229336738586,0.5422570109367371,0.4353756606578827,0.5206109285354614,0.44888836145401,0.2427162230014801,0.22058239579200745,0.2224857658147812,0.22383800148963928,0.21787256002426147,0.2186211347579956,0.2188471406698227,0.24345974624156952,0.23689283430576324,0.27495044469833374,0.27062952518463135,0.41986510157585144,0.428077757358551,0.6472411155700684,0.6571887731552124,0.8454312086105347,0.8558749556541443,0.9071922302246094,0.9216181039810181,0.9066249132156372,0.915986180305481,0.8873494267463684,0.892718493938446,0.9038398861885071,0.9006955623626709,1.2396374940872192,1.187192678451538,1.5451046228408813,1.5265222787857056,1.5813947916030884,1.5715755224227905,1.6576727628707886,1.6413826942443848
0.35888129472732544,0.3744652271270752,0.38579893112182617,0.3937495946884155,0.3991292119026184,0.36440950632095337,0.38059037923812866,0.3916921019554138,0.39779025316238403,0.35802581906318665,0.37546077370643616,0.3875458538532257,0.3948621451854706,0.35611051321029663,0.37182778120040894,0.3824557065963745,0.3891901969909668,0.35697072744369507,0.3686820864677429,0.37786945700645447,0.3844744861125946,0.8290910124778748,0.8416469097137451,0.8654236793518066,0.8901610374450684,0.9093379378318787,0.8972784876823425,0.9267313480377197,0.9264854192733765,0.9202804565429688,0.9026433229446411,0.9317657947540283,0.9304351806640625,0.9215916991233826,0.9025874733924866,0.9289868474006653,0.9285480380058289,0.9213973879814148,0.8996945023536682,0.9216338992118835,0.9248009920120239,0.9226030111312866,0.6056617498397827,0.5891286730766296,0.5829644799232483,0.581486165523529,0.5781718492507935,0.5998117327690125,0.5940902233123779,0.5889261960983276,0.5847291350364685,0.6085820198059082,0.6022759079933167,0.5955324172973633,0.5895626544952393,0.6132043600082397,0.6076568365097046,0.6014766097068787,0.5958316922187805,0.6147595643997192,0.6105334162712097,0.6055314540863037,0.6005864143371582,0.8443809151649475,0.8594891428947449,0.8883536458015442,0.9174401164054871,0.9392642974853516,0.913503885269165,0.9494767189025879,0.9665689468383789,0.979056715965271,0.9141433238983154,0.9493890404701233,0.964947521686554,0.974763810634613,0.9112141132354736,0.9422662854194641,0.9575105309486389,0.9677530527114868,0.9078798890113831,0.9339668154716492,0.9473817348480225,0.9564976096153259,0.49660053849220276,0.5095382928848267,0.5148665904998779,0.5204471945762634,0.487581342458725,0.4806192219257355,0.4750283360481262,0.5303951501846313,0.4650367498397827,0.5099450945854187,0.48426929116249084,0.5794180035591125,0.41846564412117004,0.6016654968261719,0.3943628668785095,0.6050288677215576,0.3711859881877899,0.6082583069801331,0.3696955442428589,0.59477698802948,0.3803039789199829,0.5898762345314026,0.38613051176071167,0.5487018823623657,0.4474742114543915,0.5506231188774109,0.441847026348114,0.5418978333473206,0.43583357334136963,0.5423934459686279,0.4360446631908417,0.5199145078659058,0.4487133026123047,0.24301868677139282,0.22067174315452576,0.2225046008825302,0.2238423228263855,0.2182595133781433,0.21905264258384705,0.2192983627319336,0.24340343475341797,0.23705141246318817,0.27506837248802185,0.27109989523887634,0.4201897084712982,0.4280787408351898,0.6474608182907104,0.6546613574028015,0.8453968167304993,0.8414223790168762,0.9071512818336487,0.9043998122215271,0.9065631628036499,0.8975929021835327,0.8872199058532715,0.8746179342269897,0.902953565120697,0.900067150592804,1.2388358116149902,1.1864155530929565,1.543747901916504,1.5265061855316162,1.578930139541626,1.571568250656128,1.6571214199066162,1.6411913633346558
0.34668686985969543,0.3597066104412079,0.36886724829673767,0.3755260407924652,0.37986668944358826,0.34683090448379517,0.3613628149032593,0.3725404143333435,0.3767397999763489,0.3433558940887451,0.36046314239501953,0.37252986431121826,0.3762659430503845,0.3431491553783417,0.3591413199901581,0.3703491985797882,0.37436696887016296,0.3453245759010315,0.3576820492744446,0.3675543963909149,0.37246039509773254,0.8068622350692749,0.810393214225769,0.8303418159484863,0.8518789410591125,0.8681172132492065,0.8646445870399475,0.892174482345581,0.8872472643852234,0.8756239414215088,0.8753138780593872,0.9014505743980408,0.8930314183235168,0.8790662288665771,0.8807181119918823,0.9050377011299133,0.8967978954315186,0.8829180598258972,0.882211446762085,0.903197705745697,0.8994854688644409,0.8894075155258179,0.6059249043464661,0.5893113017082214,0.5829854607582092,0.5814834237098694,0.5781962275505066,0.5997993350028992,0.5942490100860596,0.5890774130821228,0.5848664045333862,0.6085554957389832,0.6024635434150696,0.5957515835762024,0.5897747278213501,0.6131408214569092,0.6077817678451538,0.6015730500221252,0.5958594083786011,0.6147069931030273,0.6105694770812988,0.6055414080619812,0.6005359292030334,0.8448057174682617,0.8596729636192322,0.8886144161224365,0.9174140691757202,0.9390053749084473,0.9137982726097107,0.9496663212776184,0.9667918086051941,0.9792395234107971,0.9145408272743225,0.949542760848999,0.9651356339454651,0.9750483632087708,0.9117570519447327,0.942873477935791,0.9582499265670776,0.9686060547828674,0.9085644483566284,0.9347472190856934,0.9483473896980286,0.9575826525688171,0.49673518538475037,0.5096262097358704,0.514914870262146,0.5205236077308655,0.4877157211303711,0.4807266294956207,0.4751710295677185,0.5305214524269104,0.4652094542980194,0.5101379156112671,0.48462942242622375,0.5796766877174377,0.41898778080940247,0.60169517993927,0.3921021819114685,0.6050233244895935,0.36016538739204407,0.6082449555397034,0.35573703050613403,0.5947605967521667,0.3615927994251251,0.5898252129554749,0.3683296740055084,0.5486916303634644,0.4473637342453003,0.5504472255706787,0.4450388550758362,0.54243004322052,0.43649736046791077,0.5431979894638062,0.43609198927879333,0.5206447839736938,0.45203545689582825,0.24321570992469788,0.22081385552883148,0.22256457805633545,0.22388391196727753,0.21863478422164917,0.21948394179344177,0.21979258954524994,0.24340704083442688,0.23721183836460114,0.2750978171825409,0.2713897228240967,0.420552134513855,0.42811083793640137,0.6475377678871155,0.6519116163253784,0.8452980518341064,0.8109246492385864,0.9070702791213989,0.86958909034729,0.9065361022949219,0.8651850819587708,0.8870174884796143,0.8447609543800354,0.8993052244186401,0.8975340127944946,1.2331010103225708,1.1820671558380127,1.5323976278305054,1.5215879678726196,1.5663131475448608,1.565711498260498,1.6430044174194336,1.6339877843856812
0.3426511287689209,0.3472011685371399,0.3503008782863617,0.3542490303516388,0.35698774456977844,0.3319530189037323,0.3398565351963043,0.349823921918869,0.35501664876937866,0.3314247727394104,0.34416627883911133,0.3543962836265564,0.3552853465080261,0.3332682251930237,0.34480488300323486,0.3527166545391083,0.35218358039855957,0.3358827531337738,0.3440483510494232,0.3501738905906677,0.3497052490711212,0.7959319949150085,0.7862319946289062,0.7895273566246033,0.7994174361228943,0.8111568689346313,0.8236852884292603,0.8380905985832214,0.830258846282959,0.8223854303359985,0.8408563137054443,0.8554835915565491,0.8396426439285278,0.8253605365753174,0.8519783020019531,0.8660038709640503,0.8485715389251709,0.8329766392707825,0.8582549095153809,0.8706753253936768,0.859239399433136,0.8460041284561157,0.606094479560852,0.5893752574920654,0.5829405188560486,0.5814217329025269,0.5781731605529785,0.5998579263687134,0.5943799614906311,0.589224100112915,0.5849907994270325,0.6086671948432922,0.6024749875068665,0.5956782102584839,0.5896692872047424,0.6132702827453613,0.6078276634216309,0.6014882326126099,0.5957472920417786,0.614821195602417,0.6107732057571411,0.6057282090187073,0.6007342338562012,0.8453744649887085,0.859738290309906,0.8883430361747742,0.9172735810279846,0.9390434622764587,0.9136354327201843,0.9497485160827637,0.9667869806289673,0.9790050983428955,0.9147766828536987,0.9501460790634155,0.9654003381729126,0.9748743176460266,0.9123526811599731,0.9435107707977295,0.9584307670593262,0.9683031439781189,0.9093442559242249,0.9355789422988892,0.9489302635192871,0.9578296542167664,0.4969925284385681,0.5097059607505798,0.5149569511413574,0.5205531716346741,0.4879727363586426,0.4809415936470032,0.4754774868488312,0.5306572914123535,0.4654959738254547,0.5105050802230835,0.4854249656200409,0.5798836946487427,0.4192582666873932,0.6017458438873291,0.3884219825267792,0.6049823760986328,0.345327228307724,0.6081716418266296,0.33827927708625793,0.5947182178497314,0.3412216603755951,0.5896941423416138,0.34811830520629883,0.5484514236450195,0.44641828536987305,0.5482114553451538,0.44643452763557434,0.5420826077461243,0.4374895691871643,0.543099045753479,0.43632203340530396,0.5201245546340942,0.454710990190506,0.24341917037963867,0.22095182538032532,0.22260558605194092,0.22390423715114594,0.21912425756454468,0.2200739085674286,0.22056357562541962,0.24343080818653107,0.23763255774974823,0.2751169800758362,0.2716978192329407,0.42137542366981506,0.42811885476112366,0.6475867033004761,0.6508697867393494,0.8450152277946472,0.7691242098808289,0.9069417715072632,0.8277587890625,0.906457781791687,0.8154421448707581,0.8866916298866272,0.7939087152481079,0.8991633057594299,0.897580087184906,1.2331548929214478,1.1820271015167236,1.5264654159545898,1.520519733428955,1.5601119995117188,1.564866065979004,1.632237195968628,1.6277509927749634
0.3278460730648342,0.3295797834224135,0.3269284873347856,0.3281430172593729,0.3325045457556414,0.3069594366539845,0.31837956936117917,0.32630876898198924,0.32678709231000636,0.3072453626444063,0.3234773075749919,0.3313135348264822,0.3296169811467827,0.3105820858263649,0.3258074704361346,0.33201620115348696,0.32934373048824755,0.3152014094234043,0.32646657039950927,0.3312327354147529,0.3286094748850884,0.7434126551512847,0.728258943242474,0.7227165340023821,0.7251496095522083,0.7357877119715492,0.7572699981993459,0.7616783097906874,0.7522553061421177,0.7478228242870903,0.7786490218629636,0.7815631915851022,0.7649326848016547,0.7570703795006775,0.7931614063655381,0.7958550418994136,0.777986125285211,0.7704211995517674,0.8034812057531182,0.8061635080991548,0.7917270634770402,0.7834599873354395,0.6062999367713928,0.5896980166435242,0.5832012891769409,0.581467866897583,0.5781485438346863,0.6001297235488892,0.5943281054496765,0.5891679525375366,0.5850389003753662,0.6089170575141907,0.6024193167686462,0.5956129431724548,0.5896977782249451,0.6135887503623962,0.6078130006790161,0.6014760136604309,0.5958403944969177,0.6152368187904358,0.6108509302139282,0.6057233810424805,0.6007860898971558,0.8454176187515259,0.8596779108047485,0.8884723782539368,0.9172644019126892,0.9388568997383118,0.9135901927947998,0.949743926525116,0.9668212532997131,0.9791549444198608,0.914973795413971,0.9502657055854797,0.9655508399009705,0.9751536250114441,0.9127795696258545,0.9439067244529724,0.9586864113807678,0.9685031771659851,0.909956157207489,0.9360739588737488,0.9491963386535645,0.9579235911369324,0.49724704027175903,0.5098142623901367,0.5150251388549805,0.520630955696106,0.48827049136161804,0.4811887741088867,0.4758187532424927,0.5308420658111572,0.4657539129257202,0.5108023285865784,0.4860346019268036,0.5802822709083557,0.41981759667396545,0.6017703413963318,0.38528528809547424,0.6049776673316956,0.3321593999862671,0.6081586480140686,0.31872278451919556,0.5946869254112244,0.3175981342792511,0.5895991921424866,0.3263491094112396,0.5484211444854736,0.4463793933391571,0.5482050776481628,0.44985824823379517,0.5426637530326843,0.4415380656719208,0.5436002612113953,0.43920662999153137,0.522428572177887,0.45869141817092896,0.2438827008008957,0.2211763709783554,0.2226962000131607,0.2239646315574646,0.21962743997573853,0.22061030566692352,0.22122396528720856,0.2434930056333542,0.2380228042602539,0.27526259422302246,0.27232447266578674,0.42216265201568604,0.4281081557273865,0.6476082801818848,0.6438751220703125,0.8445592522621155,0.7274267673492432,0.9067444801330566,0.771632730960846,0.9062978029251099,0.750942051410675,0.8862408995628357,0.7336692214012146,0.896208643913269,0.8970911502838135,1.2311896085739136,1.1815685033798218,1.5236971378326416,1.517950177192688,1.5578031539916992,1.5624479055404663,1.628542423248291,1.6202389001846313
0.3123348653316498,0.3108884394168854,0.30521678924560547,0.30337584018707275,0.30808594822883606,0.28008145093917847,0.29697883129119873,0.303059458732605,0.2990913391113281,0.2808333933353424,0.30284595489501953,0.308179646730423,0.30379894375801086,0.2857399880886078,0.3066590130329132,0.31140005588531494,0.3065553903579712,0.29231318831443787,0.30881330370903015,0.31243789196014404,0.3085622191429138,0.6878283023834229,0.6671103835105896,0.6491355299949646,0.6492640972137451,0.65939861536026,0.6846570372581482,0.6819782853126526,0.6731948256492615,0.6705539226531982,0.7057095170021057,0.7010316848754883,0.6897866129875183,0.6882498264312744,0.7210816740989685,0.7164065837860107,0.7050502896308899,0.7038159966468811,0.7330917716026306,0.7296801209449768,0.7191018462181091,0.7157596945762634,0.6066586971282959,0.5899267196655273,0.5834062099456787,0.5816565155982971,0.5782721042633057,0.6004469990730286,0.5946611166000366,0.5894888639450073,0.5852850079536438,0.6092490553855896,0.6030117869377136,0.5962132811546326,0.5901905298233032,0.6139042973518372,0.6085376739501953,0.6022356152534485,0.5965404510498047,0.6155094504356384,0.6114830374717712,0.6064640879631042,0.6014829277992249,0.84470134973526,0.8594059348106384,0.8882916569709778,0.9173197746276855,0.9390649199485779,0.9133521318435669,0.9493511319160461,0.9667053818702698,0.9793741703033447,0.9145239591598511,0.949597179889679,0.9653847813606262,0.9754643440246582,0.9120572805404663,0.9427679181098938,0.9577275514602661,0.9676530361175537,0.9090028405189514,0.9349502921104431,0.9482696056365967,0.9570503234863281,0.4974009692668915,0.5098884701728821,0.5150869488716125,0.5206754207611084,0.4885236620903015,0.4814167022705078,0.47611743211746216,0.5311505198478699,0.46604934334754944,0.5109532475471497,0.4863279461860657,0.5805126428604126,0.4211651086807251,0.6018730401992798,0.38277530670166016,0.6049845218658447,0.32129761576652527,0.6081695556640625,0.3003119230270386,0.5946866273880005,0.29872795939445496,0.5895847678184509,0.30944663286209106,0.5485441088676453,0.4464779496192932,0.5482985973358154,0.4510781168937683,0.5440500974655151,0.44497692584991455,0.5450529456138611,0.44223853945732117,0.5245431065559387,0.46258488297462463,0.24427048861980438,0.22136494517326355,0.22279246151447296,0.22404377162456512,0.21996743977069855,0.22096389532089233,0.2216697633266449,0.24383392930030823,0.2383430153131485,0.27554136514663696,0.27282169461250305,0.4223453998565674,0.4273189604282379,0.6476191878318787,0.6347429156303406,0.8444268703460693,0.6835690140724182,0.9067333936691284,0.710063636302948,0.9063113927841187,0.6871217489242554,0.8862308859825134,0.6764596700668335,0.8931573629379272,0.8962225914001465,1.2270206212997437,1.1810768842697144,1.5219309329986572,1.5148590803146362,1.5568164587020874,1.558716893196106,1.6273140907287598,1.6168149709701538
0.29778480081570563,0.2958008912468735,0.29207597663914137,0.2910464868066242,0.29512767574477133,0.26316123324613944,0.2817041982436017,0.28702738782181514,0.2835035448908131,0.2652459730833045,0.2886887291679174,0.2914366090920001,0.2862066832494548,0.2712611576841227,0.2929672511567893,0.29475716872503427,0.288596526429735,0.27847984624635935,0.29564192464091105,0.2971715452130844,0.29236038181991764,0.6326322629673956,0.6068990550150729,0.5805692760873185,0.5742886207968719,0.5782360109688399,0.6104326942381719,0.5989182789537932,0.5979722667946593,0.6002600173861035,0.6307091520988017,0.6165741726497411,0.6157367439479461,0.6189755956034043,0.6470572984365738,0.6322324299061209,0.6304175283918254,0.6311799519636127,0.6603940668422885,0.647392161480084,0.6439022094701287,0.6447800553466051,0.6070596575737,0.5903222560882568,0.5837967395782471,0.5820164084434509,0.5784517526626587,0.600816547870636,0.5948221683502197,0.5896348357200623,0.5855018496513367,0.6095274090766907,0.6030625104904175,0.5962908864021301,0.590371310710907,0.6141225695610046,0.6085408926010132,0.6022475361824036,0.5966200828552246,0.6157348155975342,0.6115755438804626,0.6065707802772522,0.60167396068573,0.8445073962211609,0.8591561317443848,0.8882296085357666,0.9172620177268982,0.9387543201446533,0.9136729836463928,0.9492836594581604,0.9664113521575928,0.978975772857666,0.9149436950683594,0.9494002461433411,0.9648428559303284,0.9749524593353271,0.9125900268554688,0.9430145025253296,0.9578273892402649,0.967750608921051,0.9096314907073975,0.9353744983673096,0.9485790729522705,0.9573906064033508,0.49748101830482483,0.5099510550498962,0.5151652693748474,0.5208218097686768,0.4887431561946869,0.48162686824798584,0.4763859212398529,0.5317248106002808,0.4663121998310089,0.5110458731651306,0.48654696345329285,0.5809109210968018,0.421412855386734,0.6019213795661926,0.38115745782852173,0.6050271391868591,0.30796727538108826,0.6082082390785217,0.2850187420845032,0.594701886177063,0.28590959310531616,0.5895860195159912,0.2963457405567169,0.5486285090446472,0.4464731514453888,0.5481939315795898,0.4509508013725281,0.5440331697463989,0.4448590576648712,0.5450279712677002,0.4420216381549835,0.5236209630966187,0.46337559819221497,0.24522601068019867,0.221685528755188,0.2229841649532318,0.22423307597637177,0.22054912149906158,0.22151006758213043,0.22226253151893616,0.24430406093597412,0.23874531686306,0.2764929234981537,0.2739003300666809,0.4228925406932831,0.42670437693595886,0.6477062106132507,0.6267684102058411,0.8443968296051025,0.6374145746231079,0.9067873954772949,0.6442943811416626,0.9063611626625061,0.6095690131187439,0.8862214088439941,0.6064684391021729,0.8929805755615234,0.8959270119667053,1.2231287956237793,1.1786444187164307,1.5187855958938599,1.5128177404403687,1.5534770488739014,1.5569324493408203,1.6271685361862183,1.616299033164978
0.28623297810554504,0.2834053635597229,0.28120481967926025,0.28197312355041504,0.2862760126590729,0.2541691064834595,0.27420222759246826,0.2791917324066162,0.2756917178630829,0.25604480504989624,0.27981555461883545,0.28193575143814087,0.2766258418560028,0.26172322034835815,0.28377431631088257,0.2845194339752197,0.2788105905056,0.26876792311668396,0.28543737530708313,0.28631138801574707,0.2815750539302826,0.5846779942512512,0.5516946315765381,0.5244491696357727,0.5056901574134827,0.504737377166748,0.5365825891494751,0.5164841413497925,0.5260884761810303,0.5347378849983215,0.5557749271392822,0.5326008200645447,0.5424885153770447,0.5500091314315796,0.5729678273200989,0.548610508441925,0.5563341379165649,0.5627574324607849,0.5876229405403137,0.5657175779342651,0.5694350600242615,0.575613260269165,0.6074032783508301,0.5907886624336243,0.5841019153594971,0.5822434425354004,0.578844428062439,0.6011966466903687,0.5951131582260132,0.5898858904838562,0.585773229598999,0.6097959876060486,0.6031702756881714,0.5963716506958008,0.5904879570007324,0.6142439842224121,0.6084651947021484,0.6021121740341187,0.5964711904525757,0.6156725287437439,0.6113281846046448,0.6062452793121338,0.6013133525848389,0.8443936705589294,0.8589729070663452,0.887692928314209,0.9167153239250183,0.9382931590080261,0.9130157828330994,0.9488383531570435,0.9659179449081421,0.978434681892395,0.9144421815872192,0.9492138028144836,0.9646734595298767,0.9747981429100037,0.9123837351799011,0.9429497122764587,0.9578644037246704,0.9678601622581482,0.9097675085067749,0.935566782951355,0.9487279653549194,0.9574836492538452,0.4975258409976959,0.5101301670074463,0.5153487920761108,0.5212855935096741,0.4891323149204254,0.4819381833076477,0.47669535875320435,0.5325941443443298,0.4667041599750519,0.5110597014427185,0.48655375838279724,0.5814711451530457,0.4214269518852234,0.6020277738571167,0.3754786252975464,0.6051056385040283,0.29119762778282166,0.6082326769828796,0.2701895833015442,0.5947170257568359,0.27386990189552307,0.5896059274673462,0.2844617962837219,0.5487015247344971,0.4463755786418915,0.5493220090866089,0.45123669505119324,0.5440142154693604,0.445064902305603,0.5452557802200317,0.4420411288738251,0.5212262272834778,0.46314293146133423,0.24655456840991974,0.22202354669570923,0.22328880429267883,0.22464457154273987,0.22096170485019684,0.2218000590801239,0.2224559783935547,0.24549232423305511,0.2388351708650589,0.2781955897808075,0.2753066122531891,0.42319226264953613,0.42651015520095825,0.6480365991592407,0.6216892600059509,0.8443952202796936,0.5896562933921814,0.9069480299949646,0.5721259713172913,0.9063961505889893,0.5397969484329224,0.8862127661705017,0.5463635921478271,0.8931472897529602,0.8954575657844543,1.2215478420257568,1.1755719184875488,1.516250729560852,1.5092856884002686,1.5504820346832275,1.5543506145477295,1.6274638175964355,1.6135140657424927
0.2889772057533264,0.2795906066894531,0.2714167833328247,0.2654215693473816,0.2613992989063263,0.2568105459213257,0.2696978449821472,0.27392521500587463,0.272126704454422,0.2565731704235077,0.274075448513031,0.27730634808540344,0.27399981021881104,0.26023203134536743,0.2776564657688141,0.2796558141708374,0.2768687307834625,0.2663251459598541,0.27879688143730164,0.28072211146354675,0.27846673130989075,0.5557869076728821,0.52541184425354,0.499737024307251,0.4839833974838257,0.47054341435432434,0.4891127049922943,0.4679655134677887,0.4721629023551941,0.47696948051452637,0.500881016254425,0.47828540205955505,0.4853780269622803,0.49025511741638184,0.5139189958572388,0.4922311007976532,0.4993049204349518,0.505702018737793,0.5275580883026123,0.5090724229812622,0.5119687914848328,0.5172282457351685,0.6076386570930481,0.5910043716430664,0.5843589305877686,0.5825751423835754,0.579514741897583,0.6013655662536621,0.5955796241760254,0.5903767347335815,0.5862243175506592,0.6100114583969116,0.6036099195480347,0.596812903881073,0.5908581614494324,0.6144845485687256,0.6089497208595276,0.6025672554969788,0.5968009233474731,0.6159741878509521,0.611845850944519,0.6067896485328674,0.6017465591430664,0.843817949295044,0.8583734631538391,0.8867328763008118,0.9157834053039551,0.9376417994499207,0.9122704267501831,0.9479550123214722,0.9650797247886658,0.9776523113250732,0.9138360619544983,0.9483715891838074,0.9642751216888428,0.9748613238334656,0.9118778705596924,0.9425811767578125,0.9580326676368713,0.9684709310531616,0.9093321561813354,0.9354579448699951,0.9491817951202393,0.9583913683891296,0.49761155247688293,0.5104392170906067,0.5156751871109009,0.5220505595207214,0.4895108938217163,0.482235848903656,0.4769402742385864,0.5333491563796997,0.4669938087463379,0.5111117959022522,0.48655202984809875,0.581652045249939,0.42129814624786377,0.6021020412445068,0.3698551058769226,0.605122983455658,0.28549039363861084,0.6082341074943542,0.26356106996536255,0.5947243571281433,0.2675015330314636,0.5896111726760864,0.27782148122787476,0.5487072467803955,0.4460591673851013,0.5500538945198059,0.4511810541152954,0.5437172651290894,0.44505584239959717,0.545231282711029,0.4420285224914551,0.5181890726089478,0.4628821611404419,0.24760471284389496,0.2223600298166275,0.22363747656345367,0.2251494824886322,0.22122390568256378,0.22194285690784454,0.22250373661518097,0.24667112529277802,0.23884277045726776,0.2794545888900757,0.2762887477874756,0.4232981503009796,0.4263021647930145,0.6483242511749268,0.6116586327552795,0.8443980813026428,0.539087176322937,0.9070156812667847,0.5136170387268066,0.9063968062400818,0.48296865820884705,0.8861984610557556,0.49139946699142456,0.8947917819023132,0.8954705595970154,1.2220083475112915,1.1734051704406738,1.517240047454834,1.508278489112854,1.551694631576538,1.5545810461044312,1.6284130811691284,1.6126306056976318
0.29660657048225403,0.2884087562561035,0.28158673644065857,0.2751843333244324,0.2707359492778778,0.2709789276123047,0.2675148546695709,0.2699664533138275,0.2731380760669708,0.27012765407562256,0.2690455913543701,0.2730497717857361,0.2768687605857849,0.2726639211177826,0.27210038900375366,0.2758563756942749,0.27956947684288025,0.2776225805282593,0.27765148878097534,0.28025302290916443,0.28302666544914246,0.5252505540847778,0.4946129620075226,0.4684503972530365,0.449857622385025,0.43396836519241333,0.4781534969806671,0.45479142665863037,0.4359637200832367,0.4226788878440857,0.48937511444091797,0.46463528275489807,0.4471762776374817,0.43628084659576416,0.5008214712142944,0.47622621059417725,0.46013545989990234,0.44980472326278687,0.511825442314148,0.49091535806655884,0.4754480719566345,0.46469277143478394,0.6077492237091064,0.5911921262741089,0.5845166444778442,0.5826879143714905,0.5795853734016418,0.6017334461212158,0.5960900783538818,0.5909009575843811,0.5866575837135315,0.6104035377502441,0.6042572259902954,0.5975801348686218,0.5916454195976257,0.614899754524231,0.6094804406166077,0.6031907200813293,0.5974421501159668,0.6163231730461121,0.612125039100647,0.6070929765701294,0.6020669341087341,0.843397319316864,0.8578129410743713,0.8863677978515625,0.9151462912559509,0.9369387030601501,0.911372184753418,0.9475147724151611,0.9648981690406799,0.9774765968322754,0.9128797054290771,0.9480542540550232,0.9639484286308289,0.9741711616516113,0.9109851717948914,0.9421378970146179,0.9573923945426941,0.9675949811935425,0.9085943698883057,0.9348222613334656,0.9483834505081177,0.9575818181037903,0.49765172600746155,0.5105568766593933,0.515829861164093,0.5223404169082642,0.48985040187835693,0.482498437166214,0.477175235748291,0.5338461399078369,0.46722671389579773,0.5111197233200073,0.48655107617378235,0.58193439245224,0.4213002920150757,0.6021901965141296,0.36418312788009644,0.6051618456840515,0.28306007385253906,0.608275830745697,0.2641396224498749,0.5947713255882263,0.27086833119392395,0.5896581411361694,0.2798874080181122,0.5487819910049438,0.4461168348789215,0.5516707897186279,0.4510178864002228,0.5439547300338745,0.4450531005859375,0.5454748272895813,0.44195911288261414,0.5187879204750061,0.46361836791038513,0.24803116917610168,0.22253365814685822,0.22380496561527252,0.22537069022655487,0.22134529054164886,0.22198344767093658,0.22251759469509125,0.24747630953788757,0.23877303302288055,0.2800706923007965,0.27674904465675354,0.4233516454696655,0.42619800567626953,0.6485335230827332,0.6009084582328796,0.8443900346755981,0.4907449781894684,0.9069938659667969,0.4469008147716522,0.906389594078064,0.424729585647583,0.886175811290741,0.438541054725647,0.8941730260848999,0.8938528299331665,1.2194664478302002,1.1709524393081665,1.5112531185150146,1.5063928365707397,1.5460946559906006,1.553889513015747,1.6277577877044678,1.6130261421203613
0.29493148889862003,0.29425468530807863,0.292042457831733,0.2916495451193391,0.2927850507321919,0.27490436874257357,0.2810117471855864,0.2855210931416252,0.286159915976315,0.27490509990602596,0.28253797415728443,0.2869322567986024,0.2905242536530487,0.2782868694392443,0.2856152464903266,0.2903974106842535,0.2934188828437111,0.2840138030783772,0.29124454532415534,0.29561966555238367,0.29550121737026014,0.466209759464948,0.43524528866911916,0.408672594316044,0.387204189988169,0.3758178946848045,0.40478493747566935,0.3826381091066446,0.37943882409983165,0.37544334239586963,0.41503937807263613,0.392343684377068,0.3904718432976285,0.3874134332533291,0.42642278631054964,0.40411873920041214,0.4022283917539523,0.3986162864774937,0.4378399713425349,0.41808215393664233,0.41463770669540784,0.4130973092283552,0.6078932285308838,0.5912556648254395,0.5847737789154053,0.5830292701721191,0.5801799297332764,0.602220356464386,0.596591055393219,0.5913625955581665,0.5871157050132751,0.6107439994812012,0.6045109033584595,0.5976807475090027,0.5916963815689087,0.615019679069519,0.6095512509346008,0.6030637621879578,0.5972687602043152,0.6162136197090149,0.6120912432670593,0.6069309115409851,0.6018124222755432,0.8436214327812195,0.8582534790039062,0.8866785764694214,0.9153146147727966,0.937022864818573,0.9112744927406311,0.9478195905685425,0.9650259017944336,0.9773850440979004,0.9126454591751099,0.9485161304473877,0.9642415642738342,0.9741913080215454,0.9107020497322083,0.9423025846481323,0.9575580954551697,0.9676072001457214,0.9082628488540649,0.9348362684249878,0.9484297037124634,0.9573902487754822,0.49777305126190186,0.5106889605522156,0.5159786939620972,0.5225303173065186,0.4901723265647888,0.48275935649871826,0.47748202085494995,0.5342006683349609,0.4674142897129059,0.5111891627311707,0.4865923225879669,0.5821834802627563,0.4214619994163513,0.6022318005561829,0.3604298233985901,0.6051981449127197,0.2873959541320801,0.6082957983016968,0.27132701873779297,0.5949140787124634,0.27856773138046265,0.5898234844207764,0.2871091663837433,0.5488788485527039,0.4461221992969513,0.551876425743103,0.4500468671321869,0.544037401676178,0.4450182020664215,0.5455906391143799,0.4419020414352417,0.5200756788253784,0.4645361304283142,0.2481272965669632,0.2225620597600937,0.22382031381130219,0.22538195550441742,0.22139140963554382,0.22200027108192444,0.2225295901298523,0.24762429296970367,0.23870761692523956,0.2802049219608307,0.27690228819847107,0.42340022325515747,0.42464596033096313,0.6486898064613342,0.5907847285270691,0.8444036841392517,0.45151615142822266,0.9069383144378662,0.40023940801620483,0.906386137008667,0.3786185085773468,0.886170506477356,0.3982223570346832,0.8934280872344971,0.8932226896286011,1.2191259860992432,1.1705695390701294,1.5099914073944092,1.5066817998886108,1.5457261800765991,1.5541545152664185,1.6278536319732666,1.6135503053665161
0.29452934861183167,0.30039289593696594,0.302556574344635,0.30770888924598694,0.31422847509384155,0.281574010848999,0.302505224943161,0.30550915002822876,0.30201467871665955,0.2826170325279236,0.3061849772930145,0.30899256467819214,0.3053087592124939,0.286626935005188,0.30893006920814514,0.31130826473236084,0.3075380325317383,0.2924988865852356,0.30986839532852173,0.3121766149997711,0.309421181678772,0.41412413120269775,0.3831072747707367,0.3533872961997986,0.3313175439834595,0.3200646936893463,0.33402106165885925,0.3147297203540802,0.32831841707229614,0.3380534052848816,0.3432967960834503,0.3249390423297882,0.33883658051490784,0.3461419939994812,0.3548282980918884,0.33645132184028625,0.3489004671573639,0.35660022497177124,0.3668423295021057,0.34921950101852417,0.3584074079990387,0.36579689383506775,0.6080684065818787,0.5913838744163513,0.5850915312767029,0.5834454298019409,0.5805069804191589,0.6025363206863403,0.5969704985618591,0.5917850732803345,0.5876083970069885,0.6110116243362427,0.6048780083656311,0.5981506109237671,0.5922220349311829,0.6152389049530029,0.6098024845123291,0.6034655570983887,0.5977782607078552,0.6163569092750549,0.6122106313705444,0.6070799827575684,0.6019743084907532,0.843493640422821,0.8588778376579285,0.8872979283332825,0.9159972667694092,0.937538206577301,0.9110851883888245,0.9474390149116516,0.9645549654960632,0.9769173860549927,0.9122197031974792,0.9479016661643982,0.9639312028884888,0.9745221138000488,0.9102396368980408,0.9416385293006897,0.9569708704948425,0.9672160148620605,0.907848060131073,0.9344356060028076,0.9482243657112122,0.9573725461959839,0.4978780150413513,0.510776162147522,0.5160941481590271,0.5226155519485474,0.4903166592121124,0.48291274905204773,0.4777033030986786,0.5344893932342529,0.46750226616859436,0.5112810730934143,0.486663818359375,0.582198977470398,0.42160388827323914,0.6022388339042664,0.3589205741882324,0.6052523851394653,0.29500812292099,0.6083192229270935,0.28076088428497314,0.5951172709465027,0.2873942255973816,0.5900671482086182,0.2959372401237488,0.5491310954093933,0.4461669623851776,0.5519246459007263,0.4504423141479492,0.5447583794593811,0.4471563398838043,0.5466602444648743,0.4436066448688507,0.5216040015220642,0.468516081571579,0.24813930690288544,0.22258055210113525,0.22384141385555267,0.22539125382900238,0.22142957150936127,0.22202862799167633,0.22253873944282532,0.24762505292892456,0.2387062907218933,0.2802566885948181,0.27694761753082275,0.42339301109313965,0.4231324791908264,0.6487085223197937,0.5871315002441406,0.8443418145179749,0.4151526987552643,0.9063754677772522,0.3595919609069824,0.9062404036521912,0.3442683517932892,0.8860770463943481,0.3641737699508667,0.8910876512527466,0.8921154737472534,1.2137422561645508,1.1684800386428833,1.5052547454833984,1.5047091245651245,1.5423579216003418,1.5538350343704224,1.6259130239486694,1.6131435632705688
0.3091258406639099,0.3108484148979187,0.3143925964832306,0.32283681631088257,0.332770437002182,0.3029901683330536,0.32410216331481934,0.3240887522697449,0.31877079606056213,0.3047614097595215,0.327204167842865,0.32569417357444763,0.3205750286579132,0.3087736964225769,0.3291204273700714,0.3270709812641144,0.3217192590236664,0.31407061219215393,0.3299139440059662,0.3288346827030182,0.3249109089374542,0.3984413146972656,0.36771777272224426,0.3339768052101135,0.3141006827354431,0.3026585876941681,0.30742913484573364,0.29217636585235596,0.30489861965179443,0.31318342685699463,0.31246238946914673,0.300158828496933,0.31295835971832275,0.31906166672706604,0.32199737429618835,0.3097008764743805,0.3214257061481476,0.32831448316574097,0.33361852169036865,0.3216826617717743,0.33048805594444275,0.33687663078308105,0.6080394387245178,0.591367781162262,0.5851643681526184,0.5835935473442078,0.5808404088020325,0.6026172637939453,0.5969089269638062,0.5916548371315002,0.5874216556549072,0.6110996603965759,0.6049151420593262,0.5981342196464539,0.5922085046768188,0.6153498888015747,0.6098185777664185,0.6034128665924072,0.5977274775505066,0.6164712309837341,0.6122848987579346,0.6071114540100098,0.6020227074623108,0.8436590433120728,0.8588284850120544,0.8871799111366272,0.9156256914138794,0.937162458896637,0.9110445380210876,0.9476707577705383,0.964870810508728,0.9772797226905823,0.912076473236084,0.9480804204940796,0.9640283584594727,0.9743679761886597,0.9100220799446106,0.9417451024055481,0.9570097923278809,0.9671866297721863,0.9076632857322693,0.9344161152839661,0.9481061697006226,0.9572551250457764,0.49803972244262695,0.5109546780586243,0.5162690877914429,0.5228280425071716,0.490390807390213,0.4829809367656708,0.4777693748474121,0.5347851514816284,0.46750691533088684,0.5114195942878723,0.4867438077926636,0.5821802616119385,0.42190587520599365,0.6022446155548096,0.3576321601867676,0.6052597761154175,0.30203765630722046,0.6082835793495178,0.3002582788467407,0.5951368808746338,0.3061729371547699,0.5901066660881042,0.3110886812210083,0.5491427779197693,0.4461628198623657,0.5515305995941162,0.45177823305130005,0.544655442237854,0.4472596049308777,0.5466393232345581,0.4435618817806244,0.520386815071106,0.46893441677093506,0.24816866219043732,0.22260786592960358,0.2238612174987793,0.22537024319171906,0.2214438021183014,0.22205136716365814,0.2225499302148819,0.24756133556365967,0.23875008523464203,0.2803763151168823,0.27716514468193054,0.42334553599357605,0.42078790068626404,0.6487007141113281,0.5814557671546936,0.8441897034645081,0.3827112019062042,0.9055771231651306,0.3265467584133148,0.9060105681419373,0.3145553469657898,0.8859302401542664,0.32877472043037415,0.8871335983276367,0.8885927200317383,1.2072317600250244,1.1647411584854126,1.498903751373291,1.5018082857131958,1.536529779434204,1.552627682685852,1.6196388006210327,1.6104247570037842
0.3298652768135071,0.3280167281627655,0.3303089439868927,0.33763977885246277,0.34623607993125916,0.32894814014434814,0.34957432746887207,0.35193803906440735,0.34912097454071045,0.33135122060775757,0.3533206284046173,0.3542884588241577,0.35133349895477295,0.33545780181884766,0.3559485375881195,0.3559686541557312,0.35229262709617615,0.340660035610199,0.3564602732658386,0.35671430826187134,0.3536926209926605,0.38148242235183716,0.34998780488967896,0.32021498680114746,0.3038351237773895,0.2984316051006317,0.2907930910587311,0.2784729301929474,0.2882749140262604,0.2978643476963043,0.29319268465042114,0.2836005687713623,0.29403311014175415,0.3020284175872803,0.30098679661750793,0.2923794686794281,0.3015860319137573,0.30846381187438965,0.31192854046821594,0.3051297664642334,0.3108660578727722,0.315112441778183,0.6078035831451416,0.5913717150688171,0.5852447748184204,0.5836487412452698,0.5808461904525757,0.6024826765060425,0.5969794392585754,0.5917600393295288,0.587517499923706,0.6109276413917542,0.6049391031265259,0.5982118844985962,0.5922396183013916,0.6152511835098267,0.6098679304122925,0.6036162972450256,0.5979365110397339,0.6164897680282593,0.6124151945114136,0.6073669195175171,0.6023277044296265,0.843499481678009,0.8587449789047241,0.8871074318885803,0.9154477119445801,0.9369910359382629,0.9112173318862915,0.9475501775741577,0.9647717475891113,0.9773254990577698,0.9121058583259583,0.9477165937423706,0.9638270139694214,0.974386990070343,0.909909725189209,0.9414432644844055,0.9568027257919312,0.96711665391922,0.9074625968933105,0.9341475963592529,0.9479677081108093,0.9573251605033875,0.4981944262981415,0.5110843777656555,0.5164586305618286,0.5229872465133667,0.4905322790145874,0.4831220805644989,0.4779096841812134,0.5350022912025452,0.46753495931625366,0.5115249752998352,0.4869198501110077,0.5821229815483093,0.42242875695228577,0.6022533178329468,0.35777947306632996,0.6052770018577576,0.3287237584590912,0.6082764863967896,0.33477482199668884,0.5951951146125793,0.3377848267555237,0.5902031064033508,0.34028342366218567,0.549378514289856,0.44613295793533325,0.5510919690132141,0.4535757303237915,0.5439799427986145,0.4478914141654968,0.5465442538261414,0.4441097676753998,0.5170366764068604,0.4684786796569824,0.24817979335784912,0.22262248396873474,0.22386029362678528,0.2252960354089737,0.22146527469158173,0.22207176685333252,0.22253862023353577,0.2475089430809021,0.23871861398220062,0.2803988456726074,0.2772507071495056,0.4231894016265869,0.42067912220954895,0.648506760597229,0.5766291618347168,0.8440230488777161,0.3655008375644684,0.9049647450447083,0.3140052855014801,0.9057121872901917,0.298389196395874,0.8856838941574097,0.31528621912002563,0.8838632702827454,0.8863328099250793,1.2035058736801147,1.1620845794677734,1.4970217943191528,1.4947651624679565,1.5351697206497192,1.5461249351501465,1.6155564785003662,1.6021602153778076
0.35142672061920166,0.3552403450012207,0.3600462079048157,0.3682096302509308,0.376636266708374,0.3571770191192627,0.376185804605484,0.38053369522094727,0.37980207800865173,0.3604070246219635,0.37941092252731323,0.3827036917209625,0.3819419741630554,0.36495643854141235,0.3823428750038147,0.3849424123764038,0.38388925790786743,0.3700612783432007,0.38364553451538086,0.3864244818687439,0.38650161027908325,0.3762543201446533,0.3489389419555664,0.3220321238040924,0.30736732482910156,0.30415618419647217,0.28968843817710876,0.2835460901260376,0.29353439807891846,0.3042547404766083,0.29137182235717773,0.2862265706062317,0.29535239934921265,0.30452048778533936,0.29879996180534363,0.2932526469230652,0.3014872074127197,0.310124933719635,0.3093712329864502,0.3038767874240875,0.3092230260372162,0.31516286730766296,0.6073495149612427,0.591062068939209,0.5851094126701355,0.5837535858154297,0.5807814598083496,0.6022282242774963,0.5965538620948792,0.5912046432495117,0.5868996977806091,0.6103748083114624,0.6042537093162537,0.5975130796432495,0.5914764404296875,0.614391565322876,0.608935534954071,0.6026811003684998,0.5969213247299194,0.6154284477233887,0.6112993955612183,0.6063147187232971,0.6012892127037048,0.8440617322921753,0.8595174551010132,0.8880066275596619,0.9160548448562622,0.9372266530990601,0.9119988679885864,0.9476661682128906,0.9647238254547119,0.9771624803543091,0.9127432107925415,0.9476854205131531,0.9637002944946289,0.9743672609329224,0.9105523824691772,0.941845178604126,0.9575201272964478,0.9683354496955872,0.9082377552986145,0.9346545338630676,0.9485973715782166,0.9583182334899902,0.49827975034713745,0.5112802386283875,0.516708493232727,0.5232342481613159,0.49074384570121765,0.4833277761936188,0.4780353307723999,0.535072386264801,0.46755507588386536,0.5115712881088257,0.4869622588157654,0.5821009874343872,0.4224405586719513,0.6022445559501648,0.35758545994758606,0.6052828431129456,0.35445114970207214,0.6082541346549988,0.36590251326560974,0.5951989889144897,0.3677307963371277,0.5902080535888672,0.36860936880111694,0.549532949924469,0.4460371136665344,0.5484015345573425,0.4533778727054596,0.5423324704170227,0.44852539896965027,0.5460125803947449,0.44569021463394165,0.5132003426551819,0.4671544134616852,0.2480851411819458,0.2225346863269806,0.223789244890213,0.22518102824687958,0.22136323153972626,0.22196999192237854,0.22234617173671722,0.24749109148979187,0.23832374811172485,0.280379980802536,0.27725356817245483,0.4231404960155487,0.42069870233535767,0.648251473903656,0.5753138661384583,0.8435277342796326,0.3627487123012543,0.904238224029541,0.31207728385925293,0.9052329063415527,0.2981226146221161,0.8852584362030029,0.3148426413536072,0.8832848072052002,0.8863481283187866,1.2019709348678589,1.1607294082641602,1.4981824159622192,1.493470311164856,1.5363999605178833,1.5449532270431519,1.615531086921692,1.600762128829956
0.3712085783481598,0.3756236732006073,0.3842422068119049,0.39335209131240845,0.40251344442367554,0.3851717710494995,0.4010865092277527,0.40538865327835083,0.40604764223098755,0.3882051706314087,0.4041803181171417,0.40782827138900757,0.40888482332229614,0.39187684655189514,0.4069315493106842,0.41057834029197693,0.41168802976608276,0.39549899101257324,0.4076165556907654,0.4122658371925354,0.4148290455341339,0.3835079073905945,0.3563729226589203,0.33287566900253296,0.3208935558795929,0.31809061765670776,0.30188190937042236,0.3072566092014313,0.3177163898944855,0.3259221017360687,0.30429327487945557,0.30909305810928345,0.3182862102985382,0.32669129967689514,0.3113921582698822,0.3134846091270447,0.3207443654537201,0.3284796178340912,0.3212796449661255,0.3201753497123718,0.32425451278686523,0.3288874328136444,0.6073204278945923,0.5909929871559143,0.5850370526313782,0.5834487080574036,0.5808847546577454,0.6022000908851624,0.5963602066040039,0.5907666683197021,0.5862751007080078,0.6101050972938538,0.6036734580993652,0.5966547727584839,0.5904087424278259,0.6138593554496765,0.6079826354980469,0.601364016532898,0.5953890085220337,0.6146520376205444,0.6101799607276917,0.6050015687942505,0.5998576879501343,0.8449474573135376,0.8598104119300842,0.8883145451545715,0.9162169098854065,0.9375084042549133,0.9117485880851746,0.9476929306983948,0.9650498032569885,0.9776428937911987,0.9131463766098022,0.9481438994407654,0.9642185568809509,0.9748921990394592,0.9117128849029541,0.9431148767471313,0.9588220715522766,0.9696732759475708,0.9101147651672363,0.93648761510849,0.950494647026062,0.9603967070579529,0.4984952211380005,0.5116018652915955,0.5169622898101807,0.5234284996986389,0.4911341071128845,0.48366203904151917,0.4783315062522888,0.5350865721702576,0.4677885174751282,0.5116803646087646,0.48699751496315,0.5820601582527161,0.42266881465911865,0.6022237539291382,0.3585374057292938,0.605271577835083,0.3787967264652252,0.6082308888435364,0.3934178948402405,0.5951749682426453,0.39455464482307434,0.5901805758476257,0.39380642771720886,0.5496026873588562,0.44600096344947815,0.5463332533836365,0.45292916893959045,0.5417539477348328,0.4484696388244629,0.5458397269248962,0.4456120431423187,0.5122551321983337,0.46395939588546753,0.24810364842414856,0.22254379093647003,0.2237957864999771,0.22517886757850647,0.22133775055408478,0.22191059589385986,0.22223617136478424,0.24742476642131805,0.23831139504909515,0.2804098129272461,0.27725934982299805,0.4230579137802124,0.41930609941482544,0.6479454636573792,0.5751175284385681,0.8429131507873535,0.3725077509880066,0.9035894274711609,0.3298478126525879,0.9047479033470154,0.3163301646709442,0.8847177028656006,0.32934436202049255,0.8791602253913879,0.8822173476219177,1.19840669631958,1.158984661102295,1.4974799156188965,1.489847183227539,1.536272406578064,1.5406641960144043,1.6134371757507324,1.5976468324661255
0.38653653860092163,0.39015230536460876,0.39888542890548706,0.40744200348854065,0.4145928919315338,0.405505895614624,0.4195815920829773,0.41908809542655945,0.4150899648666382,0.41082388162612915,0.42458584904670715,0.4229475259780884,0.41893497109413147,0.41616615653038025,0.4289768934249878,0.4274662435054779,0.4239581525325775,0.4206291437149048,0.4315480887889862,0.4305494427680969,0.42750999331474304,0.3847692310810089,0.35994741320610046,0.34332510828971863,0.3375355899333954,0.33856770396232605,0.3156501352787018,0.33066612482070923,0.34279733896255493,0.34921377897262573,0.3173217177391052,0.33445703983306885,0.34492766857147217,0.34996774792671204,0.32476136088371277,0.339909166097641,0.3508412837982178,0.3562658429145813,0.33538830280303955,0.3464367985725403,0.3550862669944763,0.36003226041793823,0.6069071292877197,0.5905587077140808,0.5845960974693298,0.5830832123756409,0.5806663632392883,0.6019800305366516,0.59602952003479,0.5903093814849854,0.5857110023498535,0.6097838282585144,0.6034822463989258,0.5964415073394775,0.5902019143104553,0.6133992075920105,0.6077090501785278,0.6010210514068604,0.5950234532356262,0.6140050292015076,0.6096798181533813,0.6044674515724182,0.5992919206619263,0.8456435203552246,0.8603978753089905,0.8887397050857544,0.9167671203613281,0.9382074475288391,0.9118320941925049,0.9477971792221069,0.9649613499641418,0.9773208498954773,0.9130789637565613,0.9482547044754028,0.9642854332923889,0.9748598337173462,0.9114866256713867,0.943161129951477,0.9588809013366699,0.9696335792541504,0.9098289012908936,0.9365410804748535,0.9506663680076599,0.9605663418769836,0.49892911314964294,0.5118140578269958,0.5171657204627991,0.523546040058136,0.4914773106575012,0.48398557305336,0.4786417782306671,0.5350883603096008,0.4679354429244995,0.5118724703788757,0.4870433211326599,0.581943929195404,0.42275089025497437,0.6022130846977234,0.3590802848339081,0.605273425579071,0.3940507471561432,0.6082170605659485,0.40867576003074646,0.5951035618782043,0.4111177325248718,0.5900777578353882,0.41048720479011536,0.5496271252632141,0.4459039866924286,0.5461273789405823,0.45253250002861023,0.5415260195732117,0.4478319585323334,0.5457033514976501,0.44496774673461914,0.5113404393196106,0.46297261118888855,0.24813729524612427,0.2225528210401535,0.22380182147026062,0.22518157958984375,0.2213248908519745,0.22188019752502441,0.22219319641590118,0.2474212348461151,0.23839402198791504,0.28048568964004517,0.27733176946640015,0.4228801131248474,0.4168080687522888,0.6478778123855591,0.5756590962409973,0.842674970626831,0.390266090631485,0.9032108187675476,0.35625094175338745,0.9043874144554138,0.34069958329200745,0.8843719363212585,0.3521210849285126,0.8770322203636169,0.8792299628257751,1.1978989839553833,1.157961130142212,1.4973398447036743,1.4866001605987549,1.5363184213638306,1.536728024482727,1.6099127531051636,1.5915731191635132
0.3960971236228943,0.3999234735965729,0.4082852005958557,0.41696882247924805,0.42421606183052063,0.4108966290950775,0.42358511686325073,0.4225551187992096,0.41809508204460144,0.41672536730766296,0.42839154601097107,0.42716601490974426,0.42282766103744507,0.4226640462875366,0.43459007143974304,0.43306899070739746,0.4291021227836609,0.4285173714160919,0.4390205144882202,0.4375034272670746,0.4336380660533905,0.38089945912361145,0.3546876311302185,0.338926762342453,0.33505403995513916,0.33775007724761963,0.31458479166030884,0.32202401757240295,0.3345474302768707,0.341793030500412,0.317549467086792,0.3284715712070465,0.34072670340538025,0.3472175598144531,0.32583749294281006,0.337598592042923,0.3509109914302826,0.3576793670654297,0.33710309863090515,0.3481277525424957,0.3584692180156708,0.36394819617271423,0.6064625382423401,0.5901507139205933,0.5841646194458008,0.5827433466911316,0.5803682804107666,0.6014698147773743,0.5954957604408264,0.589852511882782,0.5852915644645691,0.6092928647994995,0.6029917597770691,0.5959618091583252,0.5896872878074646,0.6129292845726013,0.6072274446487427,0.6005265712738037,0.5944938659667969,0.6135536432266235,0.6092846989631653,0.6040634512901306,0.5988056063652039,0.8457474708557129,0.8601273894309998,0.8887720704078674,0.9169238805770874,0.9384766221046448,0.9123708009719849,0.948211669921875,0.9654500484466553,0.9779930710792542,0.9135675430297852,0.9486913681030273,0.9647928476333618,0.9752495288848877,0.9118083119392395,0.9433625936508179,0.9590561389923096,0.9698227643966675,0.909915030002594,0.9366554617881775,0.9507561326026917,0.9606751203536987,0.4990015923976898,0.5118244290351868,0.517218828201294,0.5235555768013,0.4915468096733093,0.484115868806839,0.4787828326225281,0.5350289940834045,0.4680148959159851,0.5120137929916382,0.4870344400405884,0.581497311592102,0.42312681674957275,0.6021967530250549,0.36282244324684143,0.605251133441925,0.40438932180404663,0.6081815958023071,0.41795462369918823,0.5949376225471497,0.4189942181110382,0.5899283289909363,0.41859281063079834,0.5496402382850647,0.4458995759487152,0.5452576875686646,0.4521251320838928,0.5413459539413452,0.44769489765167236,0.5455812215805054,0.44490182399749756,0.5114345550537109,0.4624824821949005,0.2483893185853958,0.22256450355052948,0.2238176167011261,0.22519217431545258,0.22132974863052368,0.22188425064086914,0.22219236195087433,0.24741649627685547,0.23852714896202087,0.28077444434165955,0.2773738503456116,0.4223155975341797,0.41632330417633057,0.6476803421974182,0.5770975351333618,0.8425647020339966,0.3834097385406494,0.9031143188476562,0.34751203656196594,0.9043477773666382,0.334995836019516,0.8843451738357544,0.34832316637039185,0.8754284381866455,0.8777769207954407,1.1975795030593872,1.1556349992752075,1.4978910684585571,1.4846289157867432,1.5367463827133179,1.5340839624404907,1.6092326641082764,1.5884069204330444
0.3984270691871643,0.3998633623123169,0.4075669050216675,0.4160104990005493,0.4227532148361206,0.40883898735046387,0.42235711216926575,0.42030805349349976,0.415108323097229,0.4153364896774292,0.4276791214942932,0.4250068664550781,0.42009565234184265,0.42170077562332153,0.4338740110397339,0.4305316209793091,0.4254557490348816,0.42784854769706726,0.43871065974235535,0.4360637366771698,0.4314432144165039,0.37419864535331726,0.3482050895690918,0.3302997946739197,0.3246059715747833,0.3269844353199005,0.30631160736083984,0.3140716552734375,0.325422078371048,0.33027106523513794,0.30891814827919006,0.31977158784866333,0.3297278583049774,0.33352500200271606,0.31733590364456177,0.32761484384536743,0.33780157566070557,0.3410292863845825,0.3290107548236847,0.3381803035736084,0.34704262018203735,0.35027262568473816,0.6061134934425354,0.5896195769309998,0.5836921334266663,0.5824446082115173,0.5802384614944458,0.6009492874145508,0.5951288342475891,0.5895883440971375,0.5851496458053589,0.6089036464691162,0.6028035879135132,0.5958085656166077,0.5895745158195496,0.6126270890235901,0.6071673631668091,0.6005933284759521,0.5946379899978638,0.6133294701576233,0.6090662479400635,0.6038281321525574,0.5985584259033203,0.845140814781189,0.8596287965774536,0.8882118463516235,0.916206955909729,0.9374561309814453,0.911460280418396,0.9469673037528992,0.9643080830574036,0.9768390655517578,0.9129059314727783,0.9474907517433167,0.9636610150337219,0.9742686748504639,0.9113921523094177,0.9424481391906738,0.9580498337745667,0.9685993194580078,0.9096900820732117,0.9360458850860596,0.9501081109046936,0.9596409797668457,0.49908483028411865,0.511838972568512,0.5172896981239319,0.5235692858695984,0.49157455563545227,0.4841693639755249,0.47883787751197815,0.534980833530426,0.4681052565574646,0.5123010873794556,0.487025648355484,0.5812535881996155,0.423473984003067,0.602192223072052,0.3673925995826721,0.6051248908042908,0.4080885648727417,0.6080592274665833,0.41923046112060547,0.5946416258811951,0.4190784692764282,0.5896602272987366,0.4194141924381256,0.5496451258659363,0.4459002912044525,0.5451794862747192,0.45035964250564575,0.5410618185997009,0.4468175172805786,0.5448396801948547,0.44336530566215515,0.5115393996238708,0.46271640062332153,0.24915200471878052,0.22279702126979828,0.22401335835456848,0.22535574436187744,0.22167165577411652,0.2222674936056137,0.22268374264240265,0.2473810762166977,0.23918801546096802,0.28119513392448425,0.27792221307754517,0.4216802716255188,0.4162681996822357,0.6476412415504456,0.5782974362373352,0.8425595760345459,0.37704554200172424,0.9031549692153931,0.33789271116256714,0.904381513595581,0.3269333839416504,0.8843852281570435,0.34073787927627563,0.8752074241638184,0.877548098564148,1.1980416774749756,1.1556354761123657,1.4982061386108398,1.484611988067627,1.5370597839355469,1.5343092679977417,1.6089859008789062,1.588076114654541
0.4001574218273163,0.4005500376224518,0.40714508295059204,0.41534751653671265,0.4218575656414032,0.408751904964447,0.42127278447151184,0.4197169244289398,0.41507038474082947,0.41606876254081726,0.42709219455718994,0.4251556694507599,0.4206582307815552,0.4231237769126892,0.43348172307014465,0.43068814277648926,0.42590388655662537,0.4294530749320984,0.43928730487823486,0.43706297874450684,0.43273791670799255,0.3736705482006073,0.34756502509117126,0.3290327191352844,0.3229953646659851,0.3272973597049713,0.3065224885940552,0.31355050206184387,0.32505038380622864,0.3299102187156677,0.30969348549842834,0.3199249505996704,0.3299867808818817,0.33457061648368835,0.3186919093132019,0.3283042013645172,0.33824625611305237,0.3416074514389038,0.3308755159378052,0.33876147866249084,0.34737977385520935,0.350944459438324,0.6065033674240112,0.5896572470664978,0.5833643674850464,0.5819651484489441,0.5793836712837219,0.6002550721168518,0.5947239995002747,0.5892937183380127,0.5848627090454102,0.6083959937095642,0.6024038791656494,0.595446765422821,0.5892021059989929,0.6123121380805969,0.6069023609161377,0.6003127098083496,0.59428870677948,0.6132667064666748,0.6090112328529358,0.6038585305213928,0.5987361669540405,0.8454369902610779,0.859041690826416,0.8873890042304993,0.9155328273773193,0.9368443489074707,0.9114332795143127,0.9467335343360901,0.9642070531845093,0.9767816662788391,0.9134430885314941,0.9477083683013916,0.9637914299964905,0.9743176102638245,0.9123000502586365,0.943155825138092,0.9587612748146057,0.9692847728729248,0.9107469320297241,0.9368059635162354,0.9507286548614502,0.9602538347244263,0.4991344213485718,0.5118513703346252,0.5173290371894836,0.5235778093338013,0.4915812611579895,0.48418304324150085,0.47884657979011536,0.5349134802818298,0.46812888979911804,0.5124841332435608,0.4869973957538605,0.581200361251831,0.4235948622226715,0.6021926403045654,0.37021657824516296,0.6050309538841248,0.4087754189968109,0.6078989505767822,0.4195064902305603,0.5943977236747742,0.41960155963897705,0.5894795656204224,0.42022454738616943,0.5496496558189392,0.4458824694156647,0.5450342893600464,0.4473576247692108,0.5406394600868225,0.44381508231163025,0.5442211627960205,0.4398639500141144,0.5117260217666626,0.46206656098365784,0.2497411072254181,0.223002627491951,0.22419552505016327,0.22550855576992035,0.2219550609588623,0.22258304059505463,0.22311100363731384,0.24733462929725647,0.23968517780303955,0.2815404236316681,0.27828991413116455,0.421143501996994,0.416083961725235,0.6476311683654785,0.5784246921539307,0.8425859212875366,0.3791891932487488,0.9034909009933472,0.33767905831336975,0.9046058654785156,0.3265155255794525,0.8845720291137695,0.3409331440925598,0.8754770159721375,0.8778162002563477,1.198520302772522,1.1559202671051025,1.4983701705932617,1.4851304292678833,1.5375792980194092,1.5348390340805054,1.6094838380813599,1.5890302658081055
0.4020428955554962,0.4027605652809143,0.4097365438938141,0.4179922938346863,0.42444518208503723,0.4118952751159668,0.42439278960227966,0.4228888154029846,0.4179697632789612,0.41861245036125183,0.4297889173030853,0.4278828799724579,0.42314016819000244,0.4251466691493988,0.43558603525161743,0.43290477991104126,0.4281623363494873,0.43122538924217224,0.44129565358161926,0.4392007291316986,0.4348466992378235,0.37521955370903015,0.3493201732635498,0.33133265376091003,0.32734018564224243,0.330864816904068,0.3103828430175781,0.3171424865722656,0.3285785913467407,0.3343082070350647,0.31376007199287415,0.32346439361572266,0.33343178033828735,0.33856967091560364,0.3224378526210785,0.33222275972366333,0.3426934778690338,0.3469393849372864,0.3342069983482361,0.3423517346382141,0.35082823038101196,0.3545647859573364,0.6061456203460693,0.5895224809646606,0.5829732418060303,0.5814036726951599,0.5786842107772827,0.5998774766921997,0.5944701433181763,0.5892378687858582,0.5849490761756897,0.6082156300544739,0.6024895906448364,0.5957993268966675,0.5898073315620422,0.612416684627533,0.6074016094207764,0.6010239124298096,0.595208466053009,0.6136614680290222,0.6096787452697754,0.6046478152275085,0.5995839834213257,0.8448143005371094,0.8587294816970825,0.8871671557426453,0.9155067205429077,0.9367049932479858,0.9113340973854065,0.9463024735450745,0.9634820818901062,0.9758676290512085,0.9130560755729675,0.9468827247619629,0.9627308249473572,0.973129391670227,0.9115127921104431,0.9418970942497253,0.9570324420928955,0.967130720615387,0.9095441699028015,0.9353832006454468,0.948970377445221,0.9580507278442383,0.4992069900035858,0.5118735432624817,0.5173927545547485,0.523595929145813,0.4915870428085327,0.48418936133384705,0.4788551926612854,0.5348843336105347,0.4681258499622345,0.5126552581787109,0.4869391620159149,0.5811669826507568,0.42369118332862854,0.6021957397460938,0.37289053201675415,0.6049745678901672,0.4090506434440613,0.6077877879142761,0.4191115200519562,0.5941934585571289,0.42068490386009216,0.5893139243125916,0.4215701222419739,0.549665629863739,0.4458688199520111,0.5451343655586243,0.4460028111934662,0.5406202077865601,0.4428457021713257,0.5440869927406311,0.4387989342212677,0.511837899684906,0.461889386177063,0.2497657984495163,0.22302864491939545,0.22423787415027618,0.2255546599626541,0.22197318077087402,0.22260327637195587,0.22312821447849274,0.2472924441099167,0.23981516063213348,0.2815505862236023,0.2782971262931824,0.4208919107913971,0.41611379384994507,0.647598385810852,0.5789567232131958,0.8425847291946411,0.38575756549835205,0.9037065505981445,0.3451513350009918,0.9047012329101562,0.3321625292301178,0.8846446871757507,0.3464377224445343,0.8757199048995972,0.87801194190979,1.1988661289215088,1.1561061143875122,1.4985966682434082,1.4855226278305054,1.5377951860427856,1.5352813005447388,1.6098480224609375,1.5897581577301025
0.4047397971153259,0.40546509623527527,0.4120751917362213,0.4203849732875824,0.4269459843635559,0.4140668213367462,0.42610856890678406,0.4248063564300537,0.4202440083026886,0.42058664560317993,0.43126198649406433,0.42987871170043945,0.4256875514984131,0.42722347378730774,0.43747708201408386,0.4353806674480438,0.43110933899879456,0.4337330460548401,0.44381096959114075,0.4425479769706726,0.43889373540878296,0.3769829571247101,0.35193270444869995,0.33475515246391296,0.3306187391281128,0.33489203453063965,0.3140358626842499,0.3200807273387909,0.33150121569633484,0.3376036584377289,0.3172132968902588,0.3258450925350189,0.33604657649993896,0.3417436480522156,0.32547691464424133,0.33502358198165894,0.3459855318069458,0.3513391613960266,0.3367883563041687,0.3452721834182739,0.3541090488433838,0.3587205708026886,0.6062051653862,0.5894094705581665,0.5827969312667847,0.5812482833862305,0.5783963799476624,0.5997495055198669,0.5943429470062256,0.5891204476356506,0.5848285555839539,0.6082454919815063,0.6022614240646362,0.5954768657684326,0.5894321203231812,0.6125392317771912,0.6073546409606934,0.6009191870689392,0.5950390696525574,0.6139278411865234,0.609935998916626,0.6049288511276245,0.5998847484588623,0.8446189165115356,0.8586177229881287,0.8870777487754822,0.915328860282898,0.9362576007843018,0.9113202691078186,0.9462139010429382,0.9634832739830017,0.9760084748268127,0.9129520654678345,0.9467585682868958,0.9625310897827148,0.9729951620101929,0.9111706614494324,0.9415805339813232,0.9569858908653259,0.9672467112541199,0.908809244632721,0.9347254037857056,0.9484689235687256,0.9576441645622253,0.49929195642471313,0.5118810534477234,0.5174269676208496,0.5236032605171204,0.4915958046913147,0.48420050740242004,0.4788622260093689,0.5347309708595276,0.4681176245212555,0.512744128704071,0.4868966341018677,0.5810968279838562,0.4237399101257324,0.6021953821182251,0.374732106924057,0.6049262285232544,0.4111427962779999,0.6077200174331665,0.4211574196815491,0.5940397381782532,0.42357319593429565,0.5891854763031006,0.42432600259780884,0.549780011177063,0.44585859775543213,0.5451763868331909,0.44509145617485046,0.5405997633934021,0.4416917860507965,0.5440593361854553,0.4374904930591583,0.5119744539260864,0.46166786551475525,0.24975080788135529,0.22304004430770874,0.224249005317688,0.22555972635746002,0.22193914651870728,0.2225562483072281,0.22302886843681335,0.24724295735359192,0.23981371521949768,0.2815571129322052,0.27823665738105774,0.420590877532959,0.4156898558139801,0.6475486755371094,0.579409658908844,0.8425811529159546,0.38669174909591675,0.9038283228874207,0.3455694317817688,0.9047393202781677,0.33330273628234863,0.8846651911735535,0.34844398498535156,0.8755316138267517,0.8781380653381348,1.199023723602295,1.156275749206543,1.4986827373504639,1.4855895042419434,1.537879467010498,1.5353543758392334,1.6099580526351929,1.5901875495910645
0.4064202308654785,0.4072173237800598,0.4135095775127411,0.4217182695865631,0.4280981719493866,0.4155658781528473,0.42687278985977173,0.42562803626060486,0.4214168190956116,0.42227229475975037,0.4320437014102936,0.43083977699279785,0.4269213378429413,0.4290040135383606,0.4384421110153198,0.43644535541534424,0.432302862405777,0.435587614774704,0.4452252984046936,0.444163054227829,0.44071024656295776,0.3765738010406494,0.35178542137145996,0.3348926305770874,0.3308030366897583,0.3360881209373474,0.3156806528568268,0.32083532214164734,0.3319481313228607,0.3378863036632538,0.31914812326431274,0.3267555236816406,0.3364201784133911,0.34205904603004456,0.3276377320289612,0.3363206088542938,0.34635621309280396,0.35119837522506714,0.33913853764533997,0.3472616374492645,0.35576438903808594,0.36024773120880127,0.6062800288200378,0.5893446207046509,0.5827266573905945,0.5812106132507324,0.578264057636261,0.5996871590614319,0.5942779183387756,0.5890937447547913,0.584833025932312,0.6082064509391785,0.6022453904151917,0.5954718589782715,0.5894321203231812,0.6125321388244629,0.6074240207672119,0.6010426878929138,0.5951992273330688,0.6139784455299377,0.6100801825523376,0.6051411628723145,0.6001337170600891,0.8443766832351685,0.8583110570907593,0.8872732520103455,0.9155527949333191,0.9363065361976624,0.9116242527961731,0.9463825821876526,0.9635618925094604,0.976073145866394,0.9132071733474731,0.9467078447341919,0.9623664021492004,0.9728051424026489,0.9112961292266846,0.9415881037712097,0.9569932818412781,0.9673313498497009,0.9087855219841003,0.9346591234207153,0.9484158158302307,0.9576703906059265,0.49937903881073,0.511892557144165,0.5174676179885864,0.523609459400177,0.4916016459465027,0.48420917987823486,0.47886785864830017,0.5345690250396729,0.46808090806007385,0.5127929449081421,0.4868510961532593,0.5810297131538391,0.42370396852493286,0.6021953821182251,0.37532809376716614,0.6048992276191711,0.41281020641326904,0.6076359152793884,0.421251118183136,0.5939134955406189,0.4248625636100769,0.589092493057251,0.4262062907218933,0.5498724579811096,0.4458537995815277,0.5456780791282654,0.44503989815711975,0.5405815243721008,0.44167569279670715,0.5439490079879761,0.437587171792984,0.512068510055542,0.4612484872341156,0.24973003566265106,0.22303570806980133,0.22425907850265503,0.22556346654891968,0.2218342423439026,0.22240251302719116,0.22277024388313293,0.24711297452449799,0.23973742127418518,0.2815638482570648,0.27818813920021057,0.42031410336494446,0.41561245918273926,0.6475443840026855,0.5797411203384399,0.842596709728241,0.3885326385498047,0.9039063453674316,0.3480471968650818,0.9047450423240662,0.33587661385536194,0.8846734762191772,0.35103291273117065,0.8756601214408875,0.878224790096283,1.1992133855819702,1.1564109325408936,1.4988092184066772,1.4857618808746338,1.5380059480667114,1.5355666875839233,1.6100174188613892,1.5904895067214966
0.4071733355522156,0.4077140986919403,0.4141826331615448,0.42257750034332275,0.42923519015312195,0.4163799285888672,0.42810580134391785,0.42615386843681335,0.42112287878990173,0.4231582283973694,0.43359965085983276,0.4317392110824585,0.427146852016449,0.4298100173473358,0.44004788994789124,0.4373018443584442,0.4324297606945038,0.4362426996231079,0.44657889008522034,0.4444237947463989,0.4399687945842743,0.37520405650138855,0.35156604647636414,0.33419379591941833,0.3296835720539093,0.3345450162887573,0.3148871958255768,0.3214157223701477,0.3324446380138397,0.3372173011302948,0.3189537823200226,0.3269690275192261,0.33679208159446716,0.3418343663215637,0.32805678248405457,0.3362497389316559,0.34614184498786926,0.35014617443084717,0.34061330556869507,0.34749963879585266,0.35602182149887085,0.3599240481853485,0.6062130331993103,0.5892324447631836,0.5825642943382263,0.5810587406158447,0.5782948732376099,0.5996779203414917,0.5942882299423218,0.5891168117523193,0.5848563313484192,0.6082022190093994,0.6023228168487549,0.5956031084060669,0.5896005034446716,0.6125481128692627,0.6074842214584351,0.6011444926261902,0.5953328609466553,0.6140206456184387,0.6101260185241699,0.6052111983299255,0.6002033352851868,0.844092607498169,0.8582098484039307,0.8872305750846863,0.9155311584472656,0.9363076686859131,0.9118396043777466,0.9463686943054199,0.9635095596313477,0.9759801030158997,0.9133155941963196,0.9465750455856323,0.9622286558151245,0.9727523922920227,0.9113202691078186,0.9415158033370972,0.9568394422531128,0.9671690464019775,0.9087554216384888,0.9345657229423523,0.948326051235199,0.9576608538627625,0.49939316511154175,0.5119034647941589,0.5174848437309265,0.5236042141914368,0.4915984570980072,0.48421719670295715,0.4788667857646942,0.5342994332313538,0.4680548906326294,0.5128093957901001,0.48681336641311646,0.5809904932975769,0.42370715737342834,0.6021881699562073,0.37557780742645264,0.6048694849014282,0.4117526412010193,0.6075656414031982,0.4203566610813141,0.5938271284103394,0.4247394800186157,0.5890305638313293,0.4262814521789551,0.5498986840248108,0.44584575295448303,0.5459020733833313,0.44506314396858215,0.5404894948005676,0.4416254162788391,0.5437529683113098,0.43764522671699524,0.5121182203292847,0.4609575867652893,0.2496325671672821,0.22302372753620148,0.22426077723503113,0.22555802762508392,0.22172711789608002,0.222236767411232,0.2225036770105362,0.24693872034549713,0.23962119221687317,0.2815062701702118,0.2778856158256531,0.42010828852653503,0.4155791699886322,0.6475396752357483,0.5804190635681152,0.8425952196121216,0.39083507657051086,0.90391606092453,0.350029319524765,0.9047423005104065,0.3378315269947052,0.8846722841262817,0.35311412811279297,0.8756200075149536,0.8782033920288086,1.1993204355239868,1.1564559936523438,1.498712182044983,1.4859256744384766,1.5379066467285156,1.5357184410095215,1.6101869344711304,1.5907446146011353
0.4088306725025177,0.4079166054725647,0.41424089670181274,0.4230251610279083,0.43006008863449097,0.41698142886161804,0.4298565089702606,0.42771846055984497,0.42227402329444885,0.42370355129241943,0.4353843629360199,0.4336293041706085,0.42913028597831726,0.43028587102890015,0.44180428981781006,0.4391210079193115,0.43396592140197754,0.4363997280597687,0.44721144437789917,0.4445400536060333,0.4395431578159332,0.37591609358787537,0.35318243503570557,0.3341071307659149,0.3276900053024292,0.3306083083152771,0.3144078254699707,0.319234699010849,0.32901516556739807,0.3328905403614044,0.31976497173309326,0.32446593046188354,0.33439692854881287,0.339070588350296,0.32925692200660706,0.33381715416908264,0.3436839282512665,0.3468548357486725,0.3424268662929535,0.34552162885665894,0.3545471727848053,0.35810914635658264,0.6059423685073853,0.5889579057693481,0.5822296738624573,0.5809277296066284,0.5780603885650635,0.5994274020195007,0.5941832661628723,0.5890901684761047,0.5848437547683716,0.6080440878868103,0.6022451519966125,0.5955852270126343,0.5895858407020569,0.6124616265296936,0.6074453592300415,0.6011302471160889,0.5953315496444702,0.6139954328536987,0.6100999712944031,0.6051913499832153,0.6001930832862854,0.8442679643630981,0.8583846688270569,0.8874605298042297,0.9158686399459839,0.9368573427200317,0.9123952984809875,0.9469805359840393,0.9639020562171936,0.9761597514152527,0.9137235879898071,0.9472704529762268,0.9627602100372314,0.9729440212249756,0.9115153551101685,0.9418927431106567,0.9569867849349976,0.9671839475631714,0.9087548851966858,0.9346650838851929,0.9481860995292664,0.957426905632019,0.49940118193626404,0.5118793845176697,0.5175026059150696,0.5234731435775757,0.4914166331291199,0.4841456115245819,0.4787103831768036,0.5337343811988831,0.4678925573825836,0.512823224067688,0.4867534637451172,0.5809252858161926,0.4237150549888611,0.6021888256072998,0.37562134861946106,0.6048480868339539,0.41119205951690674,0.6075338125228882,0.42132940888404846,0.5937665700912476,0.4241972267627716,0.5889824032783508,0.4252464175224304,0.5499292016029358,0.44584330916404724,0.5459603667259216,0.4449854791164398,0.540237545967102,0.44154495000839233,0.5433644652366638,0.43770313262939453,0.5118266344070435,0.45991167426109314,0.24921511113643646,0.22285377979278564,0.2241274118423462,0.22533847391605377,0.22147905826568604,0.2219695895910263,0.2221752554178238,0.2461925894021988,0.2395341992378235,0.2809252142906189,0.27697113156318665,0.41968274116516113,0.4158201813697815,0.6475107669830322,0.585009753704071,0.8426005840301514,0.3922363519668579,0.9039517641067505,0.3498886823654175,0.9047448039054871,0.3369132876396179,0.884681224822998,0.35264816880226135,0.8756791949272156,0.8782567977905273,1.199530839920044,1.156699299812317,1.4993386268615723,1.4860106706619263,1.5387171506881714,1.5357927083969116,1.610977053642273,1.5911147594451904
0.409721314907074,0.40990501642227173,0.41670480370521545,0.4261714518070221,0.433722585439682,0.41859960556030273,0.433836966753006,0.43348512053489685,0.42919906973838806,0.4238988161087036,0.4385855793952942,0.43763428926467896,0.432951956987381,0.4293806850910187,0.4430277347564697,0.4414199888706207,0.4362996220588684,0.43460214138031006,0.4472825825214386,0.44578906893730164,0.4411117136478424,0.37401720881462097,0.35002008080482483,0.3308162987232208,0.3244952857494354,0.3286404311656952,0.313790500164032,0.31242635846138,0.32239991426467896,0.32782047986984253,0.32082197070121765,0.3200954496860504,0.330559104681015,0.3347882032394409,0.33124977350234985,0.3312358260154724,0.34106138348579407,0.3437579572200775,0.34525448083877563,0.34377074241638184,0.35203269124031067,0.35518038272857666,0.6054784655570984,0.588762640953064,0.5820133090019226,0.5806978344917297,0.5778039693832397,0.5991165637969971,0.5937898755073547,0.5886154770851135,0.5842373967170715,0.6078547835350037,0.6017879843711853,0.5950886011123657,0.5890247225761414,0.6123616695404053,0.6069851517677307,0.6005978584289551,0.5947268009185791,0.6138864755630493,0.609664797782898,0.6046038866043091,0.5994939208030701,0.8442383408546448,0.8586928844451904,0.8876441121101379,0.9160476326942444,0.9372096657752991,0.9123462438583374,0.9475274682044983,0.9644377827644348,0.9766967296600342,0.9136174321174622,0.9476649165153503,0.9632511734962463,0.9732431173324585,0.9114543199539185,0.9418789148330688,0.9570398926734924,0.9673062562942505,0.908758819103241,0.9345372319221497,0.9479132890701294,0.9571183919906616,0.4994107186794281,0.5117794275283813,0.5175195932388306,0.5232676267623901,0.4910932183265686,0.4839803874492645,0.4783458709716797,0.5331822633743286,0.46772727370262146,0.5128424763679504,0.48670676350593567,0.5809165239334106,0.42361319065093994,0.6021948456764221,0.37569713592529297,0.6048214435577393,0.41157227754592896,0.607498824596405,0.42072203755378723,0.593732476234436,0.42418310046195984,0.5889503955841064,0.42565110325813293,0.5499619245529175,0.4457705318927765,0.5472329258918762,0.4448966383934021,0.5402256846427917,0.4411866068840027,0.5431820750236511,0.4373699724674225,0.5118773579597473,0.459675669670105,0.2489614188671112,0.22266694903373718,0.22396431863307953,0.22501584887504578,0.2212599664926529,0.22177337110042572,0.22206583619117737,0.24512411653995514,0.23952849209308624,0.28032296895980835,0.27696165442466736,0.41952410340309143,0.4154896140098572,0.6475074291229248,0.5897058844566345,0.8426019549369812,0.3936831057071686,0.90395587682724,0.35124671459198,0.9047440886497498,0.3375808298587799,0.8846843838691711,0.35346129536628723,0.8757345080375671,0.8782379627227783,1.1997027397155762,1.1568061113357544,1.4997450113296509,1.4861195087432861,1.539644718170166,1.5359166860580444,1.6120363473892212,1.5912312269210815
0.41243672370910645,0.4113059937953949,0.41833481192588806,0.4285796880722046,0.43678000569343567,0.4200071692466736,0.4348522424697876,0.43600285053253174,0.4321267902851105,0.4264962673187256,0.44193896651268005,0.4421694874763489,0.4379470944404602,0.4324764609336853,0.44625213742256165,0.44467711448669434,0.43969422578811646,0.4375533163547516,0.4491475224494934,0.44722074270248413,0.44251444935798645,0.379140704870224,0.3536593019962311,0.3327728509902954,0.3257521390914917,0.3279914855957031,0.31782910227775574,0.3055729866027832,0.3156111538410187,0.32253769040107727,0.3273736536502838,0.31659501791000366,0.3269311487674713,0.332399845123291,0.3400529623031616,0.3348730802536011,0.34389081597328186,0.3478633165359497,0.3547971844673157,0.3484584093093872,0.35522180795669556,0.35894203186035156,0.6053597331047058,0.5886234045028687,0.5821547508239746,0.5807516574859619,0.5778443217277527,0.5990396738052368,0.5934767723083496,0.5882686376571655,0.5839714407920837,0.6076887249946594,0.6016952395439148,0.5950865149497986,0.5892285704612732,0.6120869517326355,0.6068984866142273,0.6006845235824585,0.5950667858123779,0.6134774684906006,0.60954350233078,0.6046776175498962,0.5997986197471619,0.8446731567382812,0.8588407635688782,0.8879150152206421,0.9163087010383606,0.9373219609260559,0.9125955700874329,0.9480054378509521,0.964911162853241,0.9770067930221558,0.9137703776359558,0.9478839039802551,0.9632543325424194,0.9731757640838623,0.9116045832633972,0.9419001340866089,0.9570397734642029,0.9672604203224182,0.9088765382766724,0.9345160126686096,0.9479140043258667,0.9569173455238342,0.49912843108177185,0.5113940238952637,0.5175068974494934,0.5229189991950989,0.49021217226982117,0.4835070073604584,0.47732025384902954,0.5326998829841614,0.46739041805267334,0.5127727389335632,0.4862513244152069,0.5808703303337097,0.42367318272590637,0.6022058725357056,0.3758319318294525,0.604773759841919,0.4140574038028717,0.6074069142341614,0.42332497239112854,0.5936075448989868,0.4270420968532562,0.5888561010360718,0.42865949869155884,0.5499857664108276,0.44576725363731384,0.5477192997932434,0.4449109137058258,0.5402043461799622,0.44122326374053955,0.543148934841156,0.4374031126499176,0.5119102001190186,0.4598243832588196,0.24832966923713684,0.22235500812530518,0.22370897233486176,0.22468169033527374,0.22088856995105743,0.22137928009033203,0.22179849445819855,0.24431240558624268,0.239469513297081,0.2797194719314575,0.27628815174102783,0.419164776802063,0.4156377613544464,0.6474854946136475,0.5938811302185059,0.8426028490066528,0.3945073187351227,0.9039596319198608,0.3508826792240143,0.904742956161499,0.33657899498939514,0.8846859335899353,0.3527871370315552,0.8757761120796204,0.8782773017883301,1.1998087167739868,1.1565933227539062,1.4993422031402588,1.485442876815796,1.539376139640808,1.535541296005249,1.6110566854476929,1.590516209602356
0.4138229489326477,0.41326650977134705,0.41990184783935547,0.4301775097846985,0.4383690655231476,0.4222496449947357,0.4364890158176422,0.444772869348526,0.4463239014148712,0.42841219902038574,0.44620180130004883,0.45051681995391846,0.4484224319458008,0.4343215227127075,0.44998395442962646,0.44891357421875,0.4438633620738983,0.4394259452819824,0.45188549160957336,0.44990530610084534,0.44490358233451843,0.3889697194099426,0.3618738353252411,0.34062686562538147,0.33265048265457153,0.3325602412223816,0.3272361159324646,0.305104523897171,0.30891138315200806,0.3187521696090698,0.33763837814331055,0.31767764687538147,0.3261866271495819,0.33424851298332214,0.3520299792289734,0.34219491481781006,0.3512064218521118,0.3565812110900879,0.3683399260044098,0.3582630753517151,0.3640705943107605,0.36832308769226074,0.6054172515869141,0.5887534618377686,0.5822436213493347,0.5807662606239319,0.5778548717498779,0.5988497138023376,0.5934182405471802,0.5882439613342285,0.5839633941650391,0.6074471473693848,0.6016374826431274,0.5949994921684265,0.5890954732894897,0.6118605732917786,0.6069011688232422,0.600674569606781,0.5950182676315308,0.6133184432983398,0.6095538139343262,0.6047061085700989,0.5997885465621948,0.8447464108467102,0.8588449954986572,0.8877561092376709,0.9162683486938477,0.9375424385070801,0.9130918979644775,0.9479658603668213,0.964773416519165,0.9769600629806519,0.914337694644928,0.947846531867981,0.963230550289154,0.9732627868652344,0.9120484590530396,0.9420291781425476,0.9571102857589722,0.9673740267753601,0.9092206358909607,0.9347752332687378,0.9482368230819702,0.957414448261261,0.49838343262672424,0.5103548765182495,0.5173227787017822,0.5222888588905334,0.48909714818000793,0.4827708601951599,0.47595638036727905,0.5317885279655457,0.4671235680580139,0.5121897459030151,0.4856710731983185,0.5808203220367432,0.42373326420783997,0.6022126078605652,0.3758624494075775,0.6046723127365112,0.4151823818683624,0.6072931885719299,0.4273887872695923,0.5934919118881226,0.4303022027015686,0.5887636542320251,0.4310988485813141,0.5499950051307678,0.44576296210289,0.5480592250823975,0.444896399974823,0.5402808785438538,0.44110342860221863,0.5432811975479126,0.43728673458099365,0.5119378566741943,0.45962828397750854,0.2477550059556961,0.22200116515159607,0.22340334951877594,0.22434823215007782,0.22060374915599823,0.22105790674686432,0.22158882021903992,0.24343368411064148,0.2393265664577484,0.27935999631881714,0.2754496932029724,0.4189437925815582,0.41692325472831726,0.6474579572677612,0.6019015312194824,0.8426041007041931,0.396329790353775,0.9039624333381653,0.35175883769989014,0.9047413468360901,0.3371940851211548,0.8846855759620667,0.35300010442733765,0.8760455250740051,0.8783727288246155,1.2009985446929932,1.1567198038101196,1.4993433952331543,1.485505223274231,1.5392553806304932,1.5355764627456665,1.6110156774520874,1.5907210111618042
0.4143940806388855,0.41477006673812866,0.42344000935554504,0.43493005633354187,0.4439797103404999,0.4251970648765564,0.4409775137901306,0.4514058232307434,0.459026575088501,0.4312571585178375,0.451011598110199,0.45990434288978577,0.46460360288619995,0.43745630979537964,0.4550057351589203,0.4516921043395996,0.4458998739719391,0.4426991045475006,0.4562405049800873,0.45309993624687195,0.44772887229919434,0.4062306582927704,0.37699562311172485,0.3543645739555359,0.34662795066833496,0.34537315368652344,0.33936962485313416,0.3163527250289917,0.3077731430530548,0.3043598234653473,0.35182473063468933,0.32614564895629883,0.32399165630340576,0.326285719871521,0.36745041608810425,0.3526577353477478,0.3602869510650635,0.3667902648448944,0.3842017650604248,0.370403915643692,0.37533921003341675,0.38043856620788574,0.6054587364196777,0.5887210965156555,0.5822930932044983,0.5807628035545349,0.5777912735939026,0.5990713238716125,0.5935177206993103,0.5882148146629333,0.583831787109375,0.6076120734214783,0.601768434047699,0.5951211452484131,0.589202344417572,0.6119546890258789,0.6069298982620239,0.6006735563278198,0.5949921607971191,0.61330246925354,0.6094656586647034,0.6046444773674011,0.599738359451294,0.844667911529541,0.8589544296264648,0.8879061341285706,0.9166732430458069,0.938183069229126,0.9129322171211243,0.9477535486221313,0.9645774960517883,0.9767802357673645,0.9141204953193665,0.9475153684616089,0.9630356431007385,0.9732239246368408,0.9118514657020569,0.9419084191322327,0.9570843577384949,0.9674385190010071,0.9091900587081909,0.9348175525665283,0.948384702205658,0.9576988220214844,0.4981101453304291,0.5096092820167542,0.5171645283699036,0.5219240188598633,0.48840147256851196,0.4823686480522156,0.4752618372440338,0.5310991406440735,0.46696433424949646,0.5118218660354614,0.48547208309173584,0.5807314515113831,0.4237441122531891,0.6022236347198486,0.37584105134010315,0.6046337485313416,0.4166755974292755,0.6072356700897217,0.430821031332016,0.5934272408485413,0.4343736469745636,0.5887095928192139,0.4352909326553345,0.5500032305717468,0.4457581341266632,0.5495597720146179,0.4450797140598297,0.5408671498298645,0.4411640167236328,0.543730616569519,0.4373069703578949,0.5129452347755432,0.4600874185562134,0.24694429337978363,0.22165727615356445,0.22305570542812347,0.22397153079509735,0.22037839889526367,0.2208205908536911,0.22142809629440308,0.24277818202972412,0.23917590081691742,0.27894672751426697,0.2748134136199951,0.4188767373561859,0.4177994132041931,0.6474554538726807,0.6087396740913391,0.8426196575164795,0.40521425008773804,0.9039652347564697,0.35878095030784607,0.9047374129295349,0.33811816573143005,0.8846855759620667,0.35380280017852783,0.8762717247009277,0.8784351348876953,1.2014917135238647,1.1569383144378662,1.4988728761672974,1.4855711460113525,1.5387202501296997,1.5356028079986572,1.6109329462051392,1.5908790826797485
0.41609418392181396,0.41745227575302124,0.4276946783065796,0.44072455167770386,0.4501292109489441,0.43057781457901,0.4494274854660034,0.4605754613876343,0.46940430998802185,0.4368048906326294,0.4572630822658539,0.46932336688041687,0.4787096679210663,0.4427407681941986,0.4613916575908661,0.4564434289932251,0.44958627223968506,0.4473559558391571,0.46124595403671265,0.4569922089576721,0.4509458839893341,0.42123517394065857,0.38938280940055847,0.36615628004074097,0.3608650863170624,0.3619445562362671,0.3538568317890167,0.33227887749671936,0.319477915763855,0.3106423318386078,0.369094580411911,0.346044659614563,0.3340509831905365,0.3253105580806732,0.38647130131721497,0.36933913826942444,0.3741236925125122,0.3803451657295227,0.4033557176589966,0.38738614320755005,0.3900836110115051,0.39519357681274414,0.6051749587059021,0.5885784029960632,0.5822386741638184,0.5807997584342957,0.5778428316116333,0.5990955829620361,0.5935196280479431,0.5882138609886169,0.5838057994842529,0.6075147986412048,0.6016425490379333,0.5950102210044861,0.5890563726425171,0.6117275357246399,0.6066062450408936,0.6002938151359558,0.5945327281951904,0.6129509806632996,0.6089334487915039,0.6040024757385254,0.5990262031555176,0.8453399538993835,0.8593710660934448,0.8881741762161255,0.9167970418930054,0.9381318092346191,0.9129659533500671,0.947787344455719,0.964708685874939,0.9769287109375,0.9144322872161865,0.9479653239250183,0.9633626341819763,0.9735065698623657,0.9125237464904785,0.9428583979606628,0.9579167366027832,0.9681658148765564,0.9101617932319641,0.9358993768692017,0.9493096470832825,0.9584980010986328,0.4976573884487152,0.5086742639541626,0.51677006483078,0.5215145349502563,0.4878638982772827,0.48207196593284607,0.4747506082057953,0.530769407749176,0.46687090396881104,0.5112950801849365,0.4853692352771759,0.5807210206985474,0.4237671196460724,0.6022272706031799,0.3756192922592163,0.6045087575912476,0.4176454246044159,0.6071450710296631,0.4359429180622101,0.5933422446250916,0.440959095954895,0.5886195302009583,0.44062429666519165,0.5499282479286194,0.44574442505836487,0.5510936379432678,0.4457007646560669,0.5417498350143433,0.44164761900901794,0.5444099307060242,0.43767836689949036,0.5140352845191956,0.460637629032135,0.24670429527759552,0.22124388813972473,0.2226009964942932,0.22350284457206726,0.22031664848327637,0.22079233825206757,0.2214190512895584,0.24224746227264404,0.23913750052452087,0.27894842624664307,0.27480390667915344,0.41873404383659363,0.4195703864097595,0.6474519371986389,0.6123117804527283,0.8428077697753906,0.4187298119068146,0.9040162563323975,0.3721989095211029,0.9048156142234802,0.3465590178966522,0.8848360776901245,0.36275506019592285,0.8763038516044617,0.8784716725349426,1.2015572786331177,1.1565378904342651,1.497191071510315,1.4851664304733276,1.5366610288619995,1.5355366468429565,1.6100819110870361,1.5905801057815552
0.4180137515068054,0.419889360666275,0.4316791594028473,0.4455622136592865,0.4559969902038574,0.4354740083217621,0.45530635118484497,0.46712639927864075,0.4766947329044342,0.4420529007911682,0.4632529318332672,0.47636041045188904,0.487027108669281,0.4479272961616516,0.4658527970314026,0.4602764844894409,0.45307624340057373,0.45230066776275635,0.4652119576931,0.46062374114990234,0.4544762670993805,0.4335159659385681,0.3998640775680542,0.37751343846321106,0.37336045503616333,0.3764398694038391,0.3680407404899597,0.3494981825351715,0.33830416202545166,0.33035674691200256,0.3843214809894562,0.3641192615032196,0.351762056350708,0.3426876664161682,0.40214797854423523,0.38516947627067566,0.3868083655834198,0.3922620713710785,0.41870957612991333,0.40217673778533936,0.4018517732620239,0.40642228722572327,0.605311393737793,0.5887193083763123,0.5822637677192688,0.5806744694709778,0.5775125622749329,0.5988766551017761,0.5933442711830139,0.5880642533302307,0.5836572647094727,0.6073654890060425,0.6014806032180786,0.5947933197021484,0.5888111591339111,0.6116448640823364,0.6066290140151978,0.6003599762916565,0.5946303606033325,0.6129335165023804,0.6091001033782959,0.6042723059654236,0.5993416905403137,0.8456017971038818,0.8592785000801086,0.8881385326385498,0.9168270230293274,0.9381744861602783,0.9132071733474731,0.9482178688049316,0.9652732610702515,0.9776274561882019,0.9145374298095703,0.9481683969497681,0.9636794924736023,0.9737575054168701,0.9124034643173218,0.942500650882721,0.9577128291130066,0.9679990410804749,0.9097992777824402,0.9353933334350586,0.9488407969474792,0.9579648375511169,0.4976509213447571,0.5081035494804382,0.5164674520492554,0.5212525129318237,0.4875718057155609,0.4819351136684418,0.47455379366874695,0.5303789377212524,0.46651801466941833,0.5112942457199097,0.4854087829589844,0.5808297991752625,0.4237498641014099,0.6022456288337708,0.3750886917114258,0.6044551134109497,0.4189254343509674,0.6071025133132935,0.4418012499809265,0.5933175683021545,0.4458244740962982,0.588588535785675,0.44417721033096313,0.5498812794685364,0.4456101655960083,0.5520313382148743,0.4462480843067169,0.5425493717193604,0.4424830377101898,0.5448725819587708,0.4386220872402191,0.5157406330108643,0.4610254168510437,0.24668768048286438,0.2209305465221405,0.22207672894001007,0.22285084426403046,0.22034412622451782,0.2209736406803131,0.2219577580690384,0.2414102852344513,0.24026639759540558,0.2789331078529358,0.2754001319408417,0.41860246658325195,0.42153099179267883,0.6474233269691467,0.6134212017059326,0.8429542183876038,0.43252086639404297,0.904079020023346,0.39213356375694275,0.9048836827278137,0.36510494351387024,0.8849348425865173,0.3796909749507904,0.8763498067855835,0.8787602186203003,1.2016241550445557,1.1565487384796143,1.4970759153366089,1.485167384147644,1.5365527868270874,1.5355913639068604,1.609121561050415,1.590025782585144
0.421195387840271,0.42295631766319275,0.435746967792511,0.4506520926952362,0.4615355134010315,0.44061705470085144,0.4601462483406067,0.47195568680763245,0.48177191615104675,0.44731855392456055,0.4685811698436737,0.4818486273288727,0.4928578734397888,0.45271000266075134,0.47085464000701904,0.46487855911254883,0.4573844373226166,0.4567381739616394,0.4700232148170471,0.4652029871940613,0.4587976336479187,0.43958258628845215,0.40418699383735657,0.3825967609882355,0.3808734714984894,0.38588735461235046,0.3755570948123932,0.36000514030456543,0.3515335023403168,0.34545522928237915,0.3919079899787903,0.37432143092155457,0.3629489839076996,0.35465991497039795,0.40981587767601013,0.3925972580909729,0.39359819889068604,0.3989172875881195,0.4269172251224518,0.4105936288833618,0.40922921895980835,0.41309088468551636,0.605234682559967,0.5885193347930908,0.5819448232650757,0.5804500579833984,0.5773730278015137,0.5988783240318298,0.5931454300880432,0.5879120230674744,0.5836086273193359,0.6074662804603577,0.6014628410339355,0.594859778881073,0.5889855027198792,0.6118391752243042,0.6067606210708618,0.6005939841270447,0.5949887037277222,0.6132400631904602,0.6092987656593323,0.6044868230819702,0.599601686000824,0.8457081317901611,0.8599097728729248,0.8888818621635437,0.9175103306770325,0.9386929273605347,0.9136279821395874,0.9483765363693237,0.9652024507522583,0.9774984121322632,0.9147475957870483,0.9479774236679077,0.9634273052215576,0.9736408591270447,0.9122607707977295,0.9421434998512268,0.9574018120765686,0.9678725004196167,0.909305214881897,0.934805691242218,0.9483518600463867,0.9576131105422974,0.49755969643592834,0.5073850154876709,0.5160323977470398,0.5209883451461792,0.48720046877861023,0.48168784379959106,0.47416362166404724,0.5300065875053406,0.4657679498195648,0.511244535446167,0.4853050410747528,0.5808959603309631,0.42289817333221436,0.6023429036140442,0.374272882938385,0.6044455170631409,0.42250701785087585,0.6070874333381653,0.44479256868362427,0.5933053493499756,0.4490778148174286,0.5885733366012573,0.4473932683467865,0.5498818755149841,0.44550803303718567,0.5523790121078491,0.4462515115737915,0.5429672002792358,0.44243091344833374,0.5451022386550903,0.438520222902298,0.5163676142692566,0.4610298275947571,0.2464795708656311,0.22065673768520355,0.22161230444908142,0.22232742607593536,0.2203560471534729,0.22108283638954163,0.22240835428237915,0.24103370308876038,0.24138042330741882,0.27883049845695496,0.2762649357318878,0.4184928238391876,0.4219393730163574,0.6473895311355591,0.6131694912910461,0.8430452346801758,0.4416191577911377,0.904190719127655,0.4053196907043457,0.9049623012542725,0.3778882622718811,0.8850173950195312,0.3934459984302521,0.8764720559120178,0.8793482184410095,1.2014340162277222,1.156375765800476,1.4968252182006836,1.48545503616333,1.536326289176941,1.5361934900283813,1.6088439226150513,1.5903599262237549
0.42401865124702454,0.4264451563358307,0.4390527904033661,0.4528135359287262,0.46277254819869995,0.4447556436061859,0.4658169150352478,0.4784621298313141,0.4885411262512207,0.45180001854896545,0.47393134236335754,0.48786431550979614,0.4991622865200043,0.4571978449821472,0.4752940833568573,0.4702857732772827,0.46314170956611633,0.46085378527641296,0.4741975963115692,0.4705490469932556,0.4647427797317505,0.4394039809703827,0.40406858921051025,0.38271814584732056,0.3802011013031006,0.38525721430778503,0.3759705722332001,0.3637458086013794,0.3570486605167389,0.3528759777545929,0.39237046241760254,0.3779030442237854,0.36825957894325256,0.36185604333877563,0.41050243377685547,0.3971441686153412,0.39716944098472595,0.4014012813568115,0.42747968435287476,0.41468146443367004,0.4131656587123871,0.4161665141582489,0.6047995090484619,0.5882615447044373,0.5817265510559082,0.5802904367446899,0.5770761966705322,0.5985309481620789,0.5928072333335876,0.5876353979110718,0.5834192633628845,0.6071590781211853,0.6012308597564697,0.594711184501648,0.588942289352417,0.6115975379943848,0.6065332889556885,0.6004570722579956,0.5949724912643433,0.6130220293998718,0.6091437935829163,0.6044067740440369,0.5996471047401428,0.8460818529129028,0.8600592613220215,0.8886722326278687,0.9173550605773926,0.9388109445571899,0.9146512746810913,0.9491415619850159,0.9657759666442871,0.9778896570205688,0.9152743220329285,0.9486056566238403,0.9635576605796814,0.973175048828125,0.9123792052268982,0.9421716928482056,0.9570559859275818,0.9672741889953613,0.9089852571487427,0.9343952536582947,0.9476631283760071,0.9567985534667969,0.4973919093608856,0.5067704916000366,0.5155472159385681,0.5206968784332275,0.48683807253837585,0.4814222455024719,0.47381308674812317,0.5294907093048096,0.4652833342552185,0.5110952854156494,0.4851721525192261,0.5808985233306885,0.4218568503856659,0.6024843454360962,0.37351179122924805,0.6044383645057678,0.42401930689811707,0.607075572013855,0.4494834840297699,0.5932929515838623,0.4508095681667328,0.5885490775108337,0.44801434874534607,0.5498830080032349,0.4453333914279938,0.5531081557273865,0.44633251428604126,0.544014573097229,0.44231006503105164,0.5458666086196899,0.438271701335907,0.5180848836898804,0.46103134751319885,0.2463366538286209,0.22041036188602448,0.2212080955505371,0.2218552678823471,0.22037561237812042,0.22119268774986267,0.22279982268810272,0.24050191044807434,0.2420770674943924,0.2787417769432068,0.27652713656425476,0.41827112436294556,0.421937495470047,0.6473840475082397,0.6130111813545227,0.8432362675666809,0.44509196281433105,0.9044249057769775,0.41350677609443665,0.9050444960594177,0.38292044401168823,0.8850862383842468,0.39635181427001953,0.8765062689781189,0.879569947719574,1.200535774230957,1.1561059951782227,1.4962893724441528,1.4854841232299805,1.5355908870697021,1.5362346172332764,1.6086353063583374,1.5904288291931152
0.42770224809646606,0.43093594908714294,0.4441278576850891,0.45844191312789917,0.46819451451301575,0.4507244825363159,0.4712296724319458,0.483567476272583,0.49339818954467773,0.457457959651947,0.47936126589775085,0.49281007051467896,0.5035764575004578,0.46219196915626526,0.47889184951782227,0.47351914644241333,0.46648767590522766,0.4647274613380432,0.47749078273773193,0.473347544670105,0.46738213300704956,0.432950496673584,0.3970349133014679,0.377294659614563,0.3770122826099396,0.3842483162879944,0.37096288800239563,0.3606136739253998,0.35449886322021484,0.35084068775177,0.38777321577072144,0.3747306168079376,0.36626672744750977,0.36118781566619873,0.40639206767082214,0.39504626393318176,0.3941749930381775,0.3978026211261749,0.4236496090888977,0.41170206665992737,0.4100217819213867,0.41345396637916565,0.6050950288772583,0.5882403254508972,0.5816475749015808,0.580124020576477,0.5769227743148804,0.598520040512085,0.592863142490387,0.5876088738441467,0.583310604095459,0.6072067618370056,0.6011257767677307,0.5943225026130676,0.588310956954956,0.6116271018981934,0.6063247919082642,0.5999448895454407,0.5942106246948242,0.6130298972129822,0.6089349389076233,0.6038991212844849,0.5988958477973938,0.8467640280723572,0.860446035861969,0.8884856104850769,0.9170941710472107,0.938632071018219,0.9133483171463013,0.9488848447799683,0.9659441709518433,0.9782599806785583,0.9147214889526367,0.9491338729858398,0.9645328521728516,0.974426805973053,0.9126839637756348,0.9431198239326477,0.9581888914108276,0.9682513475418091,0.9101396799087524,0.935929536819458,0.94935142993927,0.9582517147064209,0.4971235990524292,0.5061607956886292,0.5150546431541443,0.5204240679740906,0.4864502251148224,0.4810613691806793,0.47337451577186584,0.5290315747261047,0.46472060680389404,0.5108255743980408,0.4848732650279999,0.58089679479599,0.4212341606616974,0.6024973392486572,0.3730338513851166,0.6043762564659119,0.42602622509002686,0.6070658564567566,0.45217281579971313,0.5932431817054749,0.4543541967868805,0.588441789150238,0.4514367878437042,0.5497880578041077,0.444974809885025,0.5531147122383118,0.44652238488197327,0.5440354943275452,0.44228261709213257,0.5458995699882507,0.4382621645927429,0.5180233716964722,0.46063074469566345,0.2459404021501541,0.22012659907341003,0.2208653688430786,0.22154362499713898,0.22035682201385498,0.22119224071502686,0.2228560894727707,0.24046379327774048,0.24237309396266937,0.27855128049850464,0.27669355273246765,0.41804563999176025,0.4219665825366974,0.6472830772399902,0.6125577092170715,0.843329668045044,0.44480761885643005,0.9045006632804871,0.41331249475479126,0.905091404914856,0.38403570652008057,0.8851417303085327,0.39718177914619446,0.8764318227767944,0.8795961141586304,1.1998592615127563,1.1556683778762817,1.4954888820648193,1.4852921962738037,1.5345629453659058,1.5361781120300293,1.6079975366592407,1.5898770093917847
0.43046218156814575,0.43350309133529663,0.4466592073440552,0.4606570601463318,0.4702983796596527,0.45538100600242615,0.4759075343608856,0.4883510172367096,0.4979710578918457,0.46217548847198486,0.48417019844055176,0.4977607727050781,0.5081971287727356,0.46650752425193787,0.48161497712135315,0.4758718013763428,0.4687662720680237,0.4685342311859131,0.48060479760169983,0.47612810134887695,0.46998724341392517,0.42454302310943604,0.38959357142448425,0.36971592903137207,0.3699740767478943,0.3783036470413208,0.36324578523635864,0.35263437032699585,0.3465788960456848,0.34288448095321655,0.37970590591430664,0.3677079379558563,0.35994765162467957,0.35584235191345215,0.39802974462509155,0.38769668340682983,0.3871532380580902,0.3909115195274353,0.4152516722679138,0.4044853150844574,0.40342259407043457,0.4071359932422638,0.6047247648239136,0.5879518985748291,0.5815200209617615,0.5798833966255188,0.5766644477844238,0.5986419320106506,0.5927117466926575,0.5873774886131287,0.583091676235199,0.6074331402778625,0.6010616421699524,0.594291090965271,0.5884604454040527,0.6119058132171631,0.6062601804733276,0.5998402833938599,0.5942119359970093,0.6132724285125732,0.6089141368865967,0.6037934422492981,0.5988834500312805,0.8471777439117432,0.860730767250061,0.8888299465179443,0.9174057841300964,0.9387161731719971,0.9137218594551086,0.949617326259613,0.9663962721824646,0.9784354567527771,0.9152392148971558,0.9502277374267578,0.965001106262207,0.9739444255828857,0.9131968021392822,0.9439587593078613,0.9584692120552063,0.9677210450172424,0.9106327295303345,0.9363364577293396,0.9492132663726807,0.9574844241142273,0.4967869818210602,0.5058246850967407,0.5147687792778015,0.5202420949935913,0.48613831400871277,0.480766624212265,0.4730198085308075,0.5288180708885193,0.4642905294895172,0.5105689764022827,0.4844779372215271,0.5808318257331848,0.4209171533584595,0.6024982929229736,0.3727772533893585,0.6043194532394409,0.42761313915252686,0.6070589423179626,0.45661041140556335,0.593189001083374,0.4561219811439514,0.5883619785308838,0.4518384635448456,0.5497006177902222,0.44487816095352173,0.5530964732170105,0.4467889666557312,0.5440731048583984,0.4425225853919983,0.546002209186554,0.43873950839042664,0.5179939866065979,0.46054014563560486,0.24593161046504974,0.21999859809875488,0.22074326872825623,0.22146731615066528,0.22035612165927887,0.22120803594589233,0.22295713424682617,0.2406950145959854,0.24269932508468628,0.27857181429862976,0.2770189344882965,0.41778069734573364,0.4219604730606079,0.6472160816192627,0.6124540567398071,0.8434938192367554,0.4425744414329529,0.9046770334243774,0.410296767950058,0.9051965475082397,0.3816547393798828,0.885258138179779,0.39476630091667175,0.8762052059173584,0.8796085119247437,1.1988461017608643,1.1542556285858154,1.4950931072235107,1.4843374490737915,1.5341098308563232,1.5354732275009155,1.6076300144195557,1.5883054733276367
0.43131616711616516,0.43464985489845276,0.44804123044013977,0.4617186486721039,0.470468670129776,0.45732444524765015,0.4779788553714752,0.49049317836761475,0.5000235438346863,0.464275598526001,0.4859311878681183,0.4997912049293518,0.5103849768638611,0.4688771069049835,0.48241549730300903,0.4767823815345764,0.4698121249675751,0.4711630046367645,0.4810645878314972,0.47640618681907654,0.47061437368392944,0.41682183742523193,0.3826054334640503,0.362552285194397,0.36232176423072815,0.37134426832199097,0.35421669483184814,0.34292861819267273,0.3359665870666504,0.33163875341415405,0.3697277307510376,0.35682162642478943,0.34820252656936646,0.34316208958625793,0.3878667652606964,0.3812237083911896,0.3823970854282379,0.3862864077091217,0.40502801537513733,0.3967811167240143,0.39711225032806396,0.4007863998413086,0.6049928665161133,0.5878419280052185,0.581168532371521,0.5796079039573669,0.5765697360038757,0.5984420776367188,0.5926254987716675,0.587475061416626,0.5833709836006165,0.6073850393295288,0.6012522578239441,0.5944373607635498,0.5884975790977478,0.6120752692222595,0.6064745187759399,0.6000703573226929,0.5943595767021179,0.6137181520462036,0.6091433167457581,0.6039007902145386,0.5988319516181946,0.8466830253601074,0.8606224060058594,0.8891915082931519,0.9176102876663208,0.9386656880378723,0.9137808084487915,0.9493098258972168,0.9665541648864746,0.9791361689567566,0.9150343537330627,0.9495607018470764,0.9648596048355103,0.9744623303413391,0.9128239154815674,0.9433323740959167,0.9578533172607422,0.967252254486084,0.9102365374565125,0.9358991980552673,0.9489182829856873,0.9572241306304932,0.49657005071640015,0.5054981112480164,0.5144633650779724,0.5200055837631226,0.48586419224739075,0.48051419854164124,0.47269943356513977,0.5286555886268616,0.46402204036712646,0.5104944109916687,0.484266072511673,0.5808253884315491,0.420931875705719,0.6025015115737915,0.372749388217926,0.6042721271514893,0.4294899106025696,0.6070521473884583,0.46097537875175476,0.5931524634361267,0.45869186520576477,0.5883067846298218,0.4528200924396515,0.5495604276657104,0.44481849670410156,0.553200900554657,0.4469670355319977,0.5441675782203674,0.4427173435688019,0.546153724193573,0.43897926807403564,0.5179567933082581,0.4605720639228821,0.24625390768051147,0.21999025344848633,0.22073566913604736,0.2214607447385788,0.22042472660541534,0.2213679701089859,0.223367378115654,0.24097959697246552,0.24332953989505768,0.2789490520954132,0.2781076729297638,0.4176015853881836,0.4220430552959442,0.647146463394165,0.6102681756019592,0.8436952829360962,0.4414290189743042,0.9049603343009949,0.4081280827522278,0.9053383469581604,0.3811590075492859,0.8853930830955505,0.3936990201473236,0.8762169480323792,0.8796247243881226,1.1984349489212036,1.1538563966751099,1.4945367574691772,1.4830760955810547,1.5332303047180176,1.5340455770492554,1.6068241596221924,1.586031436920166
0.4309099018573761,0.43411892652511597,0.4472496807575226,0.46004533767700195,0.468304842710495,0.45713362097740173,0.4782658517360687,0.49056291580200195,0.4999842643737793,0.46447330713272095,0.4856378436088562,0.49958622455596924,0.5106405019760132,0.4692986309528351,0.4822077453136444,0.47655782103538513,0.4694496691226959,0.4716835916042328,0.4796113669872284,0.4752501845359802,0.46992701292037964,0.4115919768810272,0.37717753648757935,0.35616758465766907,0.35564619302749634,0.36414849758148193,0.3454326093196869,0.33296892046928406,0.32517009973526,0.3204876780509949,0.3610762357711792,0.3468121886253357,0.33714768290519714,0.3315035104751587,0.379231333732605,0.3725834786891937,0.3740445673465729,0.377964049577713,0.3958866000175476,0.3881526589393616,0.3893440067768097,0.39333295822143555,0.604737401008606,0.5874014496803284,0.5808833241462708,0.5795204639434814,0.5761894583702087,0.5982574224472046,0.5923466682434082,0.5872367024421692,0.5831727385520935,0.607195258140564,0.6008411049842834,0.5940748453140259,0.5882085561752319,0.6118091344833374,0.6061871647834778,0.5998239517211914,0.5941445827484131,0.613407552242279,0.6090160012245178,0.603897213935852,0.598921000957489,0.8465865850448608,0.8605096936225891,0.8891989588737488,0.9177459478378296,0.9385949969291687,0.9146966934204102,0.9497219324111938,0.9667260050773621,0.9790977239608765,0.9155517816543579,0.9498699307441711,0.9648903608322144,0.974427342414856,0.9127782583236694,0.9435120820999146,0.9582066535949707,0.9677974581718445,0.9095227718353271,0.9353725910186768,0.948608934879303,0.9572200775146484,0.4964234232902527,0.5053421854972839,0.5143404006958008,0.5198510885238647,0.4857822060585022,0.48047977685928345,0.4726829528808594,0.5283969044685364,0.46398916840553284,0.5103384852409363,0.48424461483955383,0.5806535482406616,0.4209425151348114,0.6024913191795349,0.3727622330188751,0.6042068600654602,0.4306865632534027,0.6070448160171509,0.4615424871444702,0.5931447148323059,0.458972305059433,0.5882843136787415,0.45279422402381897,0.5492976903915405,0.4447178244590759,0.553260087966919,0.44712334871292114,0.5441020131111145,0.44294172525405884,0.5460768938064575,0.4391763508319855,0.5178519487380981,0.46091321110725403,0.24716420471668243,0.22000916302204132,0.22078219056129456,0.2215200662612915,0.2205698937177658,0.22163023054599762,0.22382910549640656,0.24125109612941742,0.24351955950260162,0.27978092432022095,0.27935880422592163,0.41736212372779846,0.4220387935638428,0.6471220254898071,0.6063787341117859,0.843890905380249,0.4349740147590637,0.9051838517189026,0.4031307101249695,0.9054908752441406,0.37511295080184937,0.8855379223823547,0.38833555579185486,0.8762655258178711,0.8796411752700806,1.1984509229660034,1.1538701057434082,1.4945954084396362,1.4830175638198853,1.5332450866699219,1.5339510440826416,1.6068332195281982,1.5851316452026367
0.43216267228126526,0.43402108550071716,0.4461803138256073,0.45944735407829285,0.46802547574043274,0.45728015899658203,0.4777583181858063,0.48965057730674744,0.4988144338130951,0.46470433473587036,0.4850110411643982,0.49837279319763184,0.5086179375648499,0.4697580933570862,0.4790840148925781,0.47362861037254333,0.4670661389827728,0.4727013409137726,0.47876042127609253,0.47443684935569763,0.4693920612335205,0.4054826498031616,0.37178900837898254,0.35089534521102905,0.3485684096813202,0.3563023507595062,0.33744513988494873,0.3239160478115082,0.31654858589172363,0.31179285049438477,0.3520132601261139,0.33677974343299866,0.3273959159851074,0.3218025863170624,0.36960461735725403,0.3651902973651886,0.36825382709503174,0.3724293112754822,0.3860059976577759,0.3794655501842499,0.3818899691104889,0.3859819173812866,0.6044202446937561,0.5872345566749573,0.5805498957633972,0.5791459083557129,0.5758042931556702,0.5979263782501221,0.5920259952545166,0.5869068503379822,0.5827730298042297,0.6070210337638855,0.600660502910614,0.5938611626625061,0.5878787040710449,0.6117751002311707,0.6060590744018555,0.5996077060699463,0.593806803226471,0.6133924722671509,0.6088067889213562,0.6035609245300293,0.5984959006309509,0.84661465883255,0.8606353402137756,0.8890437483787537,0.9175858497619629,0.9387161731719971,0.9138978719711304,0.949501097202301,0.9668113589286804,0.979356586933136,0.9151313304901123,0.9501296877861023,0.9653012752532959,0.9748082160949707,0.9128603935241699,0.9440217614173889,0.9585667848587036,0.9679605960845947,0.9101297855377197,0.93612140417099,0.9491629004478455,0.9575516581535339,0.49642306566238403,0.5053327679634094,0.5143175721168518,0.5197886824607849,0.4857765734195709,0.4804796278476715,0.47270599007606506,0.5283618569374084,0.4640090763568878,0.5103386044502258,0.48426389694213867,0.5804778933525085,0.4212462604045868,0.6024649143218994,0.3737804591655731,0.6040709018707275,0.43313655257225037,0.6070036292076111,0.4622022211551666,0.5931355953216553,0.46031269431114197,0.5882677435874939,0.45455530285835266,0.549156129360199,0.44467276334762573,0.552020788192749,0.4470098316669464,0.5439378619194031,0.44295617938041687,0.5461090207099915,0.4392228424549103,0.5160858035087585,0.46089357137680054,0.24750982224941254,0.22001606225967407,0.2208060622215271,0.22155345976352692,0.2206551432609558,0.22179801762104034,0.2241586446762085,0.24130283296108246,0.24377378821372986,0.2800312638282776,0.27991101145744324,0.41719889640808105,0.42148399353027344,0.6470664143562317,0.600440263748169,0.844211220741272,0.4240245521068573,0.9056957960128784,0.38982340693473816,0.9061165452003479,0.3641391098499298,0.8861174583435059,0.37784114480018616,0.876226007938385,0.8794671297073364,1.1984699964523315,1.1538794040679932,1.4947052001953125,1.483025312423706,1.5335476398468018,1.5340288877487183,1.606833577156067,1.584637999534607
0.42955833673477173,0.43306925892829895,0.44621163606643677,0.45916736125946045,0.46772193908691406,0.45426642894744873,0.4736432731151581,0.48491600155830383,0.4936923384666443,0.4612312614917755,0.48103567957878113,0.49391990900039673,0.5039012432098389,0.4661983251571655,0.47452443838119507,0.46898624300956726,0.4628969430923462,0.46913066506385803,0.4741125702857971,0.4691758453845978,0.4640067517757416,0.40135905146598816,0.3681318461894989,0.34773969650268555,0.34619471430778503,0.35392075777053833,0.3319737911224365,0.3180139660835266,0.3099542260169983,0.3039529621601105,0.3440800905227661,0.3309299349784851,0.3223515450954437,0.3161724805831909,0.36028292775154114,0.3628930449485779,0.3687399923801422,0.3722386062145233,0.37711846828460693,0.37789186835289,0.3822307288646698,0.38527190685272217,0.6044211983680725,0.5871639847755432,0.5804699063301086,0.5791354179382324,0.5758442282676697,0.597575306892395,0.5916543006896973,0.586727499961853,0.582824170589447,0.6066820025444031,0.6001773476600647,0.593371570110321,0.5875048637390137,0.6115463376045227,0.6056508421897888,0.5991905331611633,0.5935555696487427,0.6133866310119629,0.6087501049041748,0.6035016775131226,0.5986136198043823,0.8464970588684082,0.8605566024780273,0.8889352679252625,0.9174897074699402,0.9387523531913757,0.9141209721565247,0.9493257403373718,0.9667236804962158,0.9795681834220886,0.9157900214195251,0.9504063725471497,0.9654269218444824,0.9749687314033508,0.9136853218078613,0.9442082047462463,0.9582259058952332,0.9672766923904419,0.9108474254608154,0.93635493516922,0.9489342570304871,0.9568467736244202,0.4959622323513031,0.5051162838935852,0.5139713883399963,0.5195586085319519,0.4856730103492737,0.4804249703884125,0.4726937711238861,0.5282696485519409,0.46411415934562683,0.5098205804824829,0.4840773642063141,0.5802677869796753,0.42229220271110535,0.6024560332298279,0.37533101439476013,0.6039040684700012,0.43364378809928894,0.6067807674407959,0.4600733816623688,0.5931136012077332,0.4590078294277191,0.5882533192634583,0.4542197287082672,0.5489358901977539,0.4445662796497345,0.5508643984794617,0.4459812045097351,0.542477548122406,0.44258663058280945,0.5450428128242493,0.43883058428764343,0.5141760110855103,0.46046364307403564,0.24792663753032684,0.22002559900283813,0.22081221640110016,0.22157873213291168,0.22075682878494263,0.22191539406776428,0.22430896759033203,0.2412988394498825,0.243772491812706,0.2806587219238281,0.28008419275283813,0.4168792963027954,0.4202514886856079,0.6470550894737244,0.5951769351959229,0.8447924852371216,0.4181936979293823,0.9068385362625122,0.38132867217063904,0.9072489142417908,0.35901010036468506,0.8871976733207703,0.37335237860679626,0.8760560154914856,0.8789284229278564,1.198481559753418,1.153075098991394,1.4937481880187988,1.4826290607452393,1.532657504081726,1.5339487791061401,1.6046221256256104,1.5833803415298462
0.42920616269111633,0.43412572145462036,0.44781675934791565,0.46105170249938965,0.4700855612754822,0.4548301100730896,0.47376173734664917,0.48499611020088196,0.4936979115009308,0.46091145277023315,0.48104244470596313,0.4941478669643402,0.5042027831077576,0.4649931490421295,0.4739784002304077,0.4686437249183655,0.4628075361251831,0.46709880232810974,0.4724905490875244,0.4678783118724823,0.46302956342697144,0.3967103958129883,0.36447957158088684,0.34635481238365173,0.346021443605423,0.3535263240337372,0.33165356516838074,0.3182273507118225,0.31070637702941895,0.3050461411476135,0.34392550587654114,0.33102503418922424,0.3233720660209656,0.31793344020843506,0.35978278517723083,0.36381325125694275,0.36812442541122437,0.3697836399078369,0.37627437710762024,0.37956127524375916,0.38299059867858887,0.3842722773551941,0.6042487621307373,0.5870841145515442,0.5805009603500366,0.5790923833847046,0.5756299495697021,0.5977455973625183,0.5917397141456604,0.5867759585380554,0.5828372240066528,0.6068181395530701,0.6001619696617126,0.5932600498199463,0.5873245000839233,0.6116088032722473,0.6055271029472351,0.5989546775817871,0.5932561159133911,0.6133365035057068,0.6085511445999146,0.6032198667526245,0.5982533097267151,0.8461297154426575,0.8600074648857117,0.8886024951934814,0.9173452854156494,0.9386424422264099,0.9138380289077759,0.9491519927978516,0.9666405916213989,0.9796084761619568,0.9156082272529602,0.9503530859947205,0.9654836058616638,0.9751537442207336,0.913502037525177,0.944103479385376,0.958160936832428,0.9672284126281738,0.9106160402297974,0.9361460208892822,0.9487794041633606,0.9567357301712036,0.4956977069377899,0.5050843358039856,0.5139157772064209,0.5194777250289917,0.4856346845626831,0.480406254529953,0.4726962447166443,0.5282601714134216,0.4641881287097931,0.5094659328460693,0.4838525652885437,0.5800827741622925,0.4232693016529083,0.6024320721626282,0.3771008849143982,0.6036958694458008,0.43407925963401794,0.6065900921821594,0.45883265137672424,0.5929983854293823,0.45891815423965454,0.588127076625824,0.4547995328903198,0.548841655254364,0.44455522298812866,0.5508077144622803,0.44593968987464905,0.5412436127662659,0.4424886703491211,0.5441307425498962,0.43877336382865906,0.5111282467842102,0.4594879150390625,0.24823203682899475,0.2200295329093933,0.22084884345531464,0.22166669368743896,0.22076919674873352,0.22192668914794922,0.22434557974338531,0.24153970181941986,0.24368532001972198,0.2811855971813202,0.28040409088134766,0.41670650243759155,0.4201766550540924,0.6470471620559692,0.5925994515419006,0.845255970954895,0.4126678705215454,0.9076132774353027,0.3733244240283966,0.9080029726028442,0.35476604104042053,0.8879331946372986,0.37012696266174316,0.8759372234344482,0.8784398436546326,1.198493480682373,1.1525781154632568,1.4939340353012085,1.4824055433273315,1.532845377922058,1.5338903665542603,1.6046483516693115,1.5822495222091675
0.42909157276153564,0.43360427021980286,0.4472517967224121,0.4604381024837494,0.4691827893257141,0.454363614320755,0.47332626581192017,0.4847719669342041,0.49379295110702515,0.46050113439559937,0.4807082712650299,0.49389520287513733,0.5040278434753418,0.4648083746433258,0.47480377554893494,0.46950796246528625,0.4634247422218323,0.4673563241958618,0.47405391931533813,0.46933794021606445,0.46419769525527954,0.3979920446872711,0.36623576283454895,0.34824338555336,0.3474918603897095,0.3552904427051544,0.33200979232788086,0.31852659583091736,0.3108871877193451,0.3050369322299957,0.34358522295951843,0.330311119556427,0.3221346437931061,0.3162747621536255,0.3592410683631897,0.36385950446128845,0.36884015798568726,0.37080803513526917,0.37556546926498413,0.37884747982025146,0.3827032148838043,0.3842792510986328,0.6043053865432739,0.5870379209518433,0.5804929137229919,0.5791208744049072,0.5757656097412109,0.5977692604064941,0.5918216705322266,0.5868402123451233,0.5828951001167297,0.6068030595779419,0.6001925468444824,0.59334397315979,0.5874558687210083,0.6115548014640808,0.6055771708488464,0.599038302898407,0.5933769345283508,0.6133400201797485,0.6087203621864319,0.6034753322601318,0.5985729098320007,0.8463954925537109,0.860693633556366,0.8891808986663818,0.9177854657173157,0.9388757348060608,0.9143720269203186,0.9493876695632935,0.966679573059082,0.979533851146698,0.916063666343689,0.9504919648170471,0.9657904505729675,0.9758675694465637,0.9138945937156677,0.9443093538284302,0.9586318135261536,0.9680224061012268,0.9109004735946655,0.9363721609115601,0.949185848236084,0.9573386907577515,0.49534088373184204,0.5050051808357239,0.5137974619865417,0.5193670392036438,0.48556551337242126,0.480362206697464,0.4726846516132355,0.5282301902770996,0.4642886221408844,0.5090869665145874,0.48359155654907227,0.5798803567886353,0.42402079701423645,0.6024095416069031,0.3782796561717987,0.6035518646240234,0.43462803959846497,0.6064801812171936,0.45835864543914795,0.5929026007652283,0.45861807465553284,0.5879937410354614,0.45477595925331116,0.5487269163131714,0.4445493817329407,0.5502773523330688,0.44598591327667236,0.5412309169769287,0.4426473081111908,0.54413902759552,0.43901845812797546,0.5110427141189575,0.45949187874794006,0.24870780110359192,0.22006578743457794,0.22093287110328674,0.22184666991233826,0.22082333266735077,0.2219914197921753,0.2244722694158554,0.24185732007026672,0.24364784359931946,0.28167468309402466,0.28071752190589905,0.41653403639793396,0.41964802145957947,0.646970808506012,0.5909460186958313,0.8452709913253784,0.41030675172805786,0.9076440930366516,0.3711225390434265,0.9080957174301147,0.35282573103904724,0.8880268335342407,0.36812782287597656,0.8756808638572693,0.8780434727668762,1.198449969291687,1.1520665884017944,1.4939385652542114,1.4819380044937134,1.532860517501831,1.533700942993164,1.604174017906189,1.580258846282959
0.4305729269981384,0.43426769971847534,0.4474256932735443,0.4605420231819153,0.4690607190132141,0.45468246936798096,0.4738307297229767,0.4853355884552002,0.4944092631340027,0.46112510561943054,0.4810987710952759,0.4942671060562134,0.5043910145759583,0.4657553732395172,0.4744354486465454,0.4691062569618225,0.46317189931869507,0.4685089588165283,0.47360244393348694,0.46883082389831543,0.46398791670799255,0.4000362157821655,0.3680442273616791,0.34905487298965454,0.3483307659626007,0.35637912154197693,0.3324710726737976,0.3180175721645355,0.31030726432800293,0.30471500754356384,0.3449134826660156,0.330576628446579,0.3222239315509796,0.31665071845054626,0.36114537715911865,0.3642946183681488,0.3688441514968872,0.37139180302619934,0.3776770532131195,0.379485160112381,0.38322100043296814,0.38557127118110657,0.6040939092636108,0.5869761109352112,0.5806562304496765,0.579241156578064,0.5757454037666321,0.5978973507881165,0.5919795036315918,0.5869638919830322,0.5829466581344604,0.6069101095199585,0.600434422492981,0.5936238765716553,0.5877437591552734,0.6116994619369507,0.6058958172798157,0.5994329452514648,0.5938030481338501,0.6134598255157471,0.608996570110321,0.6037134528160095,0.5987246036529541,0.846767246723175,0.8610272407531738,0.889261782169342,0.9178618788719177,0.9390856623649597,0.9146899580955505,0.9498741626739502,0.9668753743171692,0.9793580770492554,0.9159656763076782,0.9507615566253662,0.9659051299095154,0.9757144451141357,0.9134002923965454,0.9439315795898438,0.9581311941146851,0.96736741065979,0.9100431799888611,0.9356326460838318,0.9483926296234131,0.9563840627670288,0.4952560067176819,0.5049842000007629,0.513759195804596,0.5193138718605042,0.48554927110671997,0.48035794496536255,0.47269248962402344,0.5282253623008728,0.46439939737319946,0.5089260339736938,0.4835057556629181,0.5797767639160156,0.4243130087852478,0.6023964285850525,0.3791569471359253,0.6034359335899353,0.4351634979248047,0.60645592212677,0.45785489678382874,0.5928348302841187,0.4583433270454407,0.5878840684890747,0.4548546075820923,0.5486776828765869,0.4445435404777527,0.5498828887939453,0.4457472562789917,0.5412176847457886,0.44261834025382996,0.5442559719085693,0.4390610158443451,0.5100206732749939,0.4585319459438324,0.24912182986736298,0.22010469436645508,0.22100239992141724,0.2219761162996292,0.22087255120277405,0.22203946113586426,0.2245509773492813,0.24202510714530945,0.2435920685529709,0.28198176622390747,0.2809663712978363,0.4164532423019409,0.41913414001464844,0.6467505693435669,0.5898388028144836,0.8452702164649963,0.40996941924095154,0.9076228737831116,0.3706020414829254,0.9080966114997864,0.3524436354637146,0.8880279660224915,0.36777710914611816,0.8748675584793091,0.877386212348938,1.1984636783599854,1.1508784294128418,1.4936835765838623,1.4813261032104492,1.5326696634292603,1.5336270332336426,1.6036431789398193,1.5791047811508179
0.4310030937194824,0.43423226475715637,0.44708511233329773,0.46032705903053284,0.46888238191604614,0.4546564221382141,0.4736762046813965,0.4849851131439209,0.4937955141067505,0.4613800644874573,0.48138290643692017,0.4945858120918274,0.5046143531799316,0.4660586416721344,0.47439098358154297,0.4692683219909668,0.4635033905506134,0.46865177154541016,0.4735865294933319,0.46907368302345276,0.46436363458633423,0.40076276659965515,0.3691629469394684,0.35034796595573425,0.34936055541038513,0.357494980096817,0.3335770070552826,0.31847745180130005,0.31061553955078125,0.30474725365638733,0.3458298444747925,0.33135899901390076,0.3229376971721649,0.31692302227020264,0.3618597090244293,0.3649624288082123,0.36965513229370117,0.3719988167285919,0.37820762395858765,0.38002848625183105,0.3837602436542511,0.3857940435409546,0.604706346988678,0.5875765085220337,0.5810278058052063,0.5793781876564026,0.5758998394012451,0.5982221961021423,0.5921323299407959,0.5870102047920227,0.5830062627792358,0.6071662902832031,0.600355327129364,0.5934097170829773,0.5874627232551575,0.6118491888046265,0.605742871761322,0.599111020565033,0.5933489799499512,0.613524317741394,0.6089238524436951,0.6036443710327148,0.5986517667770386,0.8469330072402954,0.8609309792518616,0.8893142342567444,0.9179971814155579,0.9392678737640381,0.9148883819580078,0.9503225684165955,0.9671499729156494,0.979379415512085,0.9165002107620239,0.9514195322990417,0.9664261341094971,0.9759694337844849,0.9143036603927612,0.9453993439674377,0.959891676902771,0.9691883325576782,0.9113484621047974,0.9373128414154053,0.9503070116043091,0.9585372805595398,0.49514293670654297,0.5048959851264954,0.5136097073554993,0.5192110538482666,0.48552241921424866,0.48034927248954773,0.47269710898399353,0.5281955003738403,0.4644854962825775,0.5086894631385803,0.4834757149219513,0.5796939730644226,0.42461833357810974,0.6023744940757751,0.3797721266746521,0.6034088730812073,0.43479830026626587,0.6064980626106262,0.457465261220932,0.5928266644477844,0.45799484848976135,0.5878725051879883,0.4545496702194214,0.5484091639518738,0.4444792568683624,0.5490742325782776,0.4451667070388794,0.5402897000312805,0.4425109028816223,0.5436012148857117,0.43906277418136597,0.5089194774627686,0.4577902853488922,0.24947668612003326,0.22014538943767548,0.22104889154434204,0.22207003831863403,0.22094018757343292,0.2221096307039261,0.22465108335018158,0.2421179860830307,0.24356047809123993,0.28214702010154724,0.28116676211357117,0.41642388701438904,0.4191288352012634,0.6466039419174194,0.5901078581809998,0.8450770378112793,0.4103271961212158,0.9071477651596069,0.37122979760169983,0.9076296091079712,0.3526681661605835,0.8876272439956665,0.3679574728012085,0.8745907545089722,0.8771714568138123,1.1984078884124756,1.150829553604126,1.493546962738037,1.4812067747116089,1.5325219631195068,1.533552646636963,1.6030360460281372,1.5788410902023315
0.4307350516319275,0.4345276355743408,0.4474083483219147,0.4603625535964966,0.46900150179862976,0.45465826988220215,0.4736335873603821,0.4848785698413849,0.4935707151889801,0.46114763617515564,0.48134657740592957,0.49449217319488525,0.5044382810592651,0.4658266603946686,0.4746813178062439,0.46957874298095703,0.4637584388256073,0.46853238344192505,0.47424280643463135,0.46963196992874146,0.4647432267665863,0.401441752910614,0.37032976746559143,0.3514595329761505,0.3500455915927887,0.35826724767684937,0.3346222937107086,0.31935742497444153,0.3114071190357208,0.30512386560440063,0.3465687036514282,0.3321692943572998,0.32352158427238464,0.3166356384754181,0.36257973313331604,0.3646348714828491,0.3696824908256531,0.37219271063804626,0.37922045588493347,0.37974780797958374,0.3836163282394409,0.38605597615242004,0.6045840978622437,0.5875864028930664,0.5811113119125366,0.5794479250907898,0.5760589241981506,0.5980614423751831,0.5922533869743347,0.587287187576294,0.5833752155303955,0.607073187828064,0.6004837155342102,0.5937172770500183,0.587924599647522,0.6118674278259277,0.6059325337409973,0.5995581150054932,0.5939804911613464,0.6136136651039124,0.6090885996818542,0.6039316654205322,0.5990490317344666,0.8470268249511719,0.8613772392272949,0.8897581100463867,0.9183875918388367,0.9394979476928711,0.9149346351623535,0.9504706263542175,0.9671630859375,0.9792008399963379,0.9162706136703491,0.95135498046875,0.9663503766059875,0.9758932590484619,0.9138561487197876,0.9448621273040771,0.9594249725341797,0.9687844514846802,0.9106594324111938,0.9365589618682861,0.9496199488639832,0.9578719735145569,0.4951150119304657,0.5048642754554749,0.5135688185691833,0.5191748738288879,0.48550885915756226,0.48034507036209106,0.47270166873931885,0.5281938314437866,0.46453458070755005,0.5086029171943665,0.4834553599357605,0.5796650052070618,0.4247104525566101,0.6023643612861633,0.3803948163986206,0.603389322757721,0.4347056746482849,0.6065340638160706,0.4575469195842743,0.592817485332489,0.4578990042209625,0.5878298878669739,0.4544354975223541,0.5483129024505615,0.44444361329078674,0.5476561188697815,0.44455042481422424,0.5398412346839905,0.441819965839386,0.5434637069702148,0.43856775760650635,0.5082444548606873,0.45685848593711853,0.24985094368457794,0.22020207345485687,0.22111956775188446,0.2221776396036148,0.22099816799163818,0.22217300534248352,0.22475410997867584,0.24228021502494812,0.24355792999267578,0.28231021761894226,0.28144901990890503,0.41639629006385803,0.4192987084388733,0.6464468240737915,0.5903033018112183,0.8449323773384094,0.41043463349342346,0.9067551493644714,0.3713586926460266,0.9072822332382202,0.35247719287872314,0.8873386979103088,0.3678370416164398,0.8745989203453064,0.8772037029266357,1.1993331909179688,1.1513280868530273,1.4939385652542114,1.4815140962600708,1.5327454805374146,1.5336947441101074,1.6032346487045288,1.5794416666030884
0.43093493580818176,0.4349059462547302,0.44786494970321655,0.4608783423900604,0.4696977436542511,0.4547078013420105,0.4735683500766754,0.4848395586013794,0.4936620891094208,0.46116048097610474,0.4813627302646637,0.4944153428077698,0.5043323636054993,0.46589386463165283,0.4752785861492157,0.4702625274658203,0.46436095237731934,0.46877187490463257,0.4747309982776642,0.47005054354667664,0.4650237560272217,0.4015119671821594,0.3700841963291168,0.3509659469127655,0.3490915596485138,0.35642629861831665,0.33450621366500854,0.3195613920688629,0.31166428327560425,0.30551019310951233,0.34644269943237305,0.33191514015197754,0.32316797971725464,0.31660398840904236,0.36240634322166443,0.36499616503715515,0.3698890805244446,0.37239623069763184,0.37892046570777893,0.3803274929523468,0.38435402512550354,0.3867253363132477,0.6045265793800354,0.5876492857933044,0.5811058282852173,0.5795035362243652,0.5761328935623169,0.5982097387313843,0.5923810601234436,0.5873689651489258,0.5833878517150879,0.6071882247924805,0.600648045539856,0.5938858389854431,0.5880348086357117,0.6119022965431213,0.606121301651001,0.5997510552406311,0.5941147208213806,0.613584578037262,0.6091876029968262,0.6040458083152771,0.5990921258926392,0.8468955159187317,0.861443817615509,0.889824628829956,0.9184020757675171,0.9395326972007751,0.9146444797515869,0.9500234723091125,0.9668095707893372,0.9790278673171997,0.9159963130950928,0.9509463310241699,0.9661474227905273,0.9759352207183838,0.913590669631958,0.9445517063140869,0.9591977000236511,0.9686478972434998,0.910467803478241,0.936399519443512,0.949552059173584,0.9579299688339233,0.49509984254837036,0.5048443078994751,0.5135389566421509,0.519145667552948,0.4854968190193176,0.48033586144447327,0.4727039635181427,0.5281921029090881,0.46455463767051697,0.5085386633872986,0.48343563079833984,0.5796443819999695,0.4248434603214264,0.6023589968681335,0.3810737729072571,0.6033347845077515,0.43472909927368164,0.6065500378608704,0.4575689733028412,0.5928089022636414,0.4578103721141815,0.5877913236618042,0.45435187220573425,0.5481446981430054,0.4443751871585846,0.5472425222396851,0.44389256834983826,0.539664089679718,0.44125938415527344,0.5434359908103943,0.4382275640964508,0.5077930688858032,0.45588818192481995,0.2499861866235733,0.22022423148155212,0.22116048634052277,0.2222437560558319,0.2210128754377365,0.22218649089336395,0.22478832304477692,0.24242842197418213,0.24355448782444,0.28235355019569397,0.28154581785202026,0.416353315114975,0.41933268308639526,0.6461576223373413,0.5904746651649475,0.8446471095085144,0.41051340103149414,0.9062265753746033,0.3713768422603607,0.9067990779876709,0.35225990414619446,0.8868988156318665,0.3677099943161011,0.8744797706604004,0.8771104216575623,1.199402928352356,1.1509414911270142,1.4938898086547852,1.4814151525497437,1.5326920747756958,1.5336757898330688,1.602699637413025,1.5792073011398315
0.4315556287765503,0.4354104995727539,0.44811487197875977,0.4608892500400543,0.46950164437294006,0.45480045676231384,0.4737066328525543,0.4849995970726013,0.49384650588035583,0.4615315794944763,0.4815385341644287,0.4945839047431946,0.5045472383499146,0.4665273129940033,0.47543635964393616,0.47044098377227783,0.4646171033382416,0.4695731997489929,0.47489503026008606,0.47033393383026123,0.4654999077320099,0.40154945850372314,0.3694687783718109,0.35003066062927246,0.34856992959976196,0.35624319314956665,0.3344995379447937,0.31946125626564026,0.31153884530067444,0.30564677715301514,0.3468016982078552,0.33206069469451904,0.32316309213638306,0.31673958897590637,0.36301589012145996,0.3646310567855835,0.3690057694911957,0.37175416946411133,0.37958160042762756,0.380069762468338,0.3838005065917969,0.3865428864955902,0.6048997640609741,0.587706446647644,0.5812775492668152,0.5797269344329834,0.5762172937393188,0.5984169840812683,0.5922706723213196,0.5871496796607971,0.583160400390625,0.6073952317237854,0.600608766078949,0.5936893224716187,0.5878216624259949,0.6120519638061523,0.606111466884613,0.5995959639549255,0.5939213633537292,0.6135954260826111,0.6091691851615906,0.6039674878120422,0.5990273356437683,0.8470379710197449,0.8614281415939331,0.8901669979095459,0.9188110828399658,0.9398102760314941,0.9156602025032043,0.9511653780937195,0.9676715731620789,0.9796586036682129,0.9166769981384277,0.951852023601532,0.9666666388511658,0.9757891893386841,0.9137898087501526,0.9448059797286987,0.9594262838363647,0.968664824962616,0.9101942181587219,0.9361364841461182,0.9491363763809204,0.9573497772216797,0.49509909749031067,0.5048330426216125,0.5135209560394287,0.5191282033920288,0.4854944050312042,0.4803328514099121,0.47271353006362915,0.5281920433044434,0.46458113193511963,0.5085334777832031,0.4834294319152832,0.5796366333961487,0.42487481236457825,0.6023541688919067,0.38145777583122253,0.603297770023346,0.4347800314426422,0.6065598130226135,0.457715779542923,0.5927994847297668,0.45777568221092224,0.5877419114112854,0.454311341047287,0.548000156879425,0.44424551725387573,0.5471155643463135,0.4435819089412689,0.539465606212616,0.4410516619682312,0.5433642864227295,0.4381476640701294,0.5071038007736206,0.4554210305213928,0.25018012523651123,0.2202547788619995,0.22120340168476105,0.22229480743408203,0.22104360163211823,0.22223129868507385,0.2248757779598236,0.24249829351902008,0.24357709288597107,0.28243473172187805,0.28171324729919434,0.41629254817962646,0.41938093304634094,0.6459667682647705,0.5906166434288025,0.8444734215736389,0.4105404317378998,0.9059539437294006,0.3713020086288452,0.9065529108047485,0.35199204087257385,0.8866738677024841,0.3675024211406708,0.874462366104126,0.877112090587616,1.1994965076446533,1.1509463787078857,1.4938639402389526,1.4812501668930054,1.5325745344161987,1.533424735069275,1.602540135383606,1.5790438652038574
0.43135905265808105,0.43536245822906494,0.4483112394809723,0.4612274467945099,0.4698699116706848,0.45500484108924866,0.4737241864204407,0.48500746488571167,0.49389731884002686,0.46156030893325806,0.4815646708011627,0.49461787939071655,0.5046025514602661,0.46636900305747986,0.4755154252052307,0.4704529345035553,0.46453866362571716,0.46927502751350403,0.4749661087989807,0.47036290168762207,0.4654286503791809,0.40123340487480164,0.3697371184825897,0.35048961639404297,0.3489995300769806,0.3565053641796112,0.334357887506485,0.3194443881511688,0.3114869296550751,0.30559098720550537,0.34655746817588806,0.3317596912384033,0.3228493332862854,0.3164783716201782,0.36277592182159424,0.3647606074810028,0.3691776990890503,0.37167298793792725,0.3794439733028412,0.38030320405960083,0.38399258255958557,0.3863396942615509,0.6047841310501099,0.5877145528793335,0.5811915993690491,0.5795401334762573,0.5763434767723083,0.5987715721130371,0.5926539897918701,0.587456464767456,0.5833744406700134,0.6075431108474731,0.6009044647216797,0.5939322710037231,0.5879736542701721,0.6120588183403015,0.6062416434288025,0.5996894240379333,0.5939230918884277,0.6134918928146362,0.6090560555458069,0.6038503050804138,0.5988349914550781,0.8462689518928528,0.8612422347068787,0.8903480172157288,0.918906569480896,0.9397578835487366,0.9152815341949463,0.9501742124557495,0.9669078588485718,0.9792364835739136,0.916487991809845,0.9510467648506165,0.9662993550300598,0.9761805534362793,0.913804292678833,0.944721519947052,0.9594422578811646,0.9688810706138611,0.9104228019714355,0.9364862442016602,0.9497095942497253,0.9581274390220642,0.49510064721107483,0.5048325061798096,0.5135164260864258,0.5191230177879333,0.485493004322052,0.48033273220062256,0.4727347493171692,0.5281913876533508,0.46460679173469543,0.508521318435669,0.48342400789260864,0.579628050327301,0.4249266982078552,0.6023521423339844,0.38165283203125,0.6032773852348328,0.4347304701805115,0.6065825819969177,0.45767152309417725,0.5927928686141968,0.45770031213760376,0.5877125859260559,0.45424988865852356,0.5479671955108643,0.4441199004650116,0.546974778175354,0.4427821934223175,0.5394691824913025,0.4410432279109955,0.5434275269508362,0.43816620111465454,0.5069475769996643,0.45545342564582825,0.25029614567756653,0.22026540338993073,0.22122375667095184,0.22232075035572052,0.22105178236961365,0.22224175930023193,0.2249019593000412,0.24254783987998962,0.24357447028160095,0.2825043797492981,0.28180843591690063,0.41626396775245667,0.4194009006023407,0.6459501385688782,0.5908769369125366,0.8443931937217712,0.41066035628318787,0.9057531356811523,0.37132370471954346,0.9063634276390076,0.3519339859485626,0.8865270018577576,0.36751434206962585,0.8744522929191589,0.8771125674247742,1.1993904113769531,1.1510035991668701,1.4936643838882446,1.4808993339538574,1.5320854187011719,1.5327539443969727,1.6024971008300781,1.5786926746368408
0.431366890668869,0.43527302145957947,0.4482042193412781,0.46120864152908325,0.4698029160499573,0.4548766613006592,0.4738753139972687,0.48523855209350586,0.4942114055156708,0.46134310960769653,0.48153749108314514,0.49464163184165955,0.5046831369400024,0.46609872579574585,0.4754939675331116,0.47039610147476196,0.4644005596637726,0.46890872716903687,0.4750101864337921,0.470366507768631,0.46526485681533813,0.4017275273799896,0.36996108293533325,0.35047757625579834,0.3484979271888733,0.3558642268180847,0.33411699533462524,0.3194759488105774,0.3116393983364105,0.3058464527130127,0.3462882339954376,0.33151304721832275,0.3226846754550934,0.31635582447052,0.3625297546386719,0.364944189786911,0.3694334328174591,0.3718205392360687,0.3792252838611603,0.38058313727378845,0.3841685950756073,0.38635480403900146,0.6046944856643677,0.5877870321273804,0.5813664793968201,0.5796263813972473,0.5763875246047974,0.5987145304679871,0.5927487015724182,0.587616503238678,0.5835172533988953,0.6075608134269714,0.6011515855789185,0.594344437122345,0.5884483456611633,0.6121266484260559,0.6065512299537659,0.6001847982406616,0.5945304036140442,0.6136285066604614,0.6093063950538635,0.6041604280471802,0.599183201789856,0.8457145690917969,0.8610160946846008,0.8898743391036987,0.9185670018196106,0.9396825432777405,0.9145029187202454,0.9497132897377014,0.9667792916297913,0.979351282119751,0.915661096572876,0.9502615332603455,0.9656756520271301,0.9756538271903992,0.9130820035934448,0.9438279867172241,0.958668053150177,0.9682404398918152,0.909831702709198,0.9356964826583862,0.9488637447357178,0.9572246074676514,0.49510669708251953,0.50483638048172,0.5135136246681213,0.5191147327423096,0.48549625277519226,0.4803350567817688,0.4727585017681122,0.5281933546066284,0.46463215351104736,0.5085186958312988,0.4834190607070923,0.5796222686767578,0.42485201358795166,0.6023501753807068,0.3817885220050812,0.6032606959342957,0.4348567724227905,0.6065918803215027,0.45764902234077454,0.5927843451499939,0.4576963782310486,0.587689220905304,0.45430174469947815,0.5479415059089661,0.4439319372177124,0.5469830632209778,0.44358518719673157,0.5395792126655579,0.44183629751205444,0.5435454845428467,0.4388076066970825,0.5078704953193665,0.45739424228668213,0.2503219246864319,0.22026893496513367,0.2212330549955368,0.22233496606349945,0.22106054425239563,0.2222539484500885,0.22491659224033356,0.24257946014404297,0.2435648888349533,0.2825218439102173,0.28182241320610046,0.4162351191043854,0.419388085603714,0.645924985408783,0.5910031199455261,0.8442460298538208,0.4107419550418854,0.9054569602012634,0.37125363945961,0.90608149766922,0.35184407234191895,0.8862781524658203,0.3674997091293335,0.8744010925292969,0.8770652413368225,1.1988298892974854,1.1510093212127686,1.4927788972854614,1.4808990955352783,1.5312514305114746,1.532761812210083,1.6009490489959717,1.5784721374511719
0.4309675395488739,0.4351814091205597,0.4484192728996277,0.46140629053115845,0.47020959854125977,0.45527878403663635,0.47397539019584656,0.4851648211479187,0.49405577778816223,0.4616728723049164,0.48166218400001526,0.4947858452796936,0.5049350261688232,0.46624916791915894,0.4755672514438629,0.4702516198158264,0.4641661047935486,0.468861848115921,0.4750998616218567,0.47033604979515076,0.46511170268058777,0.4017319679260254,0.37030601501464844,0.35071223974227905,0.3488643169403076,0.35629212856292725,0.33435961604118347,0.3195160925388336,0.31144335865974426,0.3053334653377533,0.34627416729927063,0.3315085470676422,0.32285425066947937,0.3165164291858673,0.3623623549938202,0.3649762272834778,0.36979514360427856,0.3720723092556,0.3790707290172577,0.38045409321784973,0.3842218816280365,0.3862650990486145,0.6050065159797668,0.587864339351654,0.5816251039505005,0.5799630284309387,0.5764638185501099,0.598828911781311,0.5927770733833313,0.5876028537750244,0.5834986567497253,0.6075875759124756,0.600990355014801,0.5941027998924255,0.5882023572921753,0.6120612621307373,0.6062724590301514,0.5998420119285583,0.5942236185073853,0.613523542881012,0.609221875667572,0.6040667295455933,0.5991900563240051,0.8457562923431396,0.8608508706092834,0.8898168802261353,0.9185165166854858,0.9396127462387085,0.914485514163971,0.950123131275177,0.9672826528549194,0.9798684120178223,0.915693998336792,0.9508270621299744,0.9660507440567017,0.9756871461868286,0.9131075143814087,0.944069504737854,0.9587787389755249,0.9681347012519836,0.9097169041633606,0.9356072545051575,0.9486749768257141,0.9569281339645386,0.4951342046260834,0.5048506259918213,0.5135158896446228,0.5191071629524231,0.4855054020881653,0.4803396761417389,0.4727841913700104,0.5281973481178284,0.46465426683425903,0.5085185170173645,0.48341572284698486,0.5795994997024536,0.4248184561729431,0.6023346185684204,0.38186103105545044,0.6032458543777466,0.4349386394023895,0.6065925359725952,0.45760634541511536,0.5927774310112,0.4577086269855499,0.5876808166503906,0.4543878138065338,0.5479325652122498,0.4438226521015167,0.5469958186149597,0.4436935782432556,0.5397564768791199,0.44194838404655457,0.5437955260276794,0.43882396817207336,0.5087757706642151,0.45874983072280884,0.25034379959106445,0.2202722281217575,0.22125376760959625,0.22236691415309906,0.22106565535068512,0.22226236760616302,0.22492767870426178,0.24265478551387787,0.24353976547718048,0.2825366258621216,0.2818338871002197,0.41621336340904236,0.41938334703445435,0.6459084153175354,0.5911933779716492,0.8442006707191467,0.41081318259239197,0.9053335785865784,0.37121185660362244,0.9060114026069641,0.3517838418483734,0.886212944984436,0.36751413345336914,0.8742343187332153,0.8770459294319153,1.1970837116241455,1.1509530544281006,1.4905908107757568,1.4804903268814087,1.5291919708251953,1.5322517156600952,1.5988506078720093,1.5781480073928833
0.4312887489795685,0.43531733751296997,0.448332279920578,0.4610985219478607,0.4698648452758789,0.4554130434989929,0.4742761254310608,0.4854802191257477,0.4943495988845825,0.46197807788848877,0.48183777928352356,0.49471408128738403,0.5045567750930786,0.46665874123573303,0.47550633549690247,0.47040027379989624,0.46444201469421387,0.469296395778656,0.47492435574531555,0.47025835514068604,0.4651423990726471,0.40170276165008545,0.36981770396232605,0.3503918945789337,0.34867599606513977,0.35601383447647095,0.3340873122215271,0.3194595277309418,0.3115786910057068,0.3057217001914978,0.3462660014629364,0.331445574760437,0.3227587938308716,0.3165578544139862,0.3625328242778778,0.36534446477890015,0.3701723515987396,0.3724910020828247,0.37926170229911804,0.38083991408348083,0.3846692740917206,0.3867541253566742,0.6047021746635437,0.5879871845245361,0.5817646980285645,0.5800619721412659,0.5766684412956238,0.5988216400146484,0.5930554270744324,0.5879182815551758,0.5838004946708679,0.6074709892272949,0.6012669801712036,0.5945450663566589,0.5887101292610168,0.6119319796562195,0.6064772605895996,0.6001744866371155,0.5945267677307129,0.6133591532707214,0.609169065952301,0.6041238903999329,0.5991800427436829,0.8452860713005066,0.8606504797935486,0.8896723389625549,0.918300986289978,0.9395695328712463,0.9142281413078308,0.9494456648826599,0.9666083455085754,0.9792424440383911,0.9155381321907043,0.9500056505203247,0.9654668569564819,0.9755313992500305,0.9132624864578247,0.9438838958740234,0.9586836099624634,0.9684360027313232,0.9104269742965698,0.9362402558326721,0.949526309967041,0.9582478404045105,0.49519696831703186,0.5048962831497192,0.5135496854782104,0.5191035866737366,0.4855177104473114,0.48034828901290894,0.4728156328201294,0.5282151699066162,0.46467477083206177,0.5085345506668091,0.48341748118400574,0.5795689821243286,0.4247909486293793,0.6023229360580444,0.3820277154445648,0.6032272577285767,0.43494030833244324,0.6065994501113892,0.45756635069847107,0.5927570462226868,0.45770806074142456,0.5876402258872986,0.45444759726524353,0.5479246377944946,0.44379597902297974,0.5469503998756409,0.44402015209198,0.5397900938987732,0.4425361454486847,0.543923556804657,0.439461886882782,0.508785605430603,0.45964452624320984,0.2503698170185089,0.22027862071990967,0.2212831974029541,0.22239771485328674,0.22107043862342834,0.22227053344249725,0.2249380201101303,0.24271850287914276,0.24351873993873596,0.28254973888397217,0.2818421423435211,0.41619810461997986,0.4193991422653198,0.6458971500396729,0.5915199518203735,0.8441459536552429,0.41087257862091064,0.9052640199661255,0.3710590898990631,0.9059299230575562,0.3517323136329651,0.8861429691314697,0.3675340414047241,0.8741631507873535,0.8770453929901123,1.196213722229004,1.1509546041488647,1.4895061254501343,1.4802850484848022,1.5277591943740845,1.5318233966827393,1.5981390476226807,1.578125238418579
0.43160638213157654,0.43554696440696716,0.44835466146469116,0.4611434042453766,0.4700915515422821,0.45538491010665894,0.47427821159362793,0.48548245429992676,0.4943406879901886,0.46181443333625793,0.48187094926834106,0.4948647916316986,0.504782497882843,0.4664729833602905,0.4755629003047943,0.47043073177337646,0.4644607603549957,0.4691980481147766,0.47495388984680176,0.4702777862548828,0.46522027254104614,0.40106791257858276,0.3696249723434448,0.3503063917160034,0.34847190976142883,0.355866014957428,0.33398333191871643,0.3193483054637909,0.31150022149086,0.30558207631111145,0.346015989780426,0.331449419260025,0.3228643536567688,0.3166878819465637,0.36222442984580994,0.36538976430892944,0.37031906843185425,0.37264448404312134,0.3789336383342743,0.38062652945518494,0.3845788538455963,0.38672885298728943,0.6053042411804199,0.5883826613426208,0.581953763961792,0.5801799893379211,0.5769460201263428,0.5989058017730713,0.5930848121643066,0.5878429412841797,0.5836296677589417,0.6076037287712097,0.6012501120567322,0.5943742990493774,0.5884249210357666,0.6120894551277161,0.6066548824310303,0.600281834602356,0.5945870280265808,0.6136524081230164,0.6096396446228027,0.6046328544616699,0.5997257828712463,0.8454885482788086,0.860619306564331,0.8895870447158813,0.9182772040367126,0.9396211504936218,0.9144251346588135,0.9495375752449036,0.9667919874191284,0.9795101284980774,0.9159303903579712,0.9501826167106628,0.9654486775398254,0.9750548601150513,0.9136884212493896,0.9440988302230835,0.9588425755500793,0.9682949781417847,0.9106308817863464,0.9363771080970764,0.9496459364891052,0.9581575989723206,0.4953160881996155,0.5049925446510315,0.5136347413063049,0.5191177129745483,0.4855561852455139,0.4803812801837921,0.4729059636592865,0.5282711386680603,0.46470654010772705,0.5085841417312622,0.4834262430667877,0.5795603394508362,0.42478296160697937,0.6022881269454956,0.38228046894073486,0.6032063364982605,0.4351010024547577,0.6066054105758667,0.45761582255363464,0.592749834060669,0.45776835083961487,0.5876184701919556,0.45452880859375,0.5478964447975159,0.4437709450721741,0.5469141006469727,0.44481077790260315,0.5396853685379028,0.4429926872253418,0.5437489748001099,0.43997517228126526,0.5087954998016357,0.45973852276802063,0.25040945410728455,0.22029602527618408,0.221342533826828,0.22246792912483215,0.2210749387741089,0.22227686643600464,0.22494526207447052,0.2428402304649353,0.2434658408164978,0.28257036209106445,0.2818530201911926,0.4161791503429413,0.4194251298904419,0.6458988785743713,0.5915975570678711,0.8441121578216553,0.41077369451522827,0.9052178263664246,0.3706035912036896,0.9058981537818909,0.3513452410697937,0.8861191868782043,0.3672410249710083,0.8741763830184937,0.8771291375160217,1.1963099241256714,1.1508041620254517,1.489353060722351,1.4801541566848755,1.5273693799972534,1.5316184759140015,1.5979199409484863,1.5780991315841675
0.43171146512031555,0.43563705682754517,0.4484401345252991,0.4613904356956482,0.4703637361526489,0.4552004337310791,0.4741618037223816,0.4854564368724823,0.49435922503471375,0.46149754524230957,0.48167574405670166,0.4948449730873108,0.5049321055412292,0.4661738872528076,0.47570788860321045,0.47075629234313965,0.4648915231227875,0.46903255581855774,0.4753357172012329,0.47079139947891235,0.46576520800590515,0.4009028375148773,0.36952677369117737,0.3502480983734131,0.348406046628952,0.35551923513412476,0.3341129720211029,0.3192873001098633,0.31131425499916077,0.3051905632019043,0.3460046947002411,0.33139702677726746,0.32286059856414795,0.31668949127197266,0.3620084822177887,0.365194708108902,0.3701682984828949,0.37252819538116455,0.3785240054130554,0.3801465630531311,0.38407057523727417,0.38617387413978577,0.6050562858581543,0.588358998298645,0.5820187330245972,0.580260157585144,0.5769258737564087,0.5992202758789062,0.5934479236602783,0.5881723761558533,0.583907425403595,0.6076954007148743,0.6013733744621277,0.594458818435669,0.588452935218811,0.6119831204414368,0.6065744161605835,0.600083589553833,0.5943467020988464,0.6133173704147339,0.6093468070030212,0.6043066382408142,0.5993226766586304,0.8450861573219299,0.8600558042526245,0.8893054127693176,0.9181090593338013,0.9396055340766907,0.91428142786026,0.9496279358863831,0.9666596055030823,0.9790763258934021,0.9157491326332092,0.9503188133239746,0.9657697677612305,0.9755343794822693,0.9137032628059387,0.9444661140441895,0.95925372838974,0.968953013420105,0.9109293818473816,0.9368484020233154,0.9501567482948303,0.9588848352432251,0.4953655004501343,0.5050169825553894,0.5136557817459106,0.5191174149513245,0.48556676506996155,0.4803919494152069,0.4729425311088562,0.5282904505729675,0.4647342264652252,0.5086108446121216,0.48342546820640564,0.5795528888702393,0.4247359335422516,0.6022852659225464,0.3823501467704773,0.6031986474990845,0.43516093492507935,0.6065999269485474,0.4576260447502136,0.5927356481552124,0.45776790380477905,0.587594747543335,0.4545406997203827,0.5478914380073547,0.443755567073822,0.5469576120376587,0.4454618990421295,0.5396894812583923,0.4430325925350189,0.5437251925468445,0.4399715065956116,0.5090712308883667,0.4597363770008087,0.25051969289779663,0.220316544175148,0.2214019000530243,0.2225373536348343,0.22108319401741028,0.22228886187076569,0.22496509552001953,0.24292495846748352,0.24345053732395172,0.28262054920196533,0.2819201946258545,0.41616663336753845,0.419379323720932,0.6460092067718506,0.5916367769241333,0.844107985496521,0.4107760787010193,0.905229926109314,0.3705328106880188,0.905937135219574,0.35121408104896545,0.8861711025238037,0.36714261770248413,0.8741779327392578,0.8771461248397827,1.1962509155273438,1.150804042816162,1.4894416332244873,1.4799401760101318,1.5275335311889648,1.5314154624938965,1.59791898727417,1.5768547058105469
0.4320888817310333,0.4357711374759674,0.44818127155303955,0.46095722913742065,0.4697462320327759,0.4554903209209442,0.47427064180374146,0.48549702763557434,0.4943641722202301,0.46186667680740356,0.48191624879837036,0.4949670433998108,0.5049774050712585,0.4665285050868988,0.47571656107902527,0.470765620470047,0.4648866653442383,0.4693189263343811,0.4753217101097107,0.47076722979545593,0.46566057205200195,0.4006214439868927,0.3690987527370453,0.34995585680007935,0.34820249676704407,0.35577061772346497,0.333566814661026,0.3189779222011566,0.31127747893333435,0.3053145110607147,0.34542185068130493,0.33115044236183167,0.3228052854537964,0.31659579277038574,0.36142849922180176,0.36527419090270996,0.3704683780670166,0.3728526830673218,0.37798893451690674,0.38016706705093384,0.38423410058021545,0.38627317547798157,0.6053436398506165,0.5885931849479675,0.5823072791099548,0.5805235505104065,0.5770993232727051,0.5992230176925659,0.5932314395904541,0.5879839062690735,0.583787202835083,0.6078094244003296,0.6014639139175415,0.5945682525634766,0.5885570645332336,0.6122973561286926,0.6069311499595642,0.6004732847213745,0.5947434902191162,0.6138259172439575,0.609903872013092,0.6048578023910522,0.5999099016189575,0.8449515104293823,0.8602535724639893,0.8890863656997681,0.9180929064750671,0.9401018619537354,0.915147066116333,0.9502394795417786,0.9670278429985046,0.9794433116912842,0.9161799550056458,0.9505460858345032,0.965880274772644,0.9754653573036194,0.9135364294052124,0.9439654350280762,0.9584996104240417,0.9679320454597473,0.9101927280426025,0.936032772064209,0.949095606803894,0.9574732184410095,0.49539709091186523,0.5050351023674011,0.5136656761169434,0.519115686416626,0.48557910323143005,0.48040246963500977,0.4729796350002289,0.5283036231994629,0.46475785970687866,0.5086275339126587,0.4834303855895996,0.5795444250106812,0.42472410202026367,0.6022807955741882,0.38256189227104187,0.6031859517097473,0.43527257442474365,0.6065992116928101,0.45761048793792725,0.5926877856254578,0.45779189467430115,0.5875059366226196,0.45463284850120544,0.5479301810264587,0.44374504685401917,0.546674907207489,0.4454771876335144,0.5396727323532104,0.4430745244026184,0.5437356233596802,0.4400435984134674,0.5089001059532166,0.4597395658493042,0.25063949823379517,0.2203386127948761,0.22143612802028656,0.22256898880004883,0.22110547125339508,0.22232240438461304,0.22501087188720703,0.2429424375295639,0.24344512820243835,0.28267207741737366,0.2819680869579315,0.41611236333847046,0.41937699913978577,0.6459881663322449,0.591782808303833,0.8439843058586121,0.4105908274650574,0.9052543044090271,0.37015557289123535,0.9060158729553223,0.35095617175102234,0.8862166404724121,0.36690089106559753,0.8741950392723083,0.8772996664047241,1.196243166923523,1.150805950164795,1.4894533157348633,1.479933500289917,1.527551531791687,1.5314422845840454,1.597869634628296,1.5767909288406372
0.4322128891944885,0.43560677766799927,0.44804874062538147,0.46074724197387695,0.46952787041664124,0.45559272170066833,0.47431397438049316,0.4854564070701599,0.4941757619380951,0.46194276213645935,0.4819102883338928,0.4950163960456848,0.5051454901695251,0.46656522154808044,0.4754739999771118,0.47044286131858826,0.46465587615966797,0.46937453746795654,0.4751685857772827,0.4705811142921448,0.4656277596950531,0.4007214903831482,0.36909013986587524,0.34962183237075806,0.34812554717063904,0.35548391938209534,0.3336218595504761,0.3189670741558075,0.31105485558509827,0.3049318194389343,0.34545475244522095,0.33142247796058655,0.322878360748291,0.3164932131767273,0.36137160658836365,0.36496710777282715,0.3701311945915222,0.3726271688938141,0.37788626551628113,0.37971964478492737,0.3837704658508301,0.3858618140220642,0.6053999066352844,0.588660717010498,0.5823165774345398,0.5805307030677795,0.5771224498748779,0.59937584400177,0.5934020280838013,0.5881268382072449,0.5839167237281799,0.6078590154647827,0.6014928817749023,0.5945380330085754,0.5884588360786438,0.6121721863746643,0.6067428588867188,0.6002447009086609,0.594426155090332,0.6135324239730835,0.6095212697982788,0.6044203042984009,0.5993900299072266,0.8449133038520813,0.8600983619689941,0.8889017701148987,0.9178100824356079,0.9395583271980286,0.9145488739013672,0.9498156309127808,0.9667744040489197,0.9793134927749634,0.9159005880355835,0.9504948258399963,0.9660343527793884,0.9760607481002808,0.9136058688163757,0.9443960785865784,0.959303617477417,0.9690933227539062,0.9106245636940002,0.9366607666015625,0.95002281665802,0.9586983919143677,0.49545207619667053,0.5050690174102783,0.5136933326721191,0.5191208720207214,0.4855938255786896,0.48041075468063354,0.4730086028575897,0.5283302068710327,0.46478065848350525,0.5086436867713928,0.48343518376350403,0.5795367956161499,0.4247082769870758,0.6022776365280151,0.38272249698638916,0.6031683087348938,0.4353135824203491,0.606587827205658,0.45759958028793335,0.5926164984703064,0.45778438448905945,0.5874003171920776,0.45463985204696655,0.5479772090911865,0.443735808134079,0.546948254108429,0.4457981288433075,0.5398620367050171,0.4433595538139343,0.5438808798789978,0.4403061866760254,0.509407103061676,0.45995157957077026,0.25074926018714905,0.22036540508270264,0.22147762775421143,0.22260892391204834,0.22111782431602478,0.22233761847019196,0.22503097355365753,0.24295355379581451,0.24343982338905334,0.2827250063419342,0.2820119559764862,0.41609862446784973,0.4193975031375885,0.6459826231002808,0.5921642780303955,0.8439779877662659,0.4105418622493744,0.9054074883460999,0.37000465393066406,0.9062109589576721,0.3508327305316925,0.8863787651062012,0.36681750416755676,0.8745821714401245,0.8780093789100647,1.1963391304016113,1.15083909034729,1.4894665479660034,1.4798595905303955,1.5275629758834839,1.5312758684158325,1.597881555557251,1.5768224000930786
0.4320003092288971,0.4358856976032257,0.44854071736335754,0.46123045682907104,0.4697975516319275,0.45586296916007996,0.47454559803009033,0.48563629388809204,0.4942820072174072,0.4621630012989044,0.4822055697441101,0.495112806558609,0.5049999952316284,0.4667527675628662,0.4756377339363098,0.47046154737472534,0.4645906686782837,0.4694563150405884,0.4753150939941406,0.4706448018550873,0.4656123220920563,0.3999888300895691,0.36872175335884094,0.3498014509677887,0.3480881452560425,0.3558412194252014,0.3332366347312927,0.31887248158454895,0.31114619970321655,0.3048839867115021,0.34498539566993713,0.33096879720687866,0.32279518246650696,0.3164404332637787,0.36099565029144287,0.3651224672794342,0.37052518129348755,0.3728210926055908,0.3776875436306,0.3797973692417145,0.38399046659469604,0.3861066699028015,0.6053014993667603,0.588573694229126,0.5823383331298828,0.5804666876792908,0.5771416425704956,0.5995356440544128,0.5935488939285278,0.5883054137229919,0.584107518196106,0.6080381274223328,0.6015666723251343,0.5944749712944031,0.5882720947265625,0.6124243140220642,0.6070607900619507,0.6004601716995239,0.594562828540802,0.613888144493103,0.6099385619163513,0.6047883033752441,0.5997137427330017,0.844545304775238,0.8605034947395325,0.889249324798584,0.918462872505188,0.9402549266815186,0.9136088490486145,0.9489287734031677,0.9662531614303589,0.9792219400405884,0.9153361916542053,0.9501088261604309,0.9660109877586365,0.9762311577796936,0.9132723808288574,0.944164514541626,0.9592283368110657,0.9688764214515686,0.9104582667350769,0.936425507068634,0.9496772885322571,0.958085298538208,0.49551331996917725,0.5051272511482239,0.5137396454811096,0.5191295146942139,0.4856169521808624,0.4804263412952423,0.4730512201786041,0.5283425450325012,0.46480900049209595,0.5086774230003357,0.4834437370300293,0.5795309543609619,0.4247041344642639,0.6022742390632629,0.38284024596214294,0.603154182434082,0.43533164262771606,0.6065891981124878,0.4575912058353424,0.5925663113594055,0.45778512954711914,0.58731609582901,0.4546504318714142,0.5480836629867554,0.4437360167503357,0.5469900369644165,0.44566115736961365,0.540103554725647,0.4434361457824707,0.5443155765533447,0.4405198097229004,0.5094375014305115,0.4599040150642395,0.25079861283302307,0.2203826904296875,0.22150684893131256,0.22263729572296143,0.22112900018692017,0.22235368192195892,0.22505061328411102,0.2429756373167038,0.24341224133968353,0.2827428877353668,0.2820238471031189,0.4160870313644409,0.4194319546222687,0.6459713578224182,0.5924009680747986,0.8439691662788391,0.41046369075775146,0.9055795073509216,0.3696903884410858,0.9063442349433899,0.35061728954315186,0.8864794969558716,0.36665990948677063,0.8748216032981873,0.8785918951034546,1.196495771408081,1.1514699459075928,1.4897229671478271,1.4798520803451538,1.5277221202850342,1.5311883687973022,1.5984972715377808,1.5769400596618652
0.43185415863990784,0.4358281195163727,0.4485315680503845,0.46138617396354675,0.47011440992355347,0.45568177103996277,0.47449755668640137,0.48571330308914185,0.49448052048683167,0.46189624071121216,0.48213163018226624,0.4952613413333893,0.5052921772003174,0.46650567650794983,0.4757090210914612,0.47062164545059204,0.4647369086742401,0.46924787759780884,0.47543179988861084,0.47077375650405884,0.4657247066497803,0.40053126215934753,0.36896592378616333,0.3498377799987793,0.3480769991874695,0.35589563846588135,0.33344975113868713,0.3189154267311096,0.31109389662742615,0.3049893379211426,0.3452132046222687,0.33130574226379395,0.3229125142097473,0.31660592555999756,0.361189603805542,0.3653285503387451,0.3704949617385864,0.3728612959384918,0.37784186005592346,0.38020461797714233,0.38423994183540344,0.38639870285987854,0.605696439743042,0.588704526424408,0.5823425054550171,0.5805320739746094,0.5771403908729553,0.5994590520858765,0.5936221480369568,0.5883861780166626,0.5841621160507202,0.6080067157745361,0.6015058159828186,0.5943503975868225,0.588111162185669,0.6123942136764526,0.6069016456604004,0.6002156138420105,0.594275712966919,0.613863468170166,0.6098016500473022,0.6045709252357483,0.5994887351989746,0.8444528579711914,0.8600656986236572,0.8891117572784424,0.9183068871498108,0.9400948286056519,0.913470983505249,0.9490000009536743,0.9664575457572937,0.9795535206794739,0.9153555631637573,0.9504191875457764,0.9663986563682556,0.9765980243682861,0.913383960723877,0.9443895220756531,0.9594802260398865,0.969113290309906,0.9105838537216187,0.9365988373756409,0.9498124718666077,0.9581650495529175,0.49556785821914673,0.5051828622817993,0.5137897729873657,0.5191442966461182,0.48563459515571594,0.4804408848285675,0.47309207916259766,0.5283738374710083,0.4648348093032837,0.5087077021598816,0.48344725370407104,0.5795252919197083,0.4247012734413147,0.6022694110870361,0.38294628262519836,0.6031436324119568,0.43539854884147644,0.6065899729728699,0.4576837420463562,0.5925267338752747,0.4578247666358948,0.5872365236282349,0.454671174287796,0.5481063723564148,0.4437310993671417,0.5470024347305298,0.4454748034477234,0.5400170683860779,0.4432309567928314,0.5442147850990295,0.44033384323120117,0.5093749761581421,0.4595204293727875,0.25082358717918396,0.22039104998111725,0.22152717411518097,0.2226548045873642,0.2211350053548813,0.22236178815364838,0.2250605672597885,0.24301113188266754,0.2433672547340393,0.2827565371990204,0.28203535079956055,0.4160498380661011,0.41941583156585693,0.6459530591964722,0.5927928686141968,0.8439042568206787,0.4102720618247986,0.9057145714759827,0.36943984031677246,0.9064391255378723,0.3502733111381531,0.8865357637405396,0.36626049876213074,0.8749846816062927,0.8788926005363464,1.1965205669403076,1.1514191627502441,1.4897814989089966,1.4798585176467896,1.5277891159057617,1.5311912298202515,1.5985053777694702,1.5770989656448364
0.4318605661392212,0.43605104088783264,0.44860926270484924,0.4613780379295349,0.47012704610824585,0.4556005001068115,0.47461962699890137,0.4858477711677551,0.49456700682640076,0.46171578764915466,0.48211216926574707,0.4952872097492218,0.505257785320282,0.46629753708839417,0.47587457299232483,0.4710058867931366,0.4651481807231903,0.46905601024627686,0.47561296820640564,0.4710608422756195,0.4659086763858795,0.40086913108825684,0.3695387542247772,0.35062578320503235,0.34863975644111633,0.3560106158256531,0.3339128792285919,0.3190946578979492,0.3112572133541107,0.30505573749542236,0.3458450138568878,0.33140963315963745,0.32292869687080383,0.316570520401001,0.3618229031562805,0.3651313781738281,0.37018758058547974,0.3725952208042145,0.3783142566680908,0.3800766170024872,0.3841019868850708,0.3864377737045288,0.6053749322891235,0.5885350704193115,0.5822626352310181,0.5804991722106934,0.5771154761314392,0.5994693040847778,0.5936063528060913,0.5883576273918152,0.5841480493545532,0.6080966591835022,0.6015833020210266,0.5945200324058533,0.5883569717407227,0.6125608682632446,0.6070964336395264,0.6005567908287048,0.5947014689445496,0.6140981316566467,0.6100243926048279,0.6048822402954102,0.5998562574386597,0.8446496725082397,0.860619068145752,0.8894433975219727,0.918709933757782,0.9402695298194885,0.9135242104530334,0.9490070343017578,0.9662493467330933,0.9790619611740112,0.9151069521903992,0.950028657913208,0.9659112691879272,0.9761722087860107,0.9129608869552612,0.9440295696258545,0.9591675996780396,0.9688218832015991,0.9101138710975647,0.9361436367034912,0.9494017958641052,0.9577986001968384,0.4955822825431824,0.505194365978241,0.513802170753479,0.5191466212272644,0.48564383387565613,0.48044857382774353,0.4731143116950989,0.5283770561218262,0.46484795212745667,0.5087239742279053,0.4834514260292053,0.579520583152771,0.4246993958950043,0.6022719144821167,0.383119136095047,0.6031355261802673,0.43559229373931885,0.6065900325775146,0.4577871859073639,0.592481255531311,0.4579524099826813,0.5871595740318298,0.4548150599002838,0.5481382012367249,0.44372573494911194,0.5470046401023865,0.44555458426475525,0.5399438738822937,0.4432227313518524,0.544079601764679,0.44027405977249146,0.5093688368797302,0.45965105295181274,0.2508458197116852,0.2204003930091858,0.22154833376407623,0.22267761826515198,0.2211398184299469,0.2223682403564453,0.22506770491600037,0.2430385798215866,0.2433561533689499,0.28276851773262024,0.28204649686813354,0.4160030484199524,0.4194333255290985,0.6458203792572021,0.5931202173233032,0.8437647223472595,0.41015005111694336,0.9057703614234924,0.36912986636161804,0.9064591526985168,0.3500242829322815,0.8865375518798828,0.36603647470474243,0.8750818967819214,0.8790000081062317,1.1969430446624756,1.151476263999939,1.4898706674575806,1.4803109169006348,1.5279067754745483,1.531658411026001,1.5984666347503662,1.5780205726623535
0.4313390254974365,0.43581655621528625,0.44852790236473083,0.4612361490726471,0.47015535831451416,0.45549440383911133,0.4746144413948059,0.48588091135025024,0.4946330189704895,0.46174225211143494,0.482028067111969,0.4951094388961792,0.5049766898155212,0.46632781624794006,0.4762338697910309,0.4714718163013458,0.46553343534469604,0.4690152406692505,0.47579482197761536,0.4713192284107208,0.46599212288856506,0.4012256860733032,0.37018150091171265,0.35157206654548645,0.3496796488761902,0.3566661477088928,0.3344256579875946,0.3195885121822357,0.31157147884368896,0.30531731247901917,0.34603309631347656,0.3314806818962097,0.3228634297847748,0.31658273935317993,0.36183393001556396,0.3654179275035858,0.3705182671546936,0.3727668523788452,0.37823498249053955,0.3806377351284027,0.3846513032913208,0.3866584897041321,0.6055184006690979,0.5886188745498657,0.5823206305503845,0.5804443955421448,0.5770188570022583,0.5994684100151062,0.5935876965522766,0.5883572697639465,0.5841382145881653,0.6080424189567566,0.6015142798423767,0.5944231748580933,0.5882369875907898,0.6124981641769409,0.6069977283477783,0.6003884673118591,0.5945039391517639,0.6140308976173401,0.6100242733955383,0.6048632860183716,0.5998515486717224,0.844650387763977,0.8604968786239624,0.8893898129463196,0.9184060096740723,0.9400312304496765,0.9138832092285156,0.9493036270141602,0.9665924310684204,0.9795492887496948,0.9153915047645569,0.9504106044769287,0.9662891626358032,0.9765949845314026,0.9131087064743042,0.9440869092941284,0.9591641426086426,0.9688153266906738,0.9100081920623779,0.9359585046768188,0.949173092842102,0.9575424194335938,0.495606392621994,0.5051983594894409,0.5138099789619446,0.5191478729248047,0.48564666509628296,0.48045065999031067,0.47312164306640625,0.5284092426300049,0.46487414836883545,0.5087767243385315,0.48346230387687683,0.579533040523529,0.4248398542404175,0.602271318435669,0.3833671808242798,0.6031225919723511,0.435928076505661,0.6065767407417297,0.4583832323551178,0.5924297571182251,0.45833903551101685,0.5870992541313171,0.45509153604507446,0.5481537580490112,0.4437441825866699,0.5470081567764282,0.44554251432418823,0.5398540496826172,0.4428849518299103,0.5439881682395935,0.43980446457862854,0.5092195272445679,0.459272563457489,0.25086915493011475,0.22040705382823944,0.22156177461147308,0.22269412875175476,0.2211448848247528,0.22237536311149597,0.22508856654167175,0.24305680394172668,0.2433527112007141,0.2827789783477783,0.2820788621902466,0.4159890413284302,0.419498085975647,0.6458476185798645,0.5933322310447693,0.843828022480011,0.4095829725265503,0.906150758266449,0.36848992109298706,0.9067643284797668,0.34926339983940125,0.8868119120597839,0.36518874764442444,0.8751201033592224,0.8790409564971924,1.1977697610855103,1.1515049934387207,1.489929437637329,1.4803348779678345,1.527930736541748,1.5316649675369263,1.5984704494476318,1.578180193901062
0.43108442425727844,0.4347322881221771,0.4476659595966339,0.4610546827316284,0.4701034426689148,0.4551166296005249,0.47416767477989197,0.48558107018470764,0.49446386098861694,0.4614526629447937,0.4816574156284332,0.4947795867919922,0.5047072768211365,0.46607959270477295,0.4758387804031372,0.4706326723098755,0.46441930532455444,0.46876007318496704,0.4756925106048584,0.47091710567474365,0.4654066562652588,0.4038844406604767,0.372926265001297,0.35429853200912476,0.35248973965644836,0.3601875901222229,0.3363710641860962,0.3210819959640503,0.31276026368141174,0.3063907027244568,0.34773677587509155,0.3326752185821533,0.3237260580062866,0.3170720040798187,0.36357858777046204,0.3673548996448517,0.3730424642562866,0.37552136182785034,0.3804120123386383,0.3826809525489807,0.3868851959705353,0.38891473412513733,0.6053496599197388,0.5885095000267029,0.5822802782058716,0.5804823637008667,0.5771486163139343,0.5993254780769348,0.5934940576553345,0.5882778763771057,0.5840737223625183,0.6080234050750732,0.6015487909317017,0.5945499539375305,0.588464617729187,0.6125975847244263,0.6071842908859253,0.6006654500961304,0.5948365926742554,0.6142537593841553,0.6103019714355469,0.6051908135414124,0.6001992225646973,0.8447234630584717,0.8609224557876587,0.8897274732589722,0.9187505841255188,0.9403285980224609,0.9140918850898743,0.9495009183883667,0.9666110873222351,0.9794099926948547,0.915363073348999,0.9502594470977783,0.9660719633102417,0.9762921929359436,0.9127538204193115,0.9435907602310181,0.9586917757987976,0.9683449864387512,0.9093949198722839,0.9352276921272278,0.9484456181526184,0.9567936062812805,0.4956150949001312,0.5052350163459778,0.5138510465621948,0.5191560983657837,0.4856520891189575,0.4804528057575226,0.4731307327747345,0.5284615159034729,0.46488699316978455,0.5088275671005249,0.4834628999233246,0.5795614719390869,0.4248386025428772,0.6022695899009705,0.3835519552230835,0.6031120419502258,0.43602246046066284,0.6065737009048462,0.45890337228775024,0.5924167633056641,0.45849716663360596,0.5870851874351501,0.4551472067832947,0.5481538772583008,0.4437289237976074,0.547019362449646,0.44545668363571167,0.5398545861244202,0.44268685579299927,0.5439872741699219,0.4395199418067932,0.5092877745628357,0.459176629781723,0.2508861720561981,0.22041048109531403,0.22157427668571472,0.2227083444595337,0.22114767134189606,0.22238017618656158,0.22509674727916718,0.24307674169540405,0.24333606660366058,0.28277966380119324,0.28209251165390015,0.4159867465496063,0.4195571541786194,0.6458999514579773,0.5946616530418396,0.8438540697097778,0.40958088636398315,0.9063317179679871,0.3685140013694763,0.9068984389305115,0.3491978347301483,0.8869686126708984,0.36505264043807983,0.8753319382667542,0.8791291117668152,1.1979354619979858,1.1514943838119507,1.489945650100708,1.480329990386963,1.5279513597488403,1.5316205024719238,1.5984745025634766,1.5784587860107422
0.4319973587989807,0.43487417697906494,0.4472404718399048,0.46045422554016113,0.4690529406070709,0.4553658068180084,0.47418391704559326,0.4853737950325012,0.49396735429763794,0.4622657299041748,0.482109010219574,0.4948328137397766,0.5043507218360901,0.46719691157341003,0.47533491253852844,0.47014614939689636,0.4643164575099945,0.4699540138244629,0.47540175914764404,0.4708344340324402,0.46590498089790344,0.4079933762550354,0.3757004737854004,0.3569585382938385,0.35606056451797485,0.3651435673236847,0.3401268720626831,0.3240438401699066,0.31583112478256226,0.30964699387550354,0.3523920476436615,0.33630138635635376,0.3270759582519531,0.3204514682292938,0.3688500225543976,0.3698643743991852,0.3751974105834961,0.37844061851501465,0.3856998383998871,0.38513147830963135,0.3887803256511688,0.39164862036705017,0.605353832244873,0.5885123610496521,0.582229733467102,0.5803864002227783,0.5769516825675964,0.5995600819587708,0.593319296836853,0.5880736112594604,0.5839282274246216,0.608370304107666,0.6015287041664124,0.5944770574569702,0.5884989500045776,0.6129992008209229,0.6073430776596069,0.6008008122444153,0.5950967669487,0.6146563291549683,0.6106280088424683,0.6054669618606567,0.6005877256393433,0.8453367352485657,0.8613165020942688,0.8901365995407104,0.9191139340400696,0.9406026601791382,0.9146480560302734,0.9504089951515198,0.9672442674636841,0.979764461517334,0.9156920909881592,0.9511327743530273,0.9663776755332947,0.9758669137954712,0.9126677513122559,0.9437181949615479,0.9584115743637085,0.9675984382629395,0.9087486863136292,0.9345714449882507,0.947406530380249,0.9553385972976685,0.4956647753715515,0.505280077457428,0.5139003396034241,0.5191676616668701,0.48566681146621704,0.48045778274536133,0.4731367826461792,0.5284664630889893,0.4648868143558502,0.5088648200035095,0.48345646262168884,0.5795978903770447,0.42438259720802307,0.6022750735282898,0.3835691809654236,0.6031018495559692,0.4357447624206543,0.6065857410430908,0.45903509855270386,0.5924037098884583,0.45843252539634705,0.5870689749717712,0.4547848105430603,0.5481582880020142,0.4436972439289093,0.5470275282859802,0.4454520344734192,0.5400685667991638,0.4426761865615845,0.5441872477531433,0.4394672214984894,0.5100647807121277,0.45921769738197327,0.25090211629867554,0.22041429579257965,0.22158309817314148,0.2227175533771515,0.22113299369812012,0.2223573625087738,0.22505338490009308,0.24317188560962677,0.24318760633468628,0.28276577591896057,0.28210529685020447,0.4159771502017975,0.41965967416763306,0.6459022164344788,0.5988490581512451,0.8438438177108765,0.41085484623908997,0.9064322710037231,0.3711085319519043,0.906938374042511,0.35002797842025757,0.8869956731796265,0.3658117651939392,0.8754939436912537,0.8792453408241272,1.197876214981079,1.1514497995376587,1.4899427890777588,1.4803036451339722,1.5279510021209717,1.5314728021621704,1.5984323024749756,1.5786786079406738
0.4317897856235504,0.43621155619621277,0.4497810900211334,0.4623480439186096,0.4705556035041809,0.45693355798721313,0.47628334164619446,0.4875414967536926,0.49616384506225586,0.4637364149093628,0.48348867893218994,0.4962316155433655,0.5058436393737793,0.4684431850910187,0.47739458084106445,0.4719633460044861,0.46586188673973083,0.4706813097000122,0.47633984684944153,0.47170722484588623,0.4666576087474823,0.4153921902179718,0.38156282901763916,0.36194682121276855,0.36345142126083374,0.37271976470947266,0.34807088971138,0.3338884711265564,0.3262406289577484,0.32036879658699036,0.36150413751602173,0.3464236557483673,0.337004691362381,0.33061525225639343,0.3787681460380554,0.3780921399593353,0.38262060284614563,0.38593626022338867,0.3960380256175995,0.3940407633781433,0.3971192538738251,0.4001622796058655,0.6056930422782898,0.5887385010719299,0.5822864174842834,0.5804139971733093,0.5771093368530273,0.599525511264801,0.5933027863502502,0.5880894660949707,0.5840481519699097,0.6083251237869263,0.6015708446502686,0.5944973826408386,0.588494062423706,0.6129637956619263,0.6072090268135071,0.6006066203117371,0.5948389768600464,0.6145883798599243,0.6102824807167053,0.6050439476966858,0.6000741720199585,0.8453604578971863,0.8608507513999939,0.8899807929992676,0.9186657667160034,0.940089762210846,0.9148097038269043,0.9505012631416321,0.9675043821334839,0.9800990223884583,0.9160308241844177,0.9513025283813477,0.9664695858955383,0.9759161472320557,0.9133142828941345,0.9443743228912354,0.9590170383453369,0.968227744102478,0.9098785519599915,0.9358050227165222,0.9488751888275146,0.95705646276474,0.4956651031970978,0.5052852034568787,0.513913094997406,0.5191699862480164,0.48566991090774536,0.4804537892341614,0.4731282591819763,0.5284668803215027,0.46473991870880127,0.5087745785713196,0.48338931798934937,0.579622209072113,0.4234171509742737,0.6023217439651489,0.38348743319511414,0.6031078696250916,0.435613214969635,0.606627881526947,0.46005144715309143,0.5923919677734375,0.45873305201530457,0.587052583694458,0.4547891914844513,0.5481660962104797,0.4436688721179962,0.5473352074623108,0.44533422589302063,0.5405840277671814,0.44235819578170776,0.544482946395874,0.4390017092227936,0.5117409229278564,0.4591870903968811,0.2509310245513916,0.2204132229089737,0.22158102691173553,0.222719207406044,0.22112798690795898,0.22234363853931427,0.2250073403120041,0.24322427809238434,0.24305018782615662,0.28280386328697205,0.2821434438228607,0.4159686863422394,0.41978737711906433,0.6459001898765564,0.6036548018455505,0.8438616394996643,0.41658973693847656,0.9066271781921387,0.37950122356414795,0.9070207476615906,0.35514119267463684,0.8870807886123657,0.3702828586101532,0.8757105469703674,0.8797881603240967,1.1985783576965332,1.151816964149475,1.4905025959014893,1.480803370475769,1.5284503698349,1.531875491142273,1.5999010801315308,1.5803136825561523
0.43432772159576416,0.43816956877708435,0.4508722424507141,0.4639957845211029,0.47299185395240784,0.46018362045288086,0.48006507754325867,0.49187642335891724,0.5009831190109253,0.4662444293498993,0.48714345693588257,0.5000904202461243,0.5098001956939697,0.47014304995536804,0.4810498356819153,0.47563597559928894,0.4696238338947296,0.4718511998653412,0.47890424728393555,0.47432956099510193,0.46943196654319763,0.4302230179309845,0.3945402503013611,0.37513038516044617,0.3763018846511841,0.3851865530014038,0.36511170864105225,0.3526267409324646,0.3455072343349457,0.34049704670906067,0.3798809051513672,0.36625951528549194,0.3572717308998108,0.35165002942085266,0.3978827893733978,0.3922709822654724,0.39485734701156616,0.39935722947120667,0.4153655469417572,0.4085101783275604,0.410099059343338,0.41467413306236267,0.6054258942604065,0.5887587070465088,0.5822716355323792,0.5804604291915894,0.5771543383598328,0.599544882774353,0.5933659076690674,0.5882012844085693,0.5842155814170837,0.608272910118103,0.6014763116836548,0.5945414304733276,0.5886012315750122,0.6129674911499023,0.6071741580963135,0.6007546186447144,0.5950559973716736,0.6147363781929016,0.6104595065116882,0.6053390502929688,0.6004111170768738,0.8451288342475891,0.8611629009246826,0.8899824619293213,0.9186451435089111,0.9401533603668213,0.915271520614624,0.9502212405204773,0.9669268727302551,0.9794886708259583,0.9163504242897034,0.9508804678916931,0.9662425518035889,0.9762227535247803,0.9134504199028015,0.9441269040107727,0.9589038491249084,0.9685505628585815,0.9097698330879211,0.9355628490447998,0.9487055540084839,0.957173764705658,0.4959567189216614,0.5056424736976624,0.5142190456390381,0.5194132328033447,0.4857271909713745,0.48048654198646545,0.4731716811656952,0.5286782383918762,0.4646558463573456,0.5089570879936218,0.483379989862442,0.5796419978141785,0.4218566119670868,0.6024223566055298,0.3818082809448242,0.6031286120414734,0.43559545278549194,0.6066640019416809,0.46156731247901917,0.5923780798912048,0.4597315490245819,0.5870320200920105,0.45537009835243225,0.5481674075126648,0.44364532828330994,0.5485840439796448,0.44533517956733704,0.5424240827560425,0.44235435128211975,0.5460764169692993,0.4389570355415344,0.5142354965209961,0.4600966274738312,0.25094524025917053,0.2204127460718155,0.221588596701622,0.22272607684135437,0.22112998366355896,0.22234821319580078,0.2250165492296219,0.24364903569221497,0.2430414855480194,0.28282591700553894,0.28222793340682983,0.41594788432121277,0.4197482168674469,0.64594966173172,0.6098418831825256,0.84405916929245,0.43103182315826416,0.9071226119995117,0.3968864977359772,0.9072277545928955,0.3679591119289398,0.887304425239563,0.3825635612010956,0.876255214214325,0.8805578351020813,1.2009553909301758,1.1529866456985474,1.4919286966323853,1.4824249744415283,1.5298247337341309,1.5331720113754272,1.6015851497650146,1.5839335918426514
0.4351702630519867,0.4395705759525299,0.45263564586639404,0.46634626388549805,0.47571054100990295,0.4638213813304901,0.48507335782051086,0.4975161552429199,0.507518470287323,0.4698435664176941,0.4919504225254059,0.5056978464126587,0.5158607363700867,0.4732227325439453,0.48632073402404785,0.4809379279613495,0.47405755519866943,0.47406005859375,0.483184278011322,0.4787732660770416,0.47339195013046265,0.4552316963672638,0.41906657814979553,0.4004806578159332,0.400288850069046,0.4075028896331787,0.3940091133117676,0.3841320872306824,0.3789985179901123,0.375860333442688,0.41032674908638,0.4001283049583435,0.3927247226238251,0.3888258635997772,0.4291837811470032,0.42282634973526,0.42303696274757385,0.4269694983959198,0.4469737708568573,0.4397563636302948,0.43958932161331177,0.4436810314655304,0.6055464148521423,0.5887719988822937,0.5823014378547668,0.5805701017379761,0.5773874521255493,0.5994104146957397,0.5935542583465576,0.5884223580360413,0.5842928886413574,0.6083096265792847,0.6019120812416077,0.595151960849762,0.5891599059104919,0.6130797266960144,0.60759037733078,0.601370096206665,0.5956688523292542,0.6148731708526611,0.6106436848640442,0.6055771112442017,0.6006457805633545,0.8452462553977966,0.8614525198936462,0.8897823691368103,0.9185806512832642,0.9403547048568726,0.9150863885879517,0.9503404498100281,0.9670840501785278,0.9794139862060547,0.9159801006317139,0.9505771398544312,0.9661513566970825,0.9762438535690308,0.9130231738090515,0.9438414573669434,0.9591116905212402,0.9691089391708374,0.9093053340911865,0.9351096749305725,0.9484765529632568,0.9570585489273071,0.4964536130428314,0.5065707564353943,0.5147425532341003,0.5198127031326294,0.48596182465553284,0.48057717084884644,0.4733111262321472,0.5287442803382874,0.46465641260147095,0.5093461871147156,0.48340412974357605,0.5794993042945862,0.42080292105674744,0.6024535298347473,0.3783140182495117,0.6031248569488525,0.4357234537601471,0.6066710948944092,0.46366626024246216,0.5923711061477661,0.46149101853370667,0.587017834186554,0.45692044496536255,0.5481101274490356,0.4436669945716858,0.5486971139907837,0.4453907608985901,0.5424827337265015,0.44207763671875,0.546099841594696,0.438575804233551,0.51421058177948,0.46004724502563477,0.2508135437965393,0.22043873369693756,0.2216033637523651,0.22274811565876007,0.22113360464572906,0.22235697507858276,0.22501876950263977,0.2436976134777069,0.24274854362010956,0.28268054127693176,0.2821347117424011,0.4159178137779236,0.4193715453147888,0.6459646821022034,0.6123624444007874,0.8443341255187988,0.45218291878700256,0.9077569842338562,0.4237509071826935,0.907558262348175,0.39281678199768066,0.8875925540924072,0.4042450189590454,0.8762660026550293,0.8805478811264038,1.2019284963607788,1.153375506401062,1.4929275512695312,1.4830540418624878,1.5310484170913696,1.5339210033416748,1.6018983125686646,1.5842164754867554
0.43526244163513184,0.442997545003891,0.45824599266052246,0.47278881072998047,0.48270976543426514,0.467281311750412,0.4903050661087036,0.5031123161315918,0.5129430890083313,0.47135722637176514,0.4951338768005371,0.5093089938163757,0.519839346408844,0.47359076142311096,0.48954665660858154,0.48513978719711304,0.47835755348205566,0.4743308424949646,0.4854903221130371,0.48169299960136414,0.4760507643222809,0.4863095283508301,0.4521870017051697,0.4339525103569031,0.4335705637931824,0.4411001205444336,0.4322730600833893,0.42847567796707153,0.42694342136383057,0.4265872538089752,0.45192405581474304,0.4462699294090271,0.4418407082557678,0.4401482045650482,0.4717708230018616,0.46626895666122437,0.4630264341831207,0.46439266204833984,0.48843371868133545,0.4804689288139343,0.47833380103111267,0.4804959297180176,0.6055087447166443,0.5889030694961548,0.5824337005615234,0.5806549787521362,0.5772911906242371,0.5994819402694702,0.5935266613960266,0.5883086323738098,0.5841441750526428,0.6083477735519409,0.6017951369285583,0.5949956774711609,0.5890166759490967,0.6130229234695435,0.6074252724647522,0.601118266582489,0.5953452587127686,0.614749550819397,0.6104395389556885,0.6053640842437744,0.6004059314727783,0.8460157513618469,0.8618234992027283,0.8903926014900208,0.9191676378250122,0.9406967759132385,0.9156858325004578,0.9509685039520264,0.9678024053573608,0.9802313446998596,0.9165253639221191,0.9508981704711914,0.9663170576095581,0.9761970043182373,0.9135478734970093,0.944369912147522,0.9596635103225708,0.9696735739707947,0.9099559783935547,0.9357274174690247,0.949059247970581,0.9578085541725159,0.49644237756729126,0.5072038769721985,0.5151317119598389,0.520022988319397,0.4860101044178009,0.4805915653705597,0.47332844138145447,0.5292351841926575,0.46469026803970337,0.5097211599349976,0.48340529203414917,0.5795267820358276,0.4205132722854614,0.6024543046951294,0.37394431233406067,0.6031213998794556,0.436364084482193,0.606665313243866,0.4651927947998047,0.592391312122345,0.4650030732154846,0.587052583694458,0.45947691798210144,0.5480857491493225,0.44369983673095703,0.5495803952217102,0.4442461133003235,0.5425881147384644,0.44114553928375244,0.5460917353630066,0.4375433325767517,0.5150128602981567,0.45971977710723877,0.24944406747817993,0.2204054594039917,0.22152858972549438,0.22262725234031677,0.22112545371055603,0.22235985100269318,0.22501859068870544,0.2437051236629486,0.2424340695142746,0.2814287841320038,0.2802782952785492,0.41678979992866516,0.4187648892402649,0.6464856266975403,0.6209163665771484,0.8445923924446106,0.4892300069332123,0.9084653854370117,0.47390833497047424,0.9079734086990356,0.43713703751564026,0.8878628015518188,0.4449780285358429,0.877489447593689,0.8820075988769531,1.2027493715286255,1.1562726497650146,1.4947961568832397,1.4847971200942993,1.5337344408035278,1.5354151725769043,1.6058896780014038,1.5888994932174683
0.4332774579524994,0.4424455463886261,0.4601389169692993,0.4767715334892273,0.48807722330093384,0.46723294258117676,0.4929588735103607,0.5063451528549194,0.5159922242164612,0.4687788188457489,0.4948124587535858,0.5099613666534424,0.5202832221984863,0.4692423343658447,0.49060899019241333,0.49188756942749023,0.4880700707435608,0.469148188829422,0.4863426685333252,0.48796430230140686,0.4846121668815613,0.5279757976531982,0.4951299726963043,0.47543075680732727,0.4716591238975525,0.47895705699920654,0.48339352011680603,0.4866468012332916,0.4895070195198059,0.4925176203250885,0.5040571689605713,0.5061546564102173,0.5072986483573914,0.5087556838989258,0.5235052704811096,0.5236480236053467,0.519826352596283,0.5178251266479492,0.5401316285133362,0.5362144708633423,0.531709611415863,0.5292442440986633,0.6052377223968506,0.5889248847961426,0.5825198888778687,0.580662190914154,0.5772760510444641,0.5996383428573608,0.593707263469696,0.5883805155754089,0.584079921245575,0.6083447337150574,0.60181725025177,0.5948809385299683,0.5887895822525024,0.6129142642021179,0.607292115688324,0.6008732914924622,0.5950436592102051,0.6145423054695129,0.6102417707443237,0.6050926446914673,0.600070595741272,0.8465108275413513,0.8621798753738403,0.890831708908081,0.9194072484970093,0.9408738613128662,0.9154306650161743,0.9509775638580322,0.9677688479423523,0.980092465877533,0.9164901375770569,0.9513287544250488,0.9667345881462097,0.9764195680618286,0.9138294458389282,0.9447460174560547,0.9597351551055908,0.9694474339485168,0.9104108214378357,0.9361741542816162,0.94925856590271,0.9576675891876221,0.4965391755104065,0.5083369016647339,0.5156357884407043,0.5204182863235474,0.4863368272781372,0.48075923323631287,0.47364264726638794,0.5296081900596619,0.46486034989356995,0.5102947950363159,0.4837571382522583,0.5795195698738098,0.41998055577278137,0.6024539470672607,0.37136849761009216,0.6031198501586914,0.436795175075531,0.6066640019416809,0.4663771688938141,0.5924553275108337,0.4675869941711426,0.5871086120605469,0.4612123370170593,0.5483130812644958,0.4443981349468231,0.5524085760116577,0.44411319494247437,0.5433680415153503,0.4406326711177826,0.5461562275886536,0.4366021156311035,0.5185948014259338,0.4597834646701813,0.2482847422361374,0.22037293016910553,0.2214522510766983,0.22251112759113312,0.22106869518756866,0.22231170535087585,0.22486422955989838,0.2435368001461029,0.24180063605308533,0.2800414562225342,0.2782091498374939,0.41731804609298706,0.41961339116096497,0.6469688415527344,0.6333437561988831,0.8446593880653381,0.5270984768867493,0.9090352058410645,0.5241941809654236,0.9084033370018005,0.48374176025390625,0.8881089091300964,0.4859601557254791,0.8787360191345215,0.8850613236427307,1.2028638124465942,1.1574589014053345,1.49550461769104,1.4861871004104614,1.5345005989074707,1.5361346006393433,1.6081793308258057,1.5930359363555908
0.430980296037384,0.44262446287062546,0.46144508207665563,0.4786379653712595,0.49095074247554726,0.46476097074903283,0.4907684557990123,0.5041496915131534,0.5133937377105434,0.46314132382064965,0.4895841668296077,0.5052279149653415,0.5151698474326298,0.460847020054448,0.4850190618036798,0.49138852009622447,0.49046283530734747,0.45948994003239696,0.4763232956694678,0.4818143812167649,0.4821065443151377,0.5811208086848216,0.5509236300035867,0.5347154600511088,0.5315261208416462,0.539503385035672,0.5522428011069749,0.5620836179805939,0.5680876675819183,0.5737278765001479,0.5723049980588364,0.5822100684967614,0.5877649665142471,0.5923624797698618,0.5896989406754494,0.5970920131825834,0.5969475349147902,0.5958500270755641,0.6045177113455126,0.6071853998621004,0.6051313869662382,0.6021548673090481,0.6057094931602478,0.5893408060073853,0.5827245116233826,0.5808595418930054,0.5774311423301697,0.5996174812316895,0.5934451818466187,0.5880298614501953,0.5836419463157654,0.6080893874168396,0.6016693711280823,0.5947792530059814,0.5885912179946899,0.6124059557914734,0.6067634224891663,0.6003584861755371,0.5944357514381409,0.6137450337409973,0.6093119978904724,0.604108989238739,0.5989405512809753,0.8463159799575806,0.8617619872093201,0.8904949426651001,0.9190794825553894,0.9409186840057373,0.915884256362915,0.9511907696723938,0.9683498740196228,0.981042742729187,0.9169612526893616,0.9514249563217163,0.9670732617378235,0.9770782589912415,0.9144833087921143,0.9453532695770264,0.9605798125267029,0.970748782157898,0.9113904237747192,0.9373257756233215,0.9506983757019043,0.9596593976020813,0.4970512390136719,0.509660542011261,0.5161446928977966,0.5209780931472778,0.48734036087989807,0.4812970757484436,0.4747858941555023,0.5301576256752014,0.4655885398387909,0.5108599066734314,0.4844941198825836,0.5797873735427856,0.4199075996875763,0.6024569272994995,0.37006109952926636,0.6032373905181885,0.4373978078365326,0.6067494750022888,0.4668278098106384,0.5926579833030701,0.4701280891895294,0.5872713923454285,0.4628864526748657,0.5484760403633118,0.4446214437484741,0.5540149211883545,0.4441262185573578,0.5446696877479553,0.44040927290916443,0.5465484261512756,0.4362281560897827,0.5223488211631775,0.45977848768234253,0.24776600301265717,0.22032244503498077,0.2213524580001831,0.22238118946552277,0.22077350318431854,0.22191528975963593,0.22391603887081146,0.2431681901216507,0.24067401885986328,0.27907422184944153,0.2772158980369568,0.4178237318992615,0.4204513132572174,0.6474801301956177,0.6397575736045837,0.844610869884491,0.5721479058265686,0.9093437194824219,0.588026225566864,0.9090237617492676,0.5481861233711243,0.8885167837142944,0.5418887138366699,0.8798782229423523,0.8860813975334167,1.203507900238037,1.1585034132003784,1.4987982511520386,1.488149881362915,1.5380327701568604,1.537781834602356,1.612788438796997,1.5959094762802124
0.4284565899645725,0.4432220339543493,0.46248653216853214,0.47868656974547247,0.49083194099563837,0.46127203066916206,0.48474258045474117,0.4970669622901666,0.5055592498086339,0.4567484784104626,0.4812126616995179,0.4959903916986307,0.505399276685895,0.45220198720666616,0.4751029572057152,0.4843312363998492,0.48701747277336843,0.44901830494952016,0.46395843795766273,0.47127351286963076,0.47456615384149015,0.6423857135558829,0.6149172140599741,0.6061229402798706,0.6104408130200236,0.6201185925276199,0.6331660977939402,0.6492519458432775,0.656884875522764,0.6642990911610164,0.6527603787792393,0.6698358883181442,0.6783086524036092,0.6858814446752933,0.6673341416356019,0.6820880054817728,0.6881007030852259,0.6914208041493473,0.6785636622047043,0.6888790006010839,0.6933150864681386,0.6944052714683708,0.6055989265441895,0.5892340540885925,0.5828324556350708,0.5807244777679443,0.5769904851913452,0.5996411442756653,0.5935676097869873,0.5880576372146606,0.5834583640098572,0.6075894236564636,0.601402223110199,0.5942962765693665,0.5878250002861023,0.6114717125892639,0.6060031652450562,0.5993919372558594,0.5933491587638855,0.612335205078125,0.6080439686775208,0.6027817726135254,0.5975214838981628,0.8465330600738525,0.8614546060562134,0.8903131484985352,0.9187129735946655,0.940375566482544,0.9159367680549622,0.9512163400650024,0.9684537053108215,0.9813040494918823,0.9172912240028381,0.951356828212738,0.9669407606124878,0.976750373840332,0.9152153134346008,0.9456073045730591,0.9602785706520081,0.9699265360832214,0.9126673936843872,0.9382845759391785,0.9511493444442749,0.9595155119895935,0.49731171131134033,0.5100213885307312,0.5163487195968628,0.5211604833602905,0.48760712146759033,0.4814561903476715,0.4751431345939636,0.5306329727172852,0.46591296792030334,0.5112297534942627,0.4850364923477173,0.5799944996833801,0.42016786336898804,0.602513313293457,0.3707815408706665,0.6034345030784607,0.4373475909233093,0.6067506074905396,0.4666858911514282,0.5927505493164062,0.47068503499031067,0.5875828862190247,0.4633139371871948,0.5485251545906067,0.4448181390762329,0.5542031526565552,0.44435951113700867,0.5449789762496948,0.44006723165512085,0.5465665459632874,0.4360905885696411,0.522587239742279,0.4588467478752136,0.2474067062139511,0.22023212909698486,0.2211800515651703,0.22210849821567535,0.22066240012645721,0.22179940342903137,0.22369256615638733,0.24249008297920227,0.24038942158222198,0.27819034457206726,0.2765238881111145,0.4180451035499573,0.4209318459033966,0.6478294730186462,0.6385705471038818,0.8446266055107117,0.6252236366271973,0.9098349213600159,0.6571251749992371,0.9093601107597351,0.6219240427017212,0.8886638283729553,0.6087366342544556,0.8799558281898499,0.8859214782714844,1.2078924179077148,1.1598083972930908,1.5066465139389038,1.4917103052139282,1.5449154376983643,1.5400363206863403,1.6174641847610474,1.5993291139602661
0.4256399268701948,0.44334060573296047,0.4619843129387998,0.476237725290307,0.48744442098152574,0.4563068402002173,0.4756362260045633,0.48627306779381213,0.4938079101824154,0.44939922044757113,0.47033393137581603,0.4833682578549168,0.49203462539555193,0.4433019160678032,0.462501300211005,0.47266438969172836,0.4784267665037862,0.43864884444399965,0.450827238004144,0.45824455977433054,0.4633105725016134,0.699346704963555,0.6777464311438428,0.678611701168353,0.6927175834105265,0.7051035186769461,0.7123988387723165,0.7352349941031663,0.745390424711093,0.7548826561721436,0.7304749927651282,0.7546496091933914,0.7666394778266019,0.7774211584430675,0.7419504556005853,0.7642690105096269,0.7767324271312995,0.7854119634216042,0.7492565945845678,0.7674568939739431,0.7788320604020231,0.785688479074836,0.6059331893920898,0.5893489718437195,0.5828796029090881,0.5804584622383118,0.5768962502479553,0.5994272828102112,0.593505322933197,0.5880318880081177,0.5835159420967102,0.6073675155639648,0.6013944149017334,0.594587504863739,0.5883697867393494,0.6113433241844177,0.6059818267822266,0.5996150374412537,0.5937792658805847,0.6122902631759644,0.6079767942428589,0.6028947830200195,0.5977771878242493,0.8464953899383545,0.8614181280136108,0.8903804421424866,0.9187004566192627,0.940315306186676,0.9156961441040039,0.9506469368934631,0.9676661491394043,0.9801343679428101,0.9171253442764282,0.9508628845214844,0.9667326807975769,0.9770233035087585,0.9153273701667786,0.9457171559333801,0.9606235027313232,0.9706177115440369,0.9129128456115723,0.9387730360031128,0.9521439671516418,0.961100161075592,0.4977765679359436,0.5105227828025818,0.5166225433349609,0.5215181112289429,0.48804911971092224,0.4817299246788025,0.4756462872028351,0.531215488910675,0.46614792943000793,0.5117899775505066,0.48566797375679016,0.580115020275116,0.4202737510204315,0.6025657057762146,0.3723635971546173,0.6038291454315186,0.4376022219657898,0.6067415475845337,0.4609021544456482,0.5928421020507812,0.470304399728775,0.587855875492096,0.4640827476978302,0.5484456419944763,0.4455472528934479,0.5541239380836487,0.4458741843700409,0.5449845790863037,0.4410219192504883,0.5464904308319092,0.43791061639785767,0.523198664188385,0.45927849411964417,0.24688322842121124,0.2201438546180725,0.22104191780090332,0.2219289243221283,0.2205069363117218,0.221613347530365,0.22332404553890228,0.24205432832241058,0.2400439828634262,0.27751657366752625,0.2757517993450165,0.418402761220932,0.4208446741104126,0.6477770805358887,0.636235773563385,0.8446553945541382,0.6876029372215271,0.9103550910949707,0.7354734539985657,0.9095180034637451,0.703110933303833,0.8887540698051453,0.6867613792419434,0.8816654682159424,0.8865758776664734,1.213990330696106,1.1609243154525757,1.5106898546218872,1.4952861070632935,1.5480564832687378,1.5427765846252441,1.6190173625946045,1.6029061079025269
0.42246389389038086,0.4420825242996216,0.45865947008132935,0.4706118106842041,0.48051178455352783,0.44940611720085144,0.4642043709754944,0.47294411063194275,0.47945886850357056,0.4408924877643585,0.4575839638710022,0.4684809744358063,0.47613900899887085,0.43414148688316345,0.4488547146320343,0.45833665132522583,0.46538349986076355,0.4292971193790436,0.4385088384151459,0.44463038444519043,0.4496593773365021,0.739579975605011,0.7300469875335693,0.7411402463912964,0.7626708149909973,0.7787590026855469,0.7761764526367188,0.8071159720420837,0.8230960965156555,0.8361299633979797,0.7905005216598511,0.8222687244415283,0.8404672145843506,0.8550902009010315,0.7990874648094177,0.8292680382728577,0.8462892770767212,0.8586980104446411,0.8035836219787598,0.8290807008743286,0.844253659248352,0.855697512626648,0.6058056354522705,0.5893869400024414,0.5830013155937195,0.5806460380554199,0.5772406458854675,0.5996177196502686,0.5934813618659973,0.5879591703414917,0.5834469199180603,0.6075538992881775,0.6013150811195374,0.5945255160331726,0.5883591771125793,0.61140376329422,0.6059650778770447,0.5996367931365967,0.5938211679458618,0.6122252941131592,0.6079888939857483,0.6029999852180481,0.5979034304618835,0.8470096588134766,0.862027645111084,0.8903405666351318,0.9183196425437927,0.9397175312042236,0.915314257144928,0.9504662156105042,0.9675909280776978,0.9802056550979614,0.9166037440299988,0.9506262540817261,0.9667176008224487,0.9771156311035156,0.9146971106529236,0.9451220631599426,0.9603205323219299,0.9705616235733032,0.9121949672698975,0.9381370544433594,0.9516785740852356,0.9607287049293518,0.4983164072036743,0.5109540820121765,0.5168806314468384,0.5218721628189087,0.4885595142841339,0.48203596472740173,0.4761121869087219,0.5316508412361145,0.4662294387817383,0.5122595429420471,0.48631080985069275,0.5803178548812866,0.42044129967689514,0.6026657819747925,0.3748117685317993,0.604357898235321,0.4348694980144501,0.6067451238632202,0.44661954045295715,0.5928696990013123,0.4611673355102539,0.5879198312759399,0.46102437376976013,0.5481558442115784,0.4463871419429779,0.5540586113929749,0.4467225670814514,0.5449841618537903,0.44104140996932983,0.5463484525680542,0.43832337856292725,0.5249194502830505,0.458450049161911,0.24604438245296478,0.22000078856945038,0.22089643776416779,0.22177915275096893,0.22019825875759125,0.22129738330841064,0.2228221446275711,0.24189575016498566,0.23982718586921692,0.2769661545753479,0.27502724528312683,0.4193929433822632,0.4211243987083435,0.6477487683296204,0.6347192525863647,0.844657838344574,0.7320933938026428,0.910420298576355,0.7927716970443726,0.9094554781913757,0.7701395750045776,0.888713002204895,0.7471876740455627,0.8893532156944275,0.8898258805274963,1.2253737449645996,1.1647725105285645,1.519186019897461,1.497562050819397,1.5552366971969604,1.5446186065673828,1.6266261339187622,1.6036808490753174
0.4150867462158203,0.4377174973487854,0.4524560570716858,0.46205782890319824,0.4693846106529236,0.44097986817359924,0.4501079022884369,0.45639854669570923,0.46152713894844055,0.4314720928668976,0.4416981339454651,0.4492560625076294,0.4545198976993561,0.42476168274879456,0.43426787853240967,0.4408818185329437,0.4451551139354706,0.4208070635795593,0.4271269738674164,0.4311715066432953,0.4342325031757355,0.7667741775512695,0.7710533142089844,0.7908048629760742,0.8165150880813599,0.8366798162460327,0.822275698184967,0.858285665512085,0.8799886703491211,0.8966584205627441,0.8318343758583069,0.8679860830307007,0.8904762268066406,0.9078488349914551,0.8370674252510071,0.8713989853858948,0.8911466598510742,0.9060447812080383,0.8384923934936523,0.8673152923583984,0.8841762542724609,0.8984647393226624,0.6060575246810913,0.5897902250289917,0.5833212733268738,0.581021785736084,0.5779575109481812,0.6001193523406982,0.5941563844680786,0.5884945392608643,0.5839157104492188,0.6078555583953857,0.6018389463424683,0.595001757144928,0.5888155102729797,0.6115224361419678,0.6061303019523621,0.5997242331504822,0.5938436985015869,0.612236499786377,0.6079320907592773,0.6028247475624084,0.5976144075393677,0.8470535278320312,0.8622026443481445,0.8902847170829773,0.9177863597869873,0.9392178058624268,0.9149364233016968,0.9498992562294006,0.9669653177261353,0.9795042872428894,0.9160345196723938,0.9499185085296631,0.965955376625061,0.9762551188468933,0.9141961932182312,0.9446916580200195,0.9599000215530396,0.9702024459838867,0.911870539188385,0.9380068182945251,0.9518263936042786,0.9611034393310547,0.4986373484134674,0.511238157749176,0.5170812010765076,0.5221807956695557,0.4889100193977356,0.4822419285774231,0.476425439119339,0.5319750905036926,0.4663333594799042,0.5125125050544739,0.486510306596756,0.5806481838226318,0.4204605519771576,0.60272216796875,0.37838026881217957,0.6049530506134033,0.4300757646560669,0.6067517995834351,0.4318245053291321,0.5928451418876648,0.4490657448768616,0.5879079699516296,0.4541950821876526,0.5483455657958984,0.4469691812992096,0.5539776086807251,0.44742563366889954,0.54507976770401,0.4410247802734375,0.5463221073150635,0.4384895861148834,0.5264991521835327,0.4575815200805664,0.24507831037044525,0.21983702480793,0.22077202796936035,0.2216643989086151,0.21981856226921082,0.22088830173015594,0.2221878319978714,0.24178330600261688,0.23951274156570435,0.27632495760917664,0.27407726645469666,0.4195924997329712,0.4216533899307251,0.6477301120758057,0.6342255473136902,0.8450976014137268,0.7806799411773682,0.9109160900115967,0.8480207324028015,0.9094638228416443,0.8291268348693848,0.8887225389480591,0.8076261281967163,0.8950603604316711,0.8906360268592834,1.233659267425537,1.169798731803894,1.5298165082931519,1.5014811754226685,1.5655180215835571,1.5473464727401733,1.6356581449508667,1.6077998876571655
0.41196945309638977,0.4338061213493347,0.4467441141605377,0.4545454680919647,0.46070632338523865,0.43205320835113525,0.4393598735332489,0.4444850981235504,0.4490572214126587,0.42259135842323303,0.4310147166252136,0.4375057816505432,0.4424743354320526,0.4161301851272583,0.4231659173965454,0.4290190637111664,0.433450311422348,0.4121572971343994,0.415829062461853,0.4190196990966797,0.42191028594970703,0.7942066788673401,0.8089603781700134,0.8321196436882019,0.8588322997093201,0.8798855543136597,0.8629280924797058,0.8989771604537964,0.9198788404464722,0.9364203810691833,0.8694398999214172,0.9071343541145325,0.9297994375228882,0.9478956460952759,0.871253490447998,0.9062467813491821,0.9271773099899292,0.9431753158569336,0.869339644908905,0.898259699344635,0.9157432913780212,0.9300893545150757,0.606584370136261,0.5902081727981567,0.5838642716407776,0.5815651416778564,0.5786054730415344,0.6006957292556763,0.5947364568710327,0.5890432596206665,0.584428071975708,0.608449399471283,0.6022428274154663,0.595229983329773,0.5889137387275696,0.6120640635490417,0.6065275073051453,0.5999575853347778,0.5939458608627319,0.6127399206161499,0.6084023714065552,0.6032622456550598,0.5979746580123901,0.8471218943595886,0.8619394898414612,0.8905534744262695,0.9183263778686523,0.9395860433578491,0.9144943356513977,0.9495305418968201,0.9668313264846802,0.9794318675994873,0.9156244397163391,0.9496917128562927,0.965814471244812,0.9761219620704651,0.913850724697113,0.9445009231567383,0.9599490165710449,0.9702140092849731,0.9116116166114807,0.9378019571304321,0.9516072273254395,0.960733950138092,0.49883976578712463,0.5114205479621887,0.5172170400619507,0.5223692059516907,0.4891521632671356,0.4823867380619049,0.47662800550460815,0.5321647524833679,0.46638166904449463,0.5126503705978394,0.48665931820869446,0.5809908509254456,0.420451283454895,0.6027604341506958,0.38392654061317444,0.6052510738372803,0.4223158657550812,0.6068910956382751,0.41919463872909546,0.592987596988678,0.4386712312698364,0.588012158870697,0.44664493203163147,0.5489106774330139,0.4476839601993561,0.5540052652359009,0.4484363794326782,0.5460318922996521,0.4413433074951172,0.54658442735672,0.4392801523208618,0.5314355492591858,0.4575883448123932,0.2446667104959488,0.21980279684066772,0.22075191140174866,0.2216552048921585,0.21965345740318298,0.22068746387958527,0.22187192738056183,0.2417726069688797,0.23938234150409698,0.27608251571655273,0.27361413836479187,0.41971513628959656,0.4217478334903717,0.6475394368171692,0.6353345513343811,0.8451868295669556,0.8106430172920227,0.9107974767684937,0.8777047395706177,0.9092625379562378,0.8643977046012878,0.8886632323265076,0.8425542116165161,0.8959966897964478,0.8906443119049072,1.232466220855713,1.1712262630462646,1.5302107334136963,1.5042644739151,1.5666072368621826,1.5497324466705322,1.6349868774414062,1.6105278730392456
0.4076906740665436,0.4279562830924988,0.4391307532787323,0.4457210600376129,0.4515560567378998,0.42453864216804504,0.4319531321525574,0.436423659324646,0.4398293197154999,0.4148765206336975,0.4237106144428253,0.42973262071609497,0.43373745679855347,0.4084925353527069,0.4158986806869507,0.42112115025520325,0.42505908012390137,0.40477555990219116,0.4082903265953064,0.4113348126411438,0.41391947865486145,0.8215520977973938,0.8373110890388489,0.8619561195373535,0.8904873132705688,0.9116226434707642,0.8940834403038025,0.9293790459632874,0.9482880234718323,0.9646486639976501,0.8992995023727417,0.9345368146896362,0.9558017253875732,0.9723010063171387,0.898627519607544,0.9316823482513428,0.9514895677566528,0.9659922122955322,0.8953209519386292,0.9219171404838562,0.9381310343742371,0.9513117671012878,0.6072295308113098,0.5906398296356201,0.5844007134437561,0.58219313621521,0.5792574286460876,0.6013632416725159,0.5955306887626648,0.5897290110588074,0.5849500298500061,0.609193742275238,0.6030932664871216,0.5958988666534424,0.5894054770469666,0.6128405928611755,0.6073525547981262,0.6006218791007996,0.5944541096687317,0.6134218573570251,0.6090168952941895,0.6037289500236511,0.5982851982116699,0.8465467095375061,0.8610910177230835,0.8905520439147949,0.9185365438461304,0.9396700263023376,0.9137313365936279,0.949030876159668,0.9664947390556335,0.9789106845855713,0.9147956371307373,0.949270486831665,0.9653593301773071,0.9753488898277283,0.9129883646965027,0.9440957307815552,0.95966637134552,0.9697708487510681,0.9108603596687317,0.9373356699943542,0.9511527419090271,0.9601974487304688,0.4988754093647003,0.5114632248878479,0.5172756314277649,0.5224234461784363,0.4892292320728302,0.4824354946613312,0.4766891300678253,0.5322985649108887,0.4664068818092346,0.5126742720603943,0.4866831600666046,0.5812073349952698,0.4203762412071228,0.6028633713722229,0.38813382387161255,0.6055180430412292,0.41751208901405334,0.6071677803993225,0.41226011514663696,0.5934692025184631,0.43194225430488586,0.5884347558021545,0.4406365156173706,0.549793004989624,0.44852760434150696,0.5541757941246033,0.44863054156303406,0.5465782284736633,0.44160357117652893,0.5466582775115967,0.4406925141811371,0.5346196293830872,0.4569443464279175,0.2444908767938614,0.2197335809469223,0.2206994891166687,0.22159990668296814,0.2195102572441101,0.22051090002059937,0.2215903401374817,0.24173256754875183,0.23915809392929077,0.2760123908519745,0.27341505885124207,0.41967320442199707,0.42195194959640503,0.6473067402839661,0.6381903290748596,0.8454322218894958,0.8338465690612793,0.9108105301856995,0.9021176099777222,0.909294068813324,0.8907312750816345,0.888740062713623,0.8680633902549744,0.8955011367797852,0.8905907869338989,1.2307764291763306,1.1746208667755127,1.5322016477584839,1.5112583637237549,1.569054365158081,1.5558093786239624,1.640484094619751,1.6233065128326416
0.404110848903656,0.4237908124923706,0.4330313503742218,0.4366838335990906,0.44110390543937683,0.41772928833961487,0.42373478412628174,0.42719176411628723,0.4297930598258972,0.4079767167568207,0.41519397497177124,0.42080095410346985,0.42461079359054565,0.40197286009788513,0.4085880219936371,0.41403618454933167,0.41783955693244934,0.3990006148815155,0.4031609892845154,0.40728679299354553,0.41057321429252625,0.8436136841773987,0.8573456406593323,0.8844156861305237,0.9151327610015869,0.9377009272575378,0.9139640927314758,0.9501068592071533,0.9688183665275574,0.9844381809234619,0.9176362156867981,0.9529957175254822,0.9722668528556824,0.986032247543335,0.9164025783538818,0.9481858015060425,0.9661521911621094,0.9784795641899109,0.9134458303451538,0.939707338809967,0.9551423192024231,0.96620774269104,0.6069414615631104,0.5906230211257935,0.5846072435379028,0.5826842784881592,0.5798404216766357,0.6016408801078796,0.5958680510520935,0.5902446508407593,0.5855624675750732,0.6096956729888916,0.603632390499115,0.596595287322998,0.5901477336883545,0.6134873628616333,0.6079840660095215,0.6013357043266296,0.5952094793319702,0.614183783531189,0.6097550392150879,0.6044941544532776,0.5990766286849976,0.8462817668914795,0.8614837527275085,0.8904964923858643,0.9185725450515747,0.9397773742675781,0.9136654138565063,0.9488945007324219,0.9662520289421082,0.9788403511047363,0.914752721786499,0.9491798281669617,0.9652755260467529,0.9755643606185913,0.9129101037979126,0.9438868165016174,0.9592572450637817,0.9694136381149292,0.9105801582336426,0.9368701577186584,0.9504941701889038,0.9595378041267395,0.49889570474624634,0.5114763975143433,0.517309308052063,0.522438645362854,0.4892432987689972,0.48244708776474,0.47670191526412964,0.5323712825775146,0.4664125144481659,0.5127257704734802,0.48671188950538635,0.5812908411026001,0.42034339904785156,0.6029036045074463,0.3925963342189789,0.6056831479072571,0.41421255469322205,0.6074421405792236,0.40897825360298157,0.5939257144927979,0.426962286233902,0.5887624025344849,0.4363265335559845,0.5501375794410706,0.4490450322628021,0.5541670918464661,0.4481663107872009,0.5466645359992981,0.4416045844554901,0.5466638803482056,0.4409041106700897,0.5341250896453857,0.45685720443725586,0.24439851939678192,0.21969519555568695,0.22065994143486023,0.2215481400489807,0.2194472700357437,0.22044344246387482,0.22149594128131866,0.24168847501277924,0.23910364508628845,0.275976300239563,0.27332523465156555,0.4197078049182892,0.42221587896347046,0.6472978591918945,0.6438114047050476,0.8455632328987122,0.846940279006958,0.9108131527900696,0.9153063893318176,0.9093249440193176,0.9064692258834839,0.8889293074607849,0.8811213970184326,0.8979429602622986,0.8928811550140381,1.2327128648757935,1.1780424118041992,1.5374341011047363,1.5165725946426392,1.5737580060958862,1.560924768447876,1.6473904848098755,1.6290706396102905
0.40093982219696045,0.41964608430862427,0.426945298910141,0.4283379316329956,0.431556761264801,0.4111896753311157,0.4157271683216095,0.418658584356308,0.42095494270324707,0.40086182951927185,0.4068688154220581,0.41207456588745117,0.41567355394363403,0.3946360945701599,0.4003966450691223,0.40558016300201416,0.4093113839626312,0.3916509747505188,0.3955255448818207,0.40023985505104065,0.4041576087474823,0.8553741574287415,0.870869517326355,0.8997833728790283,0.9295487999916077,0.9519345760345459,0.9272667169570923,0.962897777557373,0.9794929027557373,0.992769718170166,0.9279428124427795,0.9634755253791809,0.9802284836769104,0.9914892911911011,0.9241829514503479,0.9564083814620972,0.9727857112884521,0.9832856059074402,0.9195584058761597,0.9456294775009155,0.9599303603172302,0.9693270325660706,0.6074894070625305,0.5910394787788391,0.5848225951194763,0.5829879641532898,0.5800584554672241,0.6016851663589478,0.5957756638526917,0.5902348160743713,0.5857329368591309,0.6099201440811157,0.6036434769630432,0.5966523289680481,0.5903804302215576,0.6139751076698303,0.6082532405853271,0.6016247272491455,0.5956121683120728,0.6149691939353943,0.6103678345680237,0.6050678491592407,0.5997878313064575,0.8463882207870483,0.8610825538635254,0.8900488018989563,0.9182820320129395,0.9396172165870667,0.9142352938652039,0.9496203660964966,0.9668495059013367,0.9793855547904968,0.9152915477752686,0.9497478008270264,0.9655821919441223,0.9757606983184814,0.9132400751113892,0.9441796541213989,0.9594494700431824,0.9696923494338989,0.9107881188392639,0.9370555281639099,0.9505034685134888,0.9595785737037659,0.498902291059494,0.5115042328834534,0.5173476338386536,0.5224489569664001,0.4892638027667999,0.4824623763561249,0.4767165780067444,0.5323947072029114,0.4664307236671448,0.5127542018890381,0.48671668767929077,0.5813161730766296,0.42028456926345825,0.6030303835868835,0.39706680178642273,0.6057062745094299,0.4111211895942688,0.6076554656028748,0.40504881739616394,0.594307005405426,0.4203279912471771,0.5891491174697876,0.4305265545845032,0.5520192384719849,0.4525156319141388,0.5559520125389099,0.4546807110309601,0.5483790636062622,0.44658926129341125,0.5480798482894897,0.4458197355270386,0.5352889895439148,0.46307265758514404,0.24426181614398956,0.2196710854768753,0.22064794600009918,0.22152942419052124,0.21934953331947327,0.2203328162431717,0.2213209718465805,0.24168257415294647,0.23897092044353485,0.2758815884590149,0.2731378376483917,0.41978588700294495,0.42374417185783386,0.6472148895263672,0.6534042358398438,0.8457117676734924,0.8573728203773499,0.910802960395813,0.9277024865150452,0.9093447923660278,0.9212411046028137,0.8889958262443542,0.8962149620056152,0.8975124955177307,0.8928319215774536,1.2325695753097534,1.1773639917373657,1.535183072090149,1.5152912139892578,1.5717675685882568,1.5599086284637451,1.6451425552368164,1.6283001899719238
0.3968240022659302,0.41554486751556396,0.42172732949256897,0.4217678904533386,0.4242497980594635,0.4056740999221802,0.40908506512641907,0.41125866770744324,0.41289621591567993,0.395275741815567,0.3996369540691376,0.4035947620868683,0.4058399498462677,0.38843977451324463,0.3923295736312866,0.3962136507034302,0.39889290928840637,0.3843691945075989,0.3860553503036499,0.38864660263061523,0.3909112811088562,0.8613253831863403,0.8778179287910461,0.9057790040969849,0.9357491135597229,0.9584785103797913,0.9317823648452759,0.9699968099594116,0.9901249408721924,1.0059640407562256,0.9315329790115356,0.9692909717559814,0.9893221855163574,1.0038377046585083,0.9268825054168701,0.9608650803565979,0.9791424870491028,0.9912129044532776,0.9211781620979309,0.9478403925895691,0.9631566405296326,0.9744256138801575,0.6074079275131226,0.5910212397575378,0.5847645998001099,0.582913875579834,0.5801218152046204,0.6018757224082947,0.5961094498634338,0.5907286405563354,0.586353063583374,0.6100659966468811,0.6040292382240295,0.5971335172653198,0.5909668207168579,0.6140920519828796,0.6087980270385742,0.6023103594779968,0.5964173674583435,0.6150893568992615,0.6109504699707031,0.6057901382446289,0.6005561947822571,0.8459702730178833,0.8607093691825867,0.8890998959541321,0.9175865054130554,0.9391068816184998,0.9133356213569641,0.9489474296569824,0.9660970568656921,0.9786173105239868,0.9143427014350891,0.9489753842353821,0.9648649096488953,0.9751672744750977,0.9123218655586243,0.9430058598518372,0.9582164883613586,0.9683621525764465,0.9100558757781982,0.9361352920532227,0.9496129751205444,0.9584798812866211,0.49888378381729126,0.5115011930465698,0.5173553824424744,0.5224481821060181,0.4892473518848419,0.48245710134506226,0.47668927907943726,0.5323992371559143,0.4664344787597656,0.5127584338188171,0.4866752028465271,0.581337034702301,0.4201863408088684,0.6032472848892212,0.39839527010917664,0.60581374168396,0.4068475365638733,0.6078402996063232,0.39807626605033875,0.5945427417755127,0.4122397303581238,0.5895090699195862,0.423065721988678,0.5522321462631226,0.45280662178993225,0.5564659237861633,0.4546149671077728,0.5497764348983765,0.4465467631816864,0.5501857995986938,0.4463571608066559,0.5346366167068481,0.46201857924461365,0.2441999316215515,0.21965773403644562,0.22063830494880676,0.22151200473308563,0.2193242758512497,0.22030355036258698,0.22129181027412415,0.24168241024017334,0.23895667493343353,0.27582722902297974,0.2730925679206848,0.4198838770389557,0.42471548914909363,0.6472505927085876,0.6572454571723938,0.8460042476654053,0.8645251393318176,0.9107989072799683,0.9311010241508484,0.9093867540359497,0.9285187125205994,0.8891524076461792,0.9068081378936768,0.9007710814476013,0.8966249227523804,1.23674476146698,1.1811017990112305,1.5386009216308594,1.5204813480377197,1.5740966796875,1.5649795532226562,1.651982307434082,1.6379013061523438
0.39388036727905273,0.411939799785614,0.41778120398521423,0.41712427139282227,0.41795748472213745,0.40062350034713745,0.4034156799316406,0.40602096915245056,0.40819022059440613,0.3901515305042267,0.39428427815437317,0.39870479702949524,0.40171006321907043,0.38330668210983276,0.386658251285553,0.39043107628822327,0.39347267150878906,0.37938228249549866,0.37972912192344666,0.38158467411994934,0.3833480179309845,0.86043381690979,0.8789551258087158,0.9080453515052795,0.9383008480072021,0.9607856869697571,0.9315702319145203,0.9694060683250427,0.9893204569816589,1.0046695470809937,0.9308558702468872,0.9689093828201294,0.9894228577613831,1.0040587186813354,0.9265286922454834,0.9614089727401733,0.9798381328582764,0.9916022419929504,0.9218829870223999,0.9485602974891663,0.9645324945449829,0.9768577218055725,0.6075747609138489,0.590989887714386,0.5847268104553223,0.5828866958618164,0.579889178276062,0.6019185781478882,0.5961119532585144,0.5907562971115112,0.5864385962486267,0.6103310585021973,0.6042330265045166,0.5974081158638,0.5913141369819641,0.6146019101142883,0.6092081069946289,0.6027864217758179,0.5969228148460388,0.6158680319786072,0.6115924715995789,0.6064140796661377,0.6011886596679688,0.8444076776504517,0.8594512343406677,0.8884308338165283,0.9170759916305542,0.9385278224945068,0.9129366278648376,0.9482970833778381,0.9658211469650269,0.9786630272865295,0.9136619567871094,0.948063313961029,0.9642646908760071,0.9750667810440063,0.9112218618392944,0.941868782043457,0.9573882818222046,0.9678965210914612,0.9084115028381348,0.9345280528068542,0.9482757449150085,0.9575556516647339,0.4987281560897827,0.5114467740058899,0.5173584818840027,0.5224060416221619,0.48910632729530334,0.48237332701683044,0.4765242338180542,0.5323259234428406,0.4664149582386017,0.5127219557762146,0.4864870309829712,0.5813289880752563,0.4200349748134613,0.6032899618148804,0.3988897502422333,0.6059032678604126,0.40304291248321533,0.6080054640769958,0.39229103922843933,0.5947831273078918,0.405574768781662,0.5898532271385193,0.4177353084087372,0.5521377921104431,0.45276832580566406,0.5561006665229797,0.45433229207992554,0.5496994853019714,0.44649460911750793,0.5501192212104797,0.44608837366104126,0.5342249274253845,0.4607152044773102,0.24416427314281464,0.21962785720825195,0.2206202894449234,0.22148746252059937,0.21927595138549805,0.22024594247341156,0.22123774886131287,0.2416713833808899,0.23891451954841614,0.27577322721481323,0.2730717658996582,0.41988641023635864,0.4251505136489868,0.6472483277320862,0.6589053273200989,0.8461134433746338,0.8644846081733704,0.9107024073600769,0.9289861917495728,0.9093900322914124,0.9270133376121521,0.889180064201355,0.9070481061935425,0.9038276076316833,0.8990474939346313,1.2368065118789673,1.1830652952194214,1.5419915914535522,1.523717999458313,1.577843427658081,1.5684359073638916,1.6567822694778442,1.6413787603378296
0.3920205235481262,0.4095398783683777,0.4153054654598236,0.41462695598602295,0.4152678847312927,0.39645159244537354,0.4006150960922241,0.40413898229599,0.40697038173675537,0.38673287630081177,0.39215877652168274,0.39728522300720215,0.40068578720092773,0.3814049959182739,0.38571909070014954,0.39008477330207825,0.39349377155303955,0.3791499733924866,0.380295068025589,0.382804274559021,0.3850405514240265,0.8600944876670837,0.8786863684654236,0.9084210395812988,0.9376530051231384,0.9593733549118042,0.9313080906867981,0.9674275517463684,0.9840261340141296,0.9973766803741455,0.9306218028068542,0.9664964079856873,0.9848117232322693,0.997381329536438,0.9266266822814941,0.9590739011764526,0.9764425158500671,0.9879066944122314,0.922818660736084,0.9486408829689026,0.9636958241462708,0.9743316173553467,0.6074016094207764,0.5909056663513184,0.5846660137176514,0.5829365253448486,0.5799285173416138,0.6015970706939697,0.5959422588348389,0.5906572937965393,0.586312472820282,0.6102355122566223,0.6041558384895325,0.597365140914917,0.5912415385246277,0.6147066950798035,0.6093029379844666,0.602954089641571,0.5970621109008789,0.6161574721336365,0.6119241118431091,0.6068044900894165,0.6016771793365479,0.8440423011779785,0.8596475124359131,0.8881303668022156,0.9164171814918518,0.9376561045646667,0.9125310182571411,0.9478131532669067,0.9654567241668701,0.9784784317016602,0.9134842753410339,0.9479898810386658,0.9639031887054443,0.9744116067886353,0.9111190438270569,0.9418418407440186,0.9570626616477966,0.9672316908836365,0.9081991314888,0.9342630505561829,0.9477435946464539,0.95676589012146,0.49853265285491943,0.5113794207572937,0.5173599720001221,0.5223733186721802,0.48894068598747253,0.4822535812854767,0.47628921270370483,0.5322369337081909,0.46636587381362915,0.5126460194587708,0.4862402379512787,0.5813308358192444,0.41987016797065735,0.6032974720001221,0.3987441956996918,0.6060049533843994,0.400036484003067,0.6081636548042297,0.3905153274536133,0.5950058698654175,0.402711421251297,0.5901524424552917,0.4143509566783905,0.5520935654640198,0.4526301324367523,0.555760383605957,0.4512409269809723,0.5492916107177734,0.44433143734931946,0.5498052835464478,0.4448985755443573,0.5324806571006775,0.4570159912109375,0.24411092698574066,0.2195730060338974,0.22058671712875366,0.22144702076911926,0.21918240189552307,0.22013966739177704,0.2211274355649948,0.24159792065620422,0.23879677057266235,0.2757069766521454,0.2730465829372406,0.41987133026123047,0.42557504773139954,0.6471328139305115,0.6590527296066284,0.8461236357688904,0.863868236541748,0.910479724407196,0.9289402961730957,0.9092647433280945,0.9252809286117554,0.889164388179779,0.9044919013977051,0.9064133763313293,0.902271032333374,1.239991307258606,1.1869988441467285,1.5475159883499146,1.5278700590133667,1.5835559368133545,1.5730504989624023,1.6625715494155884,1.6439414024353027
0.3906059265136719,0.4079665541648865,0.4140861928462982,0.4141208529472351,0.4150097966194153,0.3964465260505676,0.40128687024116516,0.40451037883758545,0.4068998694419861,0.38679203391075134,0.3930227756500244,0.3988073170185089,0.4027342200279236,0.38167378306388855,0.38732674717903137,0.39326438307762146,0.3977903127670288,0.37971800565719604,0.38316673040390015,0.38833990693092346,0.3928931951522827,0.8602051138877869,0.87724769115448,0.9056965112686157,0.9352928400039673,0.9571056962013245,0.9291011095046997,0.966330885887146,0.9831233620643616,0.9967190623283386,0.929669976234436,0.9665491580963135,0.9829955697059631,0.994214653968811,0.9267194271087646,0.9595921635627747,0.9745935201644897,0.9834721088409424,0.9235418438911438,0.9506640434265137,0.9646037220954895,0.9728866815567017,0.6074852347373962,0.5909983515739441,0.5844582915306091,0.5827473402023315,0.579868495464325,0.6014425158500671,0.5960168242454529,0.5908348560333252,0.5865582823753357,0.6101011633872986,0.604181706905365,0.5974270701408386,0.5912786722183228,0.6146246194839478,0.6093232035636902,0.6030164361000061,0.5970850586891174,0.6161593794822693,0.611916184425354,0.6068512797355652,0.6017123460769653,0.8435090780258179,0.8592393398284912,0.8880486488342285,0.9160082936286926,0.9367970824241638,0.9119941592216492,0.9472441673278809,0.9648920297622681,0.9778472781181335,0.9130301475524902,0.9473649263381958,0.9633273482322693,0.9739784002304077,0.9109113812446594,0.9416550397872925,0.9570647478103638,0.9674414396286011,0.9082740545272827,0.9342554807662964,0.9478815197944641,0.9570701718330383,0.49843934178352356,0.5113459825515747,0.5173631310462952,0.522352933883667,0.4887849688529968,0.48213568329811096,0.47610121965408325,0.5321344137191772,0.4663273096084595,0.5126159191131592,0.4861016869544983,0.5813316106796265,0.41981905698776245,0.6033281683921814,0.39819782972335815,0.6061330437660217,0.398022323846817,0.6085869073867798,0.39072129130363464,0.5951260924339294,0.4025608003139496,0.5902684330940247,0.4130498468875885,0.552095353603363,0.45266732573509216,0.555733859539032,0.4501589834690094,0.5477181077003479,0.4430526793003082,0.5479884743690491,0.44413477182388306,0.5292003154754639,0.4540211260318756,0.2440567910671234,0.21953216195106506,0.22055833041667938,0.22140651941299438,0.2190883606672287,0.22002382576465607,0.22099310159683228,0.24147847294807434,0.23862497508525848,0.27561014890670776,0.27303341031074524,0.419821560382843,0.4256036877632141,0.6471165418624878,0.6580442786216736,0.8461788892745972,0.8643341660499573,0.9103901982307434,0.9291943311691284,0.909225583076477,0.9254225492477417,0.8891628384590149,0.9042109251022339,0.9057797193527222,0.902026891708374,1.2393741607666016,1.18696129322052,1.5472064018249512,1.5271207094192505,1.5831928253173828,1.5724050998687744,1.6627228260040283,1.6425727605819702
0.38899707794189453,0.4065648913383484,0.41344285011291504,0.414583683013916,0.41604793071746826,0.3959144055843353,0.402810662984848,0.40690580010414124,0.4098336100578308,0.38665270805358887,0.3943355977535248,0.4009135365486145,0.40552565455436707,0.3821432590484619,0.3889594078063965,0.3954388499259949,0.40022650361061096,0.3806537687778473,0.3849831819534302,0.39054346084594727,0.3952443301677704,0.8577569723129272,0.8740761280059814,0.9026727080345154,0.9317155480384827,0.954014778137207,0.9278474450111389,0.962483823299408,0.9781770706176758,0.9914746284484863,0.9282852411270142,0.962854266166687,0.9789153337478638,0.9896776676177979,0.9249053001403809,0.9556039571762085,0.9696993827819824,0.9781978726387024,0.9214518666267395,0.9476258158683777,0.9605992436408997,0.9678908586502075,0.6073455214500427,0.5907756686210632,0.5843450427055359,0.5826417803764343,0.5796919465065002,0.6014672517776489,0.5959064960479736,0.5907458662986755,0.5864834785461426,0.6102116107940674,0.6042851805686951,0.5976564884185791,0.5916946530342102,0.6146823763847351,0.6095095276832581,0.603299617767334,0.5975717306137085,0.6160704493522644,0.611967146396637,0.6069716215133667,0.6019792556762695,0.8437413573265076,0.8591568470001221,0.8879448771476746,0.9161928296089172,0.9371345043182373,0.9118036031723022,0.9472948908805847,0.9646453261375427,0.9772017002105713,0.9127933382987976,0.9477283954620361,0.9633105397224426,0.9733123183250427,0.9105168581008911,0.9415321946144104,0.9565640091896057,0.966523289680481,0.9077281951904297,0.93374103307724,0.9471458196640015,0.9561176896095276,0.49834030866622925,0.511285662651062,0.5173632502555847,0.5223210453987122,0.4886445701122284,0.48203468322753906,0.4759445786476135,0.5319885611534119,0.46627718210220337,0.5125638246536255,0.485943466424942,0.5813337564468384,0.41976621747016907,0.6033748388290405,0.39791709184646606,0.6062160134315491,0.39740055799484253,0.608815610408783,0.3919449746608734,0.595190703868866,0.4042504131793976,0.5903481245040894,0.41365528106689453,0.5520753264427185,0.4525768458843231,0.5551208257675171,0.4478122591972351,0.5449138283729553,0.43834221363067627,0.5447412133216858,0.43901050090789795,0.5255483984947205,0.44953760504722595,0.2440539002418518,0.2195066660642624,0.22054459154605865,0.22138871252536774,0.21905112266540527,0.21997778117656708,0.2209552526473999,0.24140356481075287,0.23857317864894867,0.2756064534187317,0.27308425307273865,0.4197766184806824,0.42567178606987,0.6471094489097595,0.6574931740760803,0.8462355732917786,0.8644338250160217,0.9102615714073181,0.9290128946304321,0.9091500043869019,0.9258882403373718,0.889144778251648,0.904970109462738,0.9053434729576111,0.9020205736160278,1.2413218021392822,1.1872988939285278,1.551042914390564,1.5265765190124512,1.5871092081069946,1.5718028545379639,1.6670689582824707,1.6416652202606201
0.38986870646476746,0.40710440278053284,0.41367271542549133,0.41470420360565186,0.41653430461883545,0.39687106013298035,0.4041546881198883,0.4085811674594879,0.41186898946762085,0.3878978490829468,0.3960956633090973,0.403021901845932,0.4079923927783966,0.38369715213775635,0.3910861611366272,0.3977428078651428,0.40275299549102783,0.38268986344337463,0.3873719274997711,0.39305558800697327,0.3979308307170868,0.8582557439804077,0.874966025352478,0.9030919075012207,0.9311186671257019,0.9528026580810547,0.9280620813369751,0.9620237946510315,0.977495014667511,0.9907552003860474,0.9284868836402893,0.9614449143409729,0.9768865704536438,0.9875781536102295,0.9249804019927979,0.9544726610183716,0.9683018922805786,0.9767313599586487,0.9218578338623047,0.9469946622848511,0.9595301151275635,0.9668666124343872,0.6077379584312439,0.5910064578056335,0.5846124291419983,0.5827764272689819,0.5798200964927673,0.6017568111419678,0.5959333777427673,0.5907344818115234,0.5865368247032166,0.6103810667991638,0.6041078567504883,0.5974044799804688,0.5914866924285889,0.6148236989974976,0.6092765927314758,0.6030170917510986,0.5973681211471558,0.6162739992141724,0.6119406819343567,0.6068845987319946,0.6019043922424316,0.8439244627952576,0.8588612079620361,0.8876878023147583,0.916254997253418,0.9374746084213257,0.9122656583786011,0.9476332664489746,0.9647749662399292,0.9771794080734253,0.9132409691810608,0.9480025172233582,0.9635867476463318,0.97381991147995,0.910915732383728,0.9418701529502869,0.9569570422172546,0.9670284986495972,0.9080831408500671,0.9341157078742981,0.947504460811615,0.9563977122306824,0.4983235001564026,0.5112791657447815,0.5173653960227966,0.5222823023796082,0.48861876130104065,0.48200714588165283,0.4759007394313812,0.5315971970558167,0.4662676751613617,0.5125309824943542,0.4858867824077606,0.5813356637954712,0.41975072026252747,0.6034104824066162,0.39771372079849243,0.6062989830970764,0.396806925535202,0.6089939475059509,0.3932241201400757,0.5952449440956116,0.4059080481529236,0.5904232859611511,0.41448095440864563,0.5520848631858826,0.45267578959465027,0.5548307299613953,0.4478069841861725,0.5444800853729248,0.43795472383499146,0.5443921685218811,0.43826693296432495,0.5247839689254761,0.4498137831687927,0.24403879046440125,0.21949175000190735,0.22053727507591248,0.22137993574142456,0.21903470158576965,0.21996137499809265,0.22094273567199707,0.24132761359214783,0.2385617047548294,0.2755393981933594,0.2730863094329834,0.41972485184669495,0.42567580938339233,0.6470996737480164,0.6571300625801086,0.8464159965515137,0.8652896881103516,0.9102525115013123,0.9306055903434753,0.9091445803642273,0.9268115162849426,0.8891501426696777,0.9056782126426697,0.9051811099052429,0.9018383026123047,1.2407245635986328,1.1869083642959595,1.5498268604278564,1.5260415077209473,1.585882306098938,1.571308970451355,1.6656177043914795,1.6409991979599
0.39042359590530396,0.40742531418800354,0.4134904444217682,0.41447925567626953,0.4164217710494995,0.39691752195358276,0.40421098470687866,0.4094005227088928,0.4135357141494751,0.3883247673511505,0.39664098620414734,0.40353262424468994,0.40914109349250793,0.3845219612121582,0.3922809362411499,0.3988269865512848,0.40441593527793884,0.38403263688087463,0.39011842012405396,0.39611393213272095,0.40139642357826233,0.8593939542770386,0.8756371736526489,0.903587818145752,0.9313599467277527,0.9530173540115356,0.9290808439254761,0.9612699747085571,0.9765096306800842,0.9892385005950928,0.9296669363975525,0.9611036777496338,0.9776268601417542,0.988969087600708,0.9266831278800964,0.9560236930847168,0.972509503364563,0.9835675954818726,0.9243702292442322,0.9494877457618713,0.9635515809059143,0.9729559421539307,0.60776686668396,0.5910565257072449,0.5846782326698303,0.5829952955245972,0.5798652768135071,0.6016146540641785,0.5961020588874817,0.5910036563873291,0.5868827104568481,0.610428512096405,0.6043892502784729,0.5977672934532166,0.5919227600097656,0.6150175929069519,0.6097090244293213,0.6034382581710815,0.5977727174758911,0.6165958046913147,0.6123847365379333,0.6073378324508667,0.6023796200752258,0.8445340394973755,0.8594938516616821,0.8882438540458679,0.9171586632728577,0.9384280443191528,0.9122969508171082,0.948051393032074,0.9652621150016785,0.9776551127433777,0.9136745929718018,0.948573112487793,0.9639228582382202,0.9737221002578735,0.9117201566696167,0.9427958726882935,0.9578065872192383,0.967560887336731,0.9092397689819336,0.9353042244911194,0.948488175868988,0.9571289420127869,0.4982944130897522,0.5112559795379639,0.5173643827438354,0.5222370028495789,0.4885733723640442,0.4819733500480652,0.4758506119251251,0.5312327146530151,0.4662548303604126,0.5124922394752502,0.4858616888523102,0.5813310146331787,0.4197486340999603,0.603420615196228,0.39780017733573914,0.6063479781150818,0.3969756066799164,0.6091505289077759,0.39430493116378784,0.5953225493431091,0.4072025716304779,0.5905049443244934,0.4153226613998413,0.5520948171615601,0.45274466276168823,0.554803192615509,0.4475403130054474,0.5441559553146362,0.4376277029514313,0.5440785884857178,0.4378471076488495,0.5240533351898193,0.449725478887558,0.2440151572227478,0.21946421265602112,0.2205173373222351,0.22136171162128448,0.21901941299438477,0.21994586288928986,0.22093616425991058,0.24119968712329865,0.2385418713092804,0.27546820044517517,0.2731042802333832,0.4196964204311371,0.42569324374198914,0.6470948457717896,0.6569650173187256,0.846691906452179,0.8671080470085144,0.9102568030357361,0.9329785108566284,0.909144401550293,0.9292166233062744,0.8891732096672058,0.9079551696777344,0.9048805832862854,0.9018028378486633,1.2414302825927734,1.1876146793365479,1.551118016242981,1.5262653827667236,1.5866962671279907,1.571315050125122,1.667522668838501,1.6410719156265259
0.3909875750541687,0.4079727530479431,0.4139476716518402,0.41481253504753113,0.416795551776886,0.3972030282020569,0.4044683277606964,0.40985599160194397,0.4142664074897766,0.38851839303970337,0.39699506759643555,0.40399616956710815,0.40979039669036865,0.3845979869365692,0.39250054955482483,0.3991696834564209,0.40482914447784424,0.38410282135009766,0.3904094696044922,0.3964926302433014,0.40173977613449097,0.8606732487678528,0.8765873908996582,0.9045952558517456,0.9324976205825806,0.9542127847671509,0.9292066693305969,0.9616620540618896,0.9768450856208801,0.9891234040260315,0.9300302267074585,0.9621089696884155,0.9787154197692871,0.9899237155914307,0.9273436069488525,0.9575201869010925,0.9741278886795044,0.9849460124969482,0.9253630042076111,0.9507248401641846,0.9650212526321411,0.9744955897331238,0.6081503629684448,0.591407835483551,0.584710955619812,0.5830289125442505,0.5801919102668762,0.6019856929779053,0.5965014696121216,0.591517984867096,0.5875534415245056,0.6106459498405457,0.6043407320976257,0.5977587699890137,0.5920140147209167,0.6150598526000977,0.6095539331436157,0.6032736897468567,0.5976434946060181,0.6165530681610107,0.6122847199440002,0.6072534918785095,0.6023188233375549,0.8445751667022705,0.8593224287033081,0.8880294561386108,0.9169628620147705,0.938450813293457,0.9125126004219055,0.9479096531867981,0.9650930762290955,0.977713942527771,0.9141973257064819,0.9484397768974304,0.9641585946083069,0.9747934937477112,0.9124274849891663,0.9429178833961487,0.9580494165420532,0.9682756662368774,0.910033643245697,0.935711145401001,0.9489489197731018,0.9577900767326355,0.49820899963378906,0.5111505389213562,0.517346203327179,0.5221749544143677,0.4884144067764282,0.4818907082080841,0.47574931383132935,0.5310106873512268,0.46624264121055603,0.5124600529670715,0.48583686351776123,0.5813322067260742,0.41975048184394836,0.6034458875656128,0.39812639355659485,0.6064136624336243,0.39716213941574097,0.6092802882194519,0.39501601457595825,0.5954010486602783,0.40779349207878113,0.5905905365943909,0.4156319200992584,0.5521278977394104,0.4528214633464813,0.5547844171524048,0.44727054238319397,0.5439532399177551,0.4369131624698639,0.5438443422317505,0.4370453655719757,0.5239541530609131,0.44885823130607605,0.24401023983955383,0.21944253146648407,0.22047802805900574,0.22130988538265228,0.21900643408298492,0.21993853151798248,0.22096183896064758,0.2409372627735138,0.23852770030498505,0.27543437480926514,0.2731747031211853,0.41966512799263,0.4257400631904602,0.6470681428909302,0.6569990515708923,0.8467455506324768,0.8672646284103394,0.9102388620376587,0.9333223700523376,0.9091290831565857,0.9295715689659119,0.8891780972480774,0.9082313776016235,0.9047778844833374,0.9020698666572571,1.2430500984191895,1.188216209411621,1.5527913570404053,1.5269622802734375,1.588295817375183,1.5722626447677612,1.6696691513061523,1.6415228843688965
0.3912554383277893,0.40796875953674316,0.414085328578949,0.4151870012283325,0.41703787446022034,0.39703014492988586,0.4041813313961029,0.40968549251556396,0.41423019766807556,0.38846927881240845,0.3966125547885895,0.4036100208759308,0.40954723954200745,0.38471320271492004,0.3923514783382416,0.39892539381980896,0.40462392568588257,0.3843347132205963,0.3905008137226105,0.39649948477745056,0.4017260670661926,0.8606919646263123,0.8767590522766113,0.9052485227584839,0.9332177639007568,0.9548532962799072,0.9294840693473816,0.9623286724090576,0.9773370027542114,0.9891886115074158,0.93015456199646,0.9623788595199585,0.9789225459098816,0.9899585247039795,0.9274521470069885,0.9575326442718506,0.9741384387016296,0.9850203990936279,0.9255949854850769,0.9508872628211975,0.9650275707244873,0.9744859933853149,0.6078288555145264,0.5912026762962341,0.5846048593521118,0.5829922556877136,0.5800631046295166,0.6018805503845215,0.5964605212211609,0.5915333032608032,0.587590217590332,0.6106954216957092,0.6047444343566895,0.5984010100364685,0.5927853584289551,0.6153707504272461,0.6102024912834167,0.6042928099632263,0.5988669991493225,0.6170912981033325,0.6130457520484924,0.6082717180252075,0.603498637676239,0.8437924385070801,0.8587661385536194,0.8875982165336609,0.9167218208312988,0.9384214878082275,0.9126108884811401,0.9477114677429199,0.9647007584571838,0.9770410656929016,0.9134743213653564,0.9473040699958801,0.9630485773086548,0.9738569259643555,0.9109151363372803,0.9410465359687805,0.9561870098114014,0.9667359590530396,0.9077675342559814,0.9332087635993958,0.9466491937637329,0.9559177160263062,0.49811193346977234,0.5110064148902893,0.5173088908195496,0.5220633745193481,0.48825111985206604,0.48179686069488525,0.4756231904029846,0.5306600332260132,0.4662141799926758,0.5124046802520752,0.4858309328556061,0.5813223719596863,0.4197448194026947,0.6034546494483948,0.3984562158584595,0.6064445972442627,0.39731040596961975,0.6093980669975281,0.3951140344142914,0.595493495464325,0.40771913528442383,0.5906637907028198,0.4155888855457306,0.5521115660667419,0.45280584692955017,0.5547603368759155,0.4472599923610687,0.5439563989639282,0.43681761622428894,0.5438699126243591,0.43696075677871704,0.5238933563232422,0.44837671518325806,0.24394245445728302,0.21940909326076508,0.22042742371559143,0.22125045955181122,0.21899449825286865,0.21993140876293182,0.22097590565681458,0.240762859582901,0.23851507902145386,0.2752865254878998,0.2731751799583435,0.41964808106422424,0.42586076259613037,0.6470680236816406,0.65709388256073,0.8468847870826721,0.8667575120925903,0.9102315902709961,0.9324778318405151,0.9091283082962036,0.9289661645889282,0.8891881108283997,0.9077864289283752,0.90461665391922,0.9020037055015564,1.243074655532837,1.188030481338501,1.552459955215454,1.527010440826416,1.5879170894622803,1.5725632905960083,1.6690936088562012,1.6413606405258179
0.39168956875801086,0.4084194004535675,0.41436710953712463,0.4152965247631073,0.41694045066833496,0.3971717953681946,0.4042769968509674,0.40977680683135986,0.41424351930618286,0.3885708153247833,0.3967595100402832,0.40372031927108765,0.4095509946346283,0.38475897908210754,0.39236271381378174,0.39890041947364807,0.4045173227787018,0.38428476452827454,0.3904241621494293,0.39638957381248474,0.4015377461910248,0.8610621094703674,0.8771783113479614,0.9054263830184937,0.9334666132926941,0.9549938440322876,0.9294849038124084,0.9622666239738464,0.9773225784301758,0.9893820285797119,0.9300844669342041,0.9624689817428589,0.9791935682296753,0.9905858039855957,0.9272584319114685,0.9574198126792908,0.9742085337638855,0.9853584170341492,0.9251866340637207,0.9503862857818604,0.9645404815673828,0.9740635752677917,0.6076123714447021,0.591038167476654,0.5846449136734009,0.5831512808799744,0.5798861980438232,0.6017841100692749,0.5963594317436218,0.5914462208747864,0.5875231623649597,0.6105321645736694,0.6043182015419006,0.5977791547775269,0.5920509099960327,0.6150774359703064,0.6096581816673279,0.6035153865814209,0.5979511737823486,0.6167163252830505,0.6124736666679382,0.6075286269187927,0.6027157306671143,0.8443393111228943,0.8589690923690796,0.8878647089004517,0.9166669845581055,0.9379430413246155,0.9122949838638306,0.9474890232086182,0.9648898839950562,0.9776520729064941,0.9137696027755737,0.9479904174804688,0.9636053442955017,0.9741567373275757,0.9117774963378906,0.9425631761550903,0.9577093124389648,0.967955470085144,0.9091631770133972,0.9349066019058228,0.9481993317604065,0.9572253823280334,0.4979330599308014,0.5107166767120361,0.517223596572876,0.5218945145606995,0.4880167245864868,0.4816586375236511,0.47542694211006165,0.5302981734275818,0.466156929731369,0.5123105645179749,0.48579975962638855,0.5813101530075073,0.4197402596473694,0.6034600138664246,0.39868682622909546,0.6065112352371216,0.3974718749523163,0.6095550060272217,0.3953280448913574,0.5955843329429626,0.4078807830810547,0.590749979019165,0.41575369238853455,0.5521014332771301,0.45278623700141907,0.5546982884407043,0.4470473825931549,0.543953537940979,0.4365026354789734,0.5438929200172424,0.4365808069705963,0.5238462090492249,0.44829532504081726,0.24383856356143951,0.21935422718524933,0.22034282982349396,0.2211422175168991,0.21898534893989563,0.21992896497249603,0.22100643813610077,0.24055616557598114,0.23852381110191345,0.2751273810863495,0.27315717935562134,0.4195578992366791,0.4259079396724701,0.6469728946685791,0.6572388410568237,0.8468979001045227,0.8667622804641724,0.9102143049240112,0.9325453042984009,0.9091164469718933,0.9287352561950684,0.8891898989677429,0.9074457883834839,0.904529869556427,0.9020838141441345,1.243610143661499,1.188443660736084,1.5529614686965942,1.5276182889938354,1.5884166955947876,1.5732238292694092,1.6697075366973877,1.642263650894165
0.39170464873313904,0.4087551236152649,0.4148150682449341,0.4155021607875824,0.4171060025691986,0.39774182438850403,0.4045012593269348,0.4097784161567688,0.4140913486480713,0.38897037506103516,0.3968850374221802,0.4036365747451782,0.40918758511543274,0.38496875762939453,0.3924122452735901,0.3988058865070343,0.4042651057243347,0.3842671811580658,0.3901732861995697,0.39605024456977844,0.40114307403564453,0.8607414364814758,0.8767167329788208,0.90511155128479,0.9332541823387146,0.9549787044525146,0.9295802116394043,0.9618538022041321,0.9772621393203735,0.9895860552787781,0.9299067854881287,0.9618249535560608,0.978794276714325,0.9906267523765564,0.9269270896911621,0.9570536613464355,0.9740553498268127,0.9855822920799255,0.9246852397918701,0.9504081606864929,0.9651033878326416,0.9750828742980957,0.6074550151824951,0.5907555818557739,0.584258496761322,0.5828431248664856,0.5797584652900696,0.6014153957366943,0.595859706401825,0.5909157395362854,0.5869796872138977,0.6103096604347229,0.6041876673698425,0.5975243449211121,0.5916619300842285,0.6149493455886841,0.6094570159912109,0.6032277941703796,0.5976077914237976,0.6165742874145508,0.6122255921363831,0.6071565747261047,0.6022348403930664,0.844132125377655,0.858618438243866,0.8872445225715637,0.9158353209495544,0.9371498227119446,0.912175714969635,0.947736918926239,0.9650084376335144,0.977735698223114,0.9134371876716614,0.9480426907539368,0.9635313153266907,0.9737435579299927,0.9111888408660889,0.9419496655464172,0.9569116234779358,0.966842770576477,0.908421516418457,0.9342115521430969,0.9473812580108643,0.9560536742210388,0.49781665205955505,0.5104387998580933,0.5171473026275635,0.5217804908752441,0.4878489673137665,0.4815833270549774,0.4753437340259552,0.530132532119751,0.46611639857292175,0.5122471451759338,0.48577970266342163,0.5813096165657043,0.4197126626968384,0.6034664511680603,0.39873263239860535,0.6065759062767029,0.39745935797691345,0.6096451282501221,0.3952830731868744,0.5956622362136841,0.408009797334671,0.5908311009407043,0.4159201979637146,0.552095353603363,0.45276960730552673,0.5546415448188782,0.44689562916755676,0.5439703464508057,0.43640705943107605,0.5439374446868896,0.43650728464126587,0.5238574147224426,0.4483555257320404,0.2437407672405243,0.21930061280727386,0.2202521562576294,0.2210209220647812,0.21897666156291962,0.21992239356040955,0.22101449966430664,0.24030464887619019,0.23852770030498505,0.27493441104888916,0.2731400430202484,0.41946491599082947,0.42595091462135315,0.646845281124115,0.6573529243469238,0.8469172716140747,0.8668963313102722,0.9101446270942688,0.9329105019569397,0.9090660214424133,0.9287005662918091,0.8891697525978088,0.9071407914161682,0.904522180557251,0.9021479487419128,1.243593692779541,1.1883376836776733,1.5532972812652588,1.5279308557510376,1.5888878107070923,1.573487639427185,1.66997230052948,1.6435177326202393
0.3915909230709076,0.4086568057537079,0.41477546095848083,0.4155714213848114,0.41724056005477905,0.3980170488357544,0.4047616720199585,0.41002824902534485,0.4144043028354645,0.38912248611450195,0.39696088433265686,0.4036845862865448,0.40926963090896606,0.38492318987846375,0.3921957015991211,0.39856937527656555,0.40405675768852234,0.3840719759464264,0.3899184465408325,0.3956862986087799,0.4007232189178467,0.8605116009712219,0.8766946196556091,0.9050711989402771,0.9329877495765686,0.9545762538909912,0.9293743968009949,0.9612767696380615,0.9767725467681885,0.9892230033874512,0.9298567175865173,0.9614930748939514,0.9784820079803467,0.9904393553733826,0.9270473718643188,0.9568917751312256,0.9739747643470764,0.9856187105178833,0.9248231053352356,0.9502889513969421,0.96506667137146,0.9750980734825134,0.6072720289230347,0.5907453298568726,0.5842154622077942,0.5827233791351318,0.5797612071037292,0.6012945175170898,0.5957684516906738,0.5907065272331238,0.5866491198539734,0.6101175546646118,0.604127824306488,0.5974063873291016,0.5914740562438965,0.6147459745407104,0.6093550324440002,0.6030688285827637,0.5973387360572815,0.616344690322876,0.6119605898857117,0.6068196892738342,0.6018163561820984,0.8439347743988037,0.858635663986206,0.8871961832046509,0.9155709147453308,0.9368440508842468,0.9117669463157654,0.9473050832748413,0.9648358225822449,0.9778087735176086,0.9133089780807495,0.947687029838562,0.9631617069244385,0.973316490650177,0.9113929867744446,0.9420744180679321,0.9570024609565735,0.966834545135498,0.9089726805686951,0.9347286224365234,0.9479283094406128,0.9565723538398743,0.497675359249115,0.5101780295372009,0.517069399356842,0.5216661095619202,0.4876548945903778,0.4814853370189667,0.47521859407424927,0.5299648642539978,0.4660564661026001,0.5122058987617493,0.4857695996761322,0.5813111662864685,0.4197087585926056,0.603472113609314,0.39868441224098206,0.6066272258758545,0.3974144160747528,0.6097246408462524,0.39526262879371643,0.5957720875740051,0.40816205739974976,0.5909757614135742,0.4160681366920471,0.5520779490470886,0.45276153087615967,0.5546251535415649,0.4467860758304596,0.5440031886100769,0.4364132285118103,0.5439735651016235,0.4365289807319641,0.5239036083221436,0.4482940435409546,0.24361860752105713,0.21924814581871033,0.22016103565692902,0.22089648246765137,0.2189687341451645,0.21991784870624542,0.22103244066238403,0.24004745483398438,0.23854133486747742,0.27479588985443115,0.2731003165245056,0.41941484808921814,0.4260280430316925,0.6467228531837463,0.6573449373245239,0.8469231128692627,0.8670569062232971,0.9099741578102112,0.9331029653549194,0.9089726805686951,0.9286864399909973,0.8890981078147888,0.9071546792984009,0.9045804142951965,0.9023687839508057,1.2442047595977783,1.188301682472229,1.5544449090957642,1.5289673805236816,1.5900694131851196,1.5748047828674316,1.671477198600769,1.6452767848968506
0.391487181186676,0.40857163071632385,0.4146967828273773,0.41549044847488403,0.41712382435798645,0.39784929156303406,0.40472251176834106,0.4100303649902344,0.4143822193145752,0.38884881138801575,0.39682286977767944,0.4036144018173218,0.40907928347587585,0.38453182578086853,0.39182424545288086,0.39835885167121887,0.4037822484970093,0.3835611045360565,0.3893321752548218,0.39530202746391296,0.40040096640586853,0.8604772686958313,0.8764692544937134,0.9045067429542542,0.9324541687965393,0.9541361927986145,0.9291203022003174,0.961277425289154,0.9767563343048096,0.9893035888671875,0.9295970797538757,0.9618502855300903,0.9788250923156738,0.990658700466156,0.9265697598457336,0.9568508863449097,0.9739152789115906,0.9853594899177551,0.9240767955780029,0.9496344327926636,0.9643078446388245,0.9741017818450928,0.6073122024536133,0.5907506346702576,0.5841812491416931,0.5825146436691284,0.5795341730117798,0.6013204455375671,0.5958741903305054,0.5908088684082031,0.5866952538490295,0.6101486086845398,0.6041375398635864,0.5973995327949524,0.5914426445960999,0.6148030161857605,0.609394371509552,0.6031075119972229,0.5973712801933289,0.6164253950119019,0.6120897531509399,0.6070129871368408,0.6020463109016418,0.8437081575393677,0.8584275841712952,0.8870500922203064,0.9155365824699402,0.9368746876716614,0.9116064310073853,0.9471388459205627,0.9647329449653625,0.9775858521461487,0.913106381893158,0.9475677609443665,0.9631072282791138,0.9732015132904053,0.9111192226409912,0.9418593049049377,0.9568737149238586,0.966740071773529,0.9084910750389099,0.9342886209487915,0.947599470615387,0.9563308358192444,0.4976438283920288,0.5100967288017273,0.5170458555221558,0.5216243267059326,0.4875594973564148,0.48142433166503906,0.47513633966445923,0.529899001121521,0.46601343154907227,0.5121968984603882,0.48576340079307556,0.5813114047050476,0.41970008611679077,0.6034772396087646,0.39865249395370483,0.6066561937332153,0.39731505513191223,0.6097483038902283,0.3951677978038788,0.5958300828933716,0.40826287865638733,0.5910584330558777,0.41616588830947876,0.5520543456077576,0.4527163803577423,0.5546653270721436,0.44615602493286133,0.5440008640289307,0.4363551735877991,0.5439671874046326,0.43654143810272217,0.5238918662071228,0.4479512572288513,0.24359910190105438,0.21923385560512543,0.22012825310230255,0.22084876894950867,0.21896669268608093,0.21992236375808716,0.22107729315757751,0.23994657397270203,0.23857614398002625,0.2747526466846466,0.2731035649776459,0.41938841342926025,0.4260670840740204,0.6466999650001526,0.6573477387428284,0.8469330072402954,0.8672004342079163,0.9098961353302002,0.9330805540084839,0.908935010433197,0.9286951422691345,0.8890786170959473,0.9072265028953552,0.9046739339828491,0.9026752710342407,1.2460825443267822,1.1885954141616821,1.5562553405761719,1.530357003211975,1.5916658639907837,1.5761669874191284,1.6733958721160889,1.6470550298690796
