left_landmark_x_0,left_landmark_x_1,left_landmark_x_2,left_landmark_x_3,left_landmark_x_4,left_landmark_x_5,left_landmark_x_6,left_landmark_x_7,left_landmark_x_8,left_landmark_x_9,left_landmark_x_10,left_landmark_x_11,left_landmark_x_12,left_landmark_x_13,left_landmark_x_14,left_landmark_x_15,left_landmark_x_16,left_landmark_x_17,left_landmark_x_18,left_landmark_x_19,left_landmark_x_20,left_landmark_y_0,left_landmark_y_1,left_landmark_y_2,left_landmark_y_3,left_landmark_y_4,left_landmark_y_5,left_landmark_y_6,left_landmark_y_7,left_landmark_y_8,left_landmark_y_9,left_landmark_y_10,left_landmark_y_11,left_landmark_y_12,left_landmark_y_13,left_landmark_y_14,left_landmark_y_15,left_landmark_y_16,left_landmark_y_17,left_landmark_y_18,left_landmark_y_19,left_landmark_y_20,right_landmark_x_0,right_landmark_x_1,right_landmark_x_2,right_landmark_x_3,right_landmark_x_4,right_landmark_x_5,right_landmark_x_6,right_landmark_x_7,right_landmark_x_8,right_landmark_x_9,right_landmark_x_10,right_landmark_x_11,right_landmark_x_12,right_landmark_x_13,right_landmark_x_14,right_landmark_x_15,right_landmark_x_16,right_landmark_x_17,right_landmark_x_18,right_landmark_x_19,right_landmark_x_20,right_landmark_y_0,right_landmark_y_1,right_landmark_y_2,right_landmark_y_3,right_landmark_y_4,right_landmark_y_5,right_landmark_y_6,right_landmark_y_7,right_landmark_y_8,right_landmark_y_9,right_landmark_y_10,right_landmark_y_11,right_landmark_y_12,right_landmark_y_13,right_landmark_y_14,right_landmark_y_15,right_landmark_y_16,right_landmark_y_17,right_landmark_y_18,right_landmark_y_19,right_landmark_y_20,pose_landmark_x_0,pose_landmark_x_1,pose_landmark_x_2,pose_landmark_x_3,pose_landmark_x_4,pose_landmark_x_5,pose_landmark_x_6,pose_landmark_x_7,pose_landmark_x_8,pose_landmark_x_9,pose_landmark_x_10,pose_landmark_x_11,pose_landmark_x_12,pose_landmark_x_13,pose_landmark_x_14,pose_landmark_x_15,pose_landmark_x_16,pose_landmark_x_17,pose_landmark_x_18,pose_landmark_x_19,pose_landmark_x_20,pose_landmark_x_21,pose_landmark_x_22,pose_landmark_x_23,pose_landmark_x_24,pose_landmark_x_25,pose_landmark_x_26,pose_landmark_x_27,pose_landmark_x_28,pose_landmark_x_29,pose_landmark_x_30,pose_landmark_x_31,pose_landmark_x_32,pose_landmark_y_0,pose_landmark_y_1,pose_landmark_y_2,pose_landmark_y_3,pose_landmark_y_4,pose_landmark_y_5,pose_landmark_y_6,pose_landmark_y_7,pose_landmark_y_8,pose_landmark_y_9,pose_landmark_y_10,pose_landmark_y_11,pose_landmark_y_12,pose_landmark_y_13,pose_landmark_y_14,pose_landmark_y_15,pose_landmark_y_16,pose_landmark_y_17,pose_landmark_y_18,pose_landmark_y_19,pose_landmark_y_20,pose_landmark_y_21,pose_landmark_y_22,pose_landmark_y_23,pose_landmark_y_24,pose_landmark_y_25,pose_landmark_y_26,pose_landmark_y_27,pose_landmark_y_28,pose_landmark_y_29,pose_landmark_y_30,pose_landmark_y_31,pose_landmark_y_32
0.3739247322082519,0.3859732627868652,0.3971611658732096,0.3997430165608724,0.4031854311625162,0.3833914120992024,0.3902763048807779,0.3954399426778157,0.3997430165608724,0.374785327911377,0.3825308163960775,0.3902763048807779,0.3971611658732096,0.3704822858174642,0.3773671468098958,0.3851126352945963,0.391136900583903,0.3679004669189453,0.373064104715983,0.3790883700052897,0.3842520395914713,0.8205570927372685,0.840446698224103,0.863396312572338,0.890935770670573,0.913885385018808,0.8939957230179398,0.9215352376302084,0.9353049949363426,0.9475447478117768,0.8970556753653067,0.926125137894242,0.9368349428530092,0.94601479989511,0.8970556753653067,0.9215352376302084,0.9291850902416088,0.9353049949363426,0.8939957230179398,0.9123554371021412,0.9200052897135416,0.9230652420609086,0.5890770594278971,0.5787497838338216,0.5684224446614583,0.5667012532552084,0.5632588068644205,0.5839134216308594,0.5787497838338216,0.5735860824584961,0.5684224446614583,0.5925195058186848,0.5856346766153971,0.5778891881306966,0.5710042953491211,0.5959619522094727,0.5890770594278971,0.5813315709431967,0.5744467417399088,0.5968225479125977,0.5907983144124349,0.5856346766153971,0.5796103795369466,0.8144371880425347,0.8358567979600694,0.8588063557942708,0.8878758748372396,0.9123554371021412,0.8894058227539062,0.9200052897135416,0.9353049949363426,0.9490747522424768,0.890935770670573,0.9215352376302084,0.9353049949363426,0.94601479989511,0.890935770670573,0.9169453373661748,0.9276551423249422,0.9353049949363426,0.8878758748372396,0.907765480324074,0.9169453373661748,0.9230652420609086,0.4782540500164032,0.4880296289920807,0.494674414396286,0.5012708902359009,0.4686065912246704,0.4627796411514282,0.4571469724178314,0.511874258518219,0.44818413257598877,0.49185723066329956,0.46549084782600403,0.5659910440444946,0.4035283327102661,0.588152289390564,0.37920770049095154,0.5929922461509705,0.3787809908390045,0.595464289188385,0.3751874566078186,0.5823930501937866,0.3884851634502411,0.5770291090011597,0.3945484459400177,0.5372073650360107,0.43544307351112366,0.5387831330299377,0.4341773986816406,0.5352948904037476,0.4346136748790741,0.5387550592422485,0.4365876019001007,0.5079997181892395,0.44214361906051636,0.19537562131881714,0.17208725214004517,0.17495501041412354,0.17753326892852783,0.16954392194747925,0.17075365781784058,0.17108678817749023,0.19612717628479004,0.192263662815094,0.2303118109703064,0.22920262813568115,0.3795981705188751,0.3831513822078705,0.6158308982849121,0.6170307993888855,0.814913809299469,0.8186094760894775,0.8816073536872864,0.8842155933380127,0.8839486837387085,0.8805811405181885,0.8637828826904297,0.8570004105567932,0.8405956029891968,0.8435293436050415,1.1685121059417725,1.1390981674194336,1.4434711933135986,1.4376575946807861,1.4749706983566284,1.479575514793396,1.5534651279449463,1.5381097793579102
0.373865286509196,0.3859158515930175,0.3971056620279948,0.399687925974528,0.4031309445699056,0.3833335876464844,0.3902196248372396,0.3953841527303059,0.399687925974528,0.3747260411580403,0.3824728329976399,0.3902196248372396,0.3971056620279948,0.3704222679138184,0.3773083051045736,0.3850550969441731,0.391080379486084,0.3678400039672851,0.3730045318603515,0.3790298144022623,0.3841943422953288,0.8204827767831308,0.8403757731119792,0.8633292304144965,0.8908733791775174,0.9138267799660011,0.8939338401511864,0.9230081628870082,0.935250006781684,0.94749185067636,0.8969942446108218,0.9260686238606772,0.9367802372685186,0.9459616201895256,0.8969942446108218,0.9230081628870082,0.929129084834346,0.935250006781684,0.8939338401511864,0.9122965494791668,0.9199477019133392,0.9230081628870082,0.5890538533528645,0.5787247975667318,0.5683957417805989,0.5666742960611979,0.5640920003255209,0.5838893254597982,0.5787247975667318,0.5735602696736654,0.5683957417805989,0.5924968719482422,0.585610834757487,0.5778640747070313,0.5709780375162761,0.5950791676839192,0.5890538533528645,0.5813070933024088,0.5744210561116536,0.5959398905436198,0.5907753626505534,0.585610834757487,0.57958558400472,0.8143618548357928,0.8357850816514757,0.8587385389539931,0.8878129182038483,0.9122965494791668,0.8893431486906829,0.9199477019133392,0.9367802372685186,0.9490220811631944,0.8924036096643518,0.9230081628870082,0.935250006781684,0.94749185067636,0.8908733791775174,0.91688724093967,0.9275988543475115,0.9367802372685186,0.8893431486906829,0.9077058580186632,0.91688724093967,0.9230081628870082,0.4783262610435486,0.4896143972873688,0.49621298909187317,0.5018103718757629,0.46890661120414734,0.4628811776638031,0.45714542269706726,0.5120346546173096,0.448357492685318,0.49194562435150146,0.4656335115432739,0.5657092332839966,0.403535395860672,0.5880218148231506,0.3791896104812622,0.5922486782073975,0.378785103559494,0.5949272513389587,0.37541547417640686,0.5816267132759094,0.38848206400871277,0.5764822363853455,0.39478740096092224,0.5370162129402161,0.43541866540908813,0.5394185185432434,0.4307681620121002,0.532500147819519,0.4283769726753235,0.5341102480888367,0.42982736229896545,0.5077120065689087,0.43668878078460693,0.19603119790554047,0.17358849942684174,0.17607855796813965,0.17825712263584137,0.17077207565307617,0.17176927626132965,0.1723460853099823,0.19733315706253052,0.19256603717803955,0.23075103759765625,0.22917741537094116,0.3796004354953766,0.38319388031959534,0.6128669381141663,0.6148807406425476,0.8124563694000244,0.8186153173446655,0.8804665207862854,0.8841941952705383,0.8822696805000305,0.8805699944496155,0.8617532253265381,0.8573923707008362,0.8530857563018799,0.8575369715690613,1.193047046661377,1.1486622095108032,1.4879456758499146,1.4732542037963867,1.5203944444656372,1.5175977945327759,1.6006929874420166,1.5788854360580444
0.3738491058349609,0.3858991940816244,0.3970885912577311,0.3996707598368327,0.4031136194864909,0.3833170255025228,0.3902028083801269,0.3953671455383301,0.3996707598368327,0.3747098286946614,0.3824563344319661,0.3902028083801269,0.3970885912577311,0.3704062143961588,0.377291997273763,0.3850384712219238,0.3910635312398274,0.3678240458170573,0.3729883829752604,0.3790134429931641,0.3841777483622233,0.8204285798249421,0.8403207849573207,0.8632733945493345,0.8908164695457176,0.9152991965964988,0.8938768174913194,0.9229500664605036,0.9367215757016782,0.9474327935112848,0.8969371654369213,0.9260104144061052,0.9367215757016782,0.9459026195384838,0.8969371654369213,0.9229500664605036,0.9290707623517072,0.9351914582429108,0.8938768174913194,0.912238848650897,0.9198897185149016,0.9229500664605036,0.5890294392903646,0.5787007649739583,0.5683721542358399,0.5666507085164388,0.5640685399373372,0.5838651021321615,0.5787007649739583,0.573536491394043,0.5683721542358399,0.5924723307291667,0.5855865478515625,0.5778400421142578,0.5709543228149414,0.5950544993082683,0.5890294392903646,0.5812829335530599,0.5743972142537435,0.5959152221679688,0.5907508850097656,0.5855865478515625,0.5795614878336589,0.8143078839337384,0.8357303195529514,0.8586828726309317,0.8877561216001157,0.912238848650897,0.8892862955729167,0.9198897185149016,0.9367215757016782,0.9489629674840856,0.8923466435185186,0.9229500664605036,0.9351914582429108,0.9474327935112848,0.8908164695457176,0.9168293705692998,0.9275405883789064,0.9367215757016782,0.8892862955729167,0.9076483267324942,0.9168293705692998,0.9229500664605036,0.47831934690475464,0.4901968836784363,0.49695074558258057,0.5020143389701843,0.4689946472644806,0.4629029631614685,0.45712000131607056,0.5120560526847839,0.44846951961517334,0.4919508993625641,0.4656922519207001,0.5653732419013977,0.40355587005615234,0.5879729986190796,0.379174143075943,0.5917462706565857,0.3788143992424011,0.5945542454719543,0.3756692111492157,0.5811725854873657,0.38853976130485535,0.5761807560920715,0.3952670097351074,0.5368313193321228,0.43536603450775146,0.5402368903160095,0.428881973028183,0.5320382118225098,0.4265567362308502,0.533725917339325,0.42783498764038086,0.5072371959686279,0.4355815052986145,0.1966446489095688,0.17460457980632782,0.1767633855342865,0.17865875363349915,0.17192409932613373,0.17275235056877136,0.17339840531349182,0.19775594770908356,0.19279736280441284,0.23101802170276642,0.22914743423461914,0.37957698106765747,0.3831999599933624,0.6110736131668091,0.614058256149292,0.8112384080886841,0.8186692595481873,0.8798148036003113,0.884198009967804,0.8815717101097107,0.8805580139160156,0.860894501209259,0.8575683832168579,0.8568932414054871,0.8625466227531433,1.2001196146011353,1.1529864072799683,1.4953268766403198,1.4812971353530884,1.526580810546875,1.5246520042419434,1.6097989082336426,1.589985966682434
0.373868974049886,0.3859101931254069,0.3970913251241048,0.3996715863545735,0.4031119346618652,0.3833299318949381,0.3902106285095215,0.395371150970459,0.3996715863545735,0.374729061126709,0.3824698448181152,0.3902106285095215,0.3970913251241048,0.3704286257425944,0.3773093223571777,0.385050106048584,0.3910707155863444,0.3678483645121256,0.3730088869730631,0.3781694094340006,0.3833299318949381,0.8200092456958912,0.8398868136935764,0.8628224690755208,0.8918742992259838,0.9148098980938948,0.8934033429181134,0.9224551165545428,0.9362165097837096,0.9469198156286168,0.8964613737883391,0.925513203938802,0.9362165097837096,0.9453907719364872,0.8964613737883391,0.9224551165545428,0.930100335015191,0.9362165097837096,0.8949323866102431,0.9132808544017652,0.9193970291702837,0.9239841602466724,0.5897507349650065,0.5785696029663085,0.5682485580444336,0.5665284474690755,0.5639481862386068,0.5837301254272461,0.5785696029663085,0.5734090805053711,0.5682485580444336,0.5923309961954752,0.5854502995808919,0.5777095158894857,0.5708288192749024,0.594911257425944,0.5880305608113606,0.5811498641967774,0.574269167582194,0.5957713445027669,0.5906108220418295,0.5845902125040691,0.5785696029663085,0.8154221146195023,0.8352996826171875,0.858235337999132,0.887287168149595,0.9117518107096354,0.8903452555338541,0.9193970291702837,0.9362165097837096,0.9499779595269098,0.8918742992259838,0.9224551165545428,0.9362165097837096,0.9469198156286168,0.8918742992259838,0.917867985478154,0.9285712913230614,0.9362165097837096,0.8888162118417245,0.9071646796332464,0.9163389417860244,0.9224551165545428,0.47828951478004456,0.49039968848228455,0.49732235074043274,0.5020889639854431,0.46904218196868896,0.46292024850845337,0.4570988118648529,0.5120664834976196,0.44856131076812744,0.4919526278972626,0.4657372534275055,0.5650539994239807,0.40361288189888,0.5879308581352234,0.3791761100292206,0.5914032459259033,0.3788343369960785,0.5941363573074341,0.3758602440357208,0.5808364152908325,0.3886295258998871,0.5759612321853638,0.3956975042819977,0.5366968512535095,0.4353685677051544,0.5402242541313171,0.42710745334625244,0.528817892074585,0.424680233001709,0.5300325751304626,0.42508599162101746,0.504045844078064,0.43573230504989624,0.19725731015205383,0.17533528804779053,0.17724432051181793,0.17893220484256744,0.17291119694709778,0.1736292690038681,0.174263134598732,0.19806821644306183,0.19296681880950928,0.23121246695518494,0.22913382947444916,0.37957441806793213,0.383146196603775,0.6102940440177917,0.6130933165550232,0.810904860496521,0.8186987042427063,0.8791685104370117,0.8841975927352905,0.8810898065567017,0.8805298805236816,0.8605707883834839,0.857678234577179,0.8589351177215576,0.8644213080406189,1.204211711883545,1.1549227237701416,1.498416543006897,1.4830191135406494,1.5292280912399292,1.5258090496063232,1.6119403839111328,1.5916513204574585
0.3739440600077311,0.385981814066569,0.397159735361735,0.3997392654418945,0.4031786282857259,0.3834023157755534,0.3902810096740722,0.3954400698343913,0.3988794326782227,0.3748038927714029,0.3834023157755534,0.3902810096740722,0.397159735361735,0.3705046971638997,0.3773834228515625,0.3851219813028971,0.391140874226888,0.3679251670837402,0.3730842272440592,0.3782432556152343,0.3834023157755534,0.8198710688838252,0.8397429289641204,0.8626719722041377,0.8917154947916667,0.9161731861255789,0.8947726779513889,0.9222875524450233,0.9360450462058738,0.9467452437789352,0.8978299176251446,0.925344792118779,0.9360450462058738,0.945216652199074,0.8978299176251446,0.9222875524450233,0.9299306233723958,0.9360450462058738,0.8947726779513889,0.9131159464518228,0.9192303692853008,0.9238162005389178,0.5889041264851888,0.5785860061645508,0.5682679494222005,0.5665482838948568,0.5639687220255534,0.5837450663248698,0.5785860061645508,0.5734270095825196,0.5682679494222005,0.5914836247762044,0.5846048990885416,0.577726173400879,0.5708474477132162,0.5949230194091797,0.5880442937215169,0.5803057352701823,0.5742868423461914,0.5957828521728515,0.5906237920125326,0.5846048990885416,0.5785860061645508,0.8152852376302083,0.8351570977105035,0.8580861974645544,0.8871296635380498,0.9131159464518228,0.8901869032118056,0.920758960865162,0.9360450462058738,0.9498024269386576,0.8932440863715277,0.9222875524450233,0.9360450462058738,0.9467452437789352,0.8932440863715277,0.9177017777054398,0.9284019752785012,0.9360450462058738,0.8901869032118056,0.908530115198206,0.9177017777054398,0.9238162005389178,0.478133887052536,0.49042052030563354,0.4974626898765564,0.5020930171012878,0.46904489398002625,0.4629208445549011,0.45706117153167725,0.5120199918746948,0.448620468378067,0.49188151955604553,0.4657357931137085,0.5648970007896423,0.4036597013473511,0.5879201889038086,0.37918952107429504,0.5911480188369751,0.3788413405418396,0.5938009023666382,0.37591487169265747,0.5806060433387756,0.38868093490600586,0.5758001208305359,0.3960041403770447,0.5365190505981445,0.43536901473999023,0.5405313968658447,0.4272720217704773,0.5289386510848999,0.423923522233963,0.5301845073699951,0.423755943775177,0.5041182637214661,0.43581733107566833,0.19750064611434937,0.17571468651294708,0.17746025323867798,0.1790338009595871,0.17351914942264557,0.17419151961803436,0.17478732764720917,0.19820407032966614,0.19303171336650848,0.2312607765197754,0.22903065383434296,0.3795589208602905,0.3830689489841461,0.6098548769950867,0.6124138236045837,0.8108787536621094,0.8186559677124023,0.8790969848632812,0.8841498494148254,0.8809348344802856,0.8804064989089966,0.8604042530059814,0.8576810956001282,0.8596409559249878,0.8642197251319885,1.2035657167434692,1.1542589664459229,1.500836730003357,1.481263518333435,1.5323233604431152,1.5241347551345825,1.6161599159240723,1.5912377834320068
0.3739423116048177,0.3859784126281738,0.3971548080444336,0.3988742510477702,0.4023131370544434,0.383399232228597,0.3902770360310872,0.395435365041097,0.3988742510477702,0.3756617546081543,0.383399232228597,0.3911367416381835,0.3971548080444336,0.3705034255981445,0.3782409032185872,0.3859784126281738,0.3919964790344238,0.3679242451985677,0.3730825742085775,0.3791006406148274,0.3842589696248372,0.8198045518663194,0.8396736992730035,0.8625996342411748,0.8916391443323206,0.9160935013382524,0.8946959318938079,0.9222070764612268,0.9359625922309028,0.946661376953125,0.8977527194552951,0.926792229546441,0.9374910142686632,0.946661376953125,0.8977527194552951,0.9222070764612268,0.9298490171079282,0.9374910142686632,0.8946959318938079,0.9130367137767652,0.9191502888997396,0.925263864022714,0.5888729095458984,0.5785561879475911,0.5682395299275717,0.5665201187133789,0.5639409383138021,0.5837145487467448,0.5785561879475911,0.5733978907267253,0.5682395299275717,0.5914520263671875,0.5854340235392252,0.5776964823404948,0.5708187103271485,0.5948909123738607,0.5880131403605143,0.5802756627400716,0.5742575963338216,0.5957506815592448,0.5905923207600912,0.5845742543538411,0.5785561879475911,0.8152193987811053,0.8350885461877894,0.8595428466796875,0.8885823567708333,0.9130367137767652,0.8901107788085938,0.9191502888997396,0.9359625922309028,0.9497182210286458,0.893167566370081,0.9222070764612268,0.9359625922309028,0.946661376953125,0.893167566370081,0.9176218668619792,0.9283206515842014,0.9374910142686632,0.8901107788085938,0.9084515041775174,0.9176218668619792,0.9237354419849536,0.4780246317386627,0.49041369557380676,0.49751949310302734,0.5020917057991028,0.46905380487442017,0.4629254937171936,0.45704716444015503,0.511918842792511,0.4486684501171112,0.49175992608070374,0.46573445200920105,0.564727783203125,0.40368667244911194,0.5878992080688477,0.3791923522949219,0.5909605026245117,0.37884050607681274,0.5935317277908325,0.3759216368198395,0.5804641246795654,0.3886871039867401,0.575750470161438,0.39609721302986145,0.5359051823616028,0.4353695511817932,0.5386512875556946,0.426425039768219,0.5265918374061584,0.4225398302078247,0.5277779698371887,0.4221300780773163,0.502801775932312,0.4357733726501465,0.19755472242832184,0.17587265372276306,0.1775498241186142,0.17906424403190613,0.1737843155860901,0.17443989217281342,0.17501933872699738,0.19822216033935547,0.19306603074073792,0.23123227059841156,0.2287282645702362,0.37957191467285156,0.38295167684555054,0.6097449064254761,0.6119336485862732,0.8108907341957092,0.8186443448066711,0.8789451122283936,0.8840991854667664,0.880664050579071,0.8803726434707642,0.8601714968681335,0.8577280640602112,0.858951985836029,0.8634389638900757,1.201981544494629,1.153779149055481,1.498450756072998,1.481662392616272,1.5298700332641602,1.5243138074874878,1.613735556602478,1.5931766033172607
0.3738837877909342,0.3859200477600097,0.397096570332845,0.3988160133361816,0.4031147003173828,0.383340835571289,0.390218702952067,0.3953770955403646,0.3988160133361816,0.3756032307942708,0.383340835571289,0.3910784403483073,0.397096570332845,0.3704448382059733,0.3781824429829915,0.3859200477600097,0.3919381777445475,0.3678656578063964,0.373024050394694,0.3790421803792317,0.383340835571289,0.8197359438295717,0.8396053172923901,0.8640599568684896,0.8915713840060764,0.916026023582176,0.8946282280815973,0.922139655219184,0.9358953970449942,0.9465942947952836,0.8992134941948785,0.9267249213324652,0.9374238190827546,0.9465942947952836,0.8992134941948785,0.922139655219184,0.931310130931713,0.9374238190827546,0.8961566501193576,0.9129691795066552,0.9206112896954572,0.9251964992947048,0.5888169606526693,0.5785001754760742,0.5681833902994792,0.5664639155069987,0.5630249659220378,0.5836585998535156,0.5785001754760742,0.5733417510986328,0.5681833902994792,0.5913961410522461,0.584518305460612,0.5767807006835938,0.5699028650919596,0.5939753850301107,0.587957255045573,0.5802196502685547,0.5733417510986328,0.5956948598225912,0.5905364354451498,0.584518305460612,0.5785001754760742,0.815150734230324,0.8350201076931424,0.8594746907552083,0.8885145964445891,0.9129691795066552,0.890042961968316,0.9190828676576968,0.9358953970449942,0.9496510823567708,0.8930998060438368,0.922139655219184,0.9358953970449942,0.948122716833044,0.8930998060438368,0.9175544456199364,0.9282533433702256,0.9374238190827546,0.890042961968316,0.9083839699074074,0.9175544456199364,0.9251964992947048,0.47787195444107056,0.4904078245162964,0.49757349491119385,0.5020920634269714,0.4690556526184082,0.46292561292648315,0.45701876282691956,0.5118562579154968,0.4486950933933258,0.4916565716266632,0.4657287001609802,0.5646277070045471,0.4037115275859833,0.5878928899765015,0.37920239567756653,0.5908742547035217,0.37884172797203064,0.593305230140686,0.3759240210056305,0.5802485346794128,0.38868242502212524,0.5756789445877075,0.3961377441883087,0.5354967713356018,0.4353502690792084,0.5385533571243286,0.4265711009502411,0.5261726975440979,0.4226478934288025,0.5271588563919067,0.4222944974899292,0.5027999877929688,0.43586698174476624,0.19786791503429413,0.17625704407691956,0.17777089774608612,0.1791749745607376,0.1743638515472412,0.17490480840206146,0.17538248002529144,0.1983131617307663,0.19309164583683014,0.23125430941581726,0.2286623865365982,0.37958502769470215,0.3828173875808716,0.6096407771110535,0.6112544536590576,0.8109010457992554,0.8185358643531799,0.8789151310920715,0.8839471340179443,0.8804388642311096,0.8803439736366272,0.8598684072494507,0.8577741384506226,0.8586474657058716,0.8628188967704773,1.2014822959899902,1.1534318923950195,1.4997178316116333,1.4812357425689697,1.5315724611282349,1.5238313674926758,1.6154342889785767,1.5929218530654907
0.3739013989766439,0.385938294728597,0.3971153895060221,0.3988349596659342,0.4031338373819987,0.3833589553833008,0.3902371724446614,0.3953958511352539,0.3988349596659342,0.375620969136556,0.3833589553833008,0.3902371724446614,0.396255620320638,0.3704622904459635,0.3782003084818522,0.3850785255432128,0.3910969416300455,0.3678829511006673,0.3730416297912597,0.3790600776672363,0.3833589553833008,0.8196186206958912,0.8394890679253473,0.8639449508101852,0.8929863258644387,0.9159137301974828,0.8960432829680266,0.923556179470486,0.9357841209129052,0.948012062355324,0.8991002965856482,0.9266131930881076,0.9388411345305266,0.948012062355324,0.8991002965856482,0.923556179470486,0.9311986287434896,0.9388411345305266,0.8960432829680266,0.9143852516456886,0.922027700918692,0.9266131930881076,0.5888458251953125,0.5785284678141276,0.5682111104329427,0.5664915720621745,0.5630524953206381,0.5836871465047201,0.5785284678141276,0.5725100199381511,0.5682111104329427,0.5914251327514648,0.5845469156901042,0.5768089294433594,0.5699307123819987,0.5940044403076172,0.5879859924316406,0.5802480061848958,0.5733697891235352,0.5957240422566732,0.5905653635660807,0.5845469156901042,0.5785284678141276,0.8135046499746817,0.8349035757559317,0.8593594586407697,0.8884008336950231,0.9128567165798612,0.8914578473126447,0.9204992223668982,0.9357841209129052,0.949540540907118,0.8929863258644387,0.922027700918692,0.937312599464699,0.948012062355324,0.8929863258644387,0.9174422087492766,0.9296701501916956,0.937312599464699,0.8899293122468172,0.9082712244104456,0.9174422087492766,0.92508465802228,0.4777364134788513,0.4904106855392456,0.4976314306259155,0.5020942091941833,0.4690566956996918,0.46292147040367126,0.456981360912323,0.5118275880813599,0.4487248957157135,0.4915407598018646,0.46572214365005493,0.5645704865455627,0.4037361443042755,0.5878815054893494,0.3792230784893036,0.5908139944076538,0.37884265184402466,0.5931142568588257,0.37593933939933777,0.5801586508750916,0.3887009918689728,0.575665295124054,0.39622625708580017,0.5351977944374084,0.43534258008003235,0.5380235314369202,0.4264918863773346,0.5252636075019836,0.4222416877746582,0.52626633644104,0.42222729325294495,0.5017493963241577,0.434876948595047,0.19814465939998627,0.17654988169670105,0.17793379724025726,0.1792570948600769,0.17479664087295532,0.1752554178237915,0.1756473034620285,0.19838033616542816,0.19309867918491364,0.23129110038280487,0.22862693667411804,0.37958481907844543,0.38274499773979187,0.6094551086425781,0.6109015941619873,0.8109099864959717,0.8184995651245117,0.8789176940917969,0.883932888507843,0.8803556561470032,0.8803398013114929,0.8597151637077332,0.8578692674636841,0.8584230542182922,0.8624065518379211,1.2011218070983887,1.1533820629119873,1.4991534948349,1.4815690517425537,1.5311224460601807,1.5245743989944458,1.6141493320465088,1.5934326648712158
0.3738979657491048,0.3859366099039713,0.3971153577168783,0.3988351504007975,0.4031346638997395,0.3833568890889485,0.3902361234029134,0.3953955332438151,0.3988351504007975,0.3756177584330241,0.3833568890889485,0.3902361234029134,0.3962554613749186,0.3704583485921224,0.3781974792480468,0.3859366099039713,0.391096019744873,0.3678786277770996,0.3730380376180013,0.3790573755900065,0.3842167854309082,0.8196494773582176,0.8395228068033854,0.863982250072338,0.8930279201931424,0.9159586588541668,0.8960853294089989,0.9236022384078414,0.9358319882993344,0.9480617381908276,0.8991427951388888,0.9266597041377316,0.9388894540292244,0.9480617381908276,0.8991427951388888,0.9236022384078414,0.9312458179615162,0.9388894540292244,0.8960853294089989,0.9144299542462384,0.9220735337999132,0.9266597041377316,0.5888738632202148,0.577695083618164,0.5682361602783204,0.5656564712524415,0.5630767822265625,0.5828545252482097,0.5785550435384115,0.5725357055664062,0.5682361602783204,0.5914535522460938,0.5845743179321289,0.5768351872762044,0.5699559529622396,0.5940333048502604,0.5880139668782552,0.5802748362223308,0.5733956019083659,0.5957530975341797,0.5897337595621744,0.5845743179321289,0.5785550435384115,0.8135346024124711,0.8349366364655672,0.8593961362485533,0.8884417498553241,0.9129012496383102,0.8914992155852142,0.920544829191985,0.9358319882993344,0.9495904993127894,0.8930279201931424,0.9220735337999132,0.9373606929072628,0.9480617381908276,0.8930279201931424,0.9174873634620948,0.929717113353588,0.9388894540292244,0.8899704544632523,0.908315079300492,0.9174873634620948,0.9251309995298032,0.47768327593803406,0.49042317271232605,0.497690349817276,0.5021018385887146,0.46905818581581116,0.4629124402999878,0.45692506432533264,0.5118076205253601,0.4487347900867462,0.4915120303630829,0.46571651101112366,0.5645349621772766,0.40375715494155884,0.5878664255142212,0.37922394275665283,0.5907534956932068,0.3788541555404663,0.5930529832839966,0.3759816288948059,0.5801152586936951,0.3887368142604828,0.5756567716598511,0.3963214159011841,0.5351061224937439,0.43536463379859924,0.5375274419784546,0.4264715611934662,0.5253087878227234,0.42165514826774597,0.5263069272041321,0.4215630888938904,0.5025802850723267,0.43490493297576904,0.19829052686691284,0.17665991187095642,0.17799846827983856,0.17928466200828552,0.17495009303092957,0.17539440095424652,0.17577241361141205,0.19839581847190857,0.19310502707958221,0.23132051527500153,0.2286134511232376,0.3795708417892456,0.3827126622200012,0.6093484163284302,0.6106635332107544,0.8109146356582642,0.8184554576873779,0.8786293268203735,0.8839221000671387,0.8797606825828552,0.8803349137306213,0.8592285513877869,0.857878565788269,0.8581833243370056,0.8621001243591309,1.2012823820114136,1.1536275148391724,1.4997062683105469,1.4844285249710083,1.5320775508880615,1.5275425910949707,1.6137840747833252,1.5967317819595337
0.3738831837972005,0.3859202067057292,0.3970973968505859,0.398816967010498,0.4031159083048503,0.383340835571289,0.3902191162109375,0.3953778266906738,0.398816967010498,0.3756027539571126,0.383340835571289,0.3902191162109375,0.3962376276652018,0.3704440434773763,0.3781821250915527,0.3850604057312011,0.3910789171854655,0.36786470413208,0.3730234146118164,0.3790418942769368,0.384200636545817,0.819749676739728,0.8396202935112848,0.8640764589662905,0.8931180600766783,0.9160456904658564,0.8946465951425058,0.9221597177010996,0.9359163072374131,0.9481443617078992,0.8992321438259548,0.9267452663845486,0.9374448423032408,0.9481443617078992,0.8992321438259548,0.9221597177010996,0.9313308150679976,0.9374448423032408,0.8961751302083333,0.9145172119140624,0.9206312391493056,0.9267452663845486,0.5888296127319336,0.5776524225870768,0.5681947708129883,0.5656153996785481,0.5630360285441081,0.5828111012776692,0.5785121917724609,0.5724936803181966,0.5681947708129883,0.5914089838663737,0.5845307032267253,0.5767926534016927,0.5699143727620443,0.5939883550008138,0.5879698435465495,0.5802317937215169,0.5733535130818684,0.595707893371582,0.5905492146809895,0.5845307032267253,0.5785121917724609,0.8151641845703125,0.8350348013418692,0.8594909102828414,0.8885325679072628,0.9129886768482348,0.8900610464590567,0.9206312391493056,0.9359163072374131,0.9496728967737268,0.8931180600766783,0.9221597177010996,0.9374448423032408,0.9481443617078992,0.8931180600766783,0.917574225531684,0.92980228000217,0.9389733208550348,0.8900610464590567,0.9084031846788194,0.917574225531684,0.9252167313187212,0.47763675451278687,0.4904215633869171,0.497721791267395,0.5021034479141235,0.46905437111854553,0.46290138363838196,0.4568732678890228,0.5117528438568115,0.44874629378318787,0.49149438738822937,0.46571722626686096,0.5644760727882385,0.403795063495636,0.5878623723983765,0.3792050778865814,0.5906314253807068,0.37884700298309326,0.5928677320480347,0.37598270177841187,0.5800608992576599,0.38874685764312744,0.5756445527076721,0.3963852822780609,0.534822404384613,0.43524253368377686,0.5371928811073303,0.4264388978481293,0.5253547430038452,0.4217938482761383,0.5265229940414429,0.4217776656150818,0.5028665661811829,0.4349606931209564,0.19859376549720764,0.17678828537464142,0.17805194854736328,0.17929662764072418,0.17523790895938873,0.1756538599729538,0.17600131034851074,0.1983957439661026,0.1931154429912567,0.2313612997531891,0.2286122590303421,0.37951475381851196,0.3825477957725525,0.6090835928916931,0.6105766296386719,0.8109422326087952,0.8184525370597839,0.8786376714706421,0.8839195370674133,0.8797351717948914,0.8803432583808899,0.8591840863227844,0.8579853177070618,0.8580154180526733,0.8618859052658081,1.2013020515441895,1.1540768146514893,1.4990935325622559,1.4848034381866455,1.5312098264694214,1.5273208618164062,1.6132056713104248,1.5977376699447632
0.37388703028361,0.3859249432881673,0.3962431907653808,0.3988227526346842,0.4022621472676595,0.3833453814188639,0.3902242024739583,0.3945234934488932,0.3988227526346842,0.3747468630472819,0.3833453814188639,0.3902242024739583,0.3962431907653808,0.3704476038614909,0.378186289469401,0.3850651105244954,0.391084067026774,0.3678680419921875,0.3730271657307942,0.378186289469401,0.3833453814188639,0.8197365089699075,0.8396086516203703,0.8625380904586227,0.8931106002242477,0.9160399825484664,0.8946392483181423,0.9221545184100116,0.9359121251989294,0.948141140407986,0.8992251360857928,0.926740406177662,0.937440773292824,0.948141140407986,0.8992251360857928,0.9236831665039062,0.9313262939453124,0.937440773292824,0.8961678398980035,0.9145113909686052,0.9221545184100116,0.926740406177662,0.5888501485188802,0.5776720682779948,0.5682136535644531,0.5656340916951498,0.5630545934041341,0.5828311920166016,0.5776720682779948,0.5725129445393881,0.5673538208007812,0.5914297103881836,0.5845508575439453,0.5768121719360352,0.5699333826700846,0.594009272257487,0.5879902521769206,0.5802516301472982,0.5733727773030599,0.5957289377848307,0.590569814046224,0.5845508575439453,0.5785319010416666,0.8136220296223958,0.8350228203667535,0.8594807942708333,0.8885247124565973,0.9129827428747106,0.8915820086443865,0.9206258703161168,0.9359121251989294,0.9496698450159144,0.8931106002242477,0.9221545184100116,0.937440773292824,0.948141140407986,0.8931106002242477,0.9175686306423612,0.9297976458514178,0.9389694213867188,0.8900533605504919,0.90839685510706,0.9175686306423612,0.9252117580837672,0.47760629653930664,0.49041929841041565,0.4977402091026306,0.5021049976348877,0.4690507650375366,0.4628957211971283,0.4568386971950531,0.5116416215896606,0.4487512409687042,0.49147650599479675,0.4657291769981384,0.5644169449806213,0.4037993550300598,0.587853729724884,0.37924009561538696,0.5905166864395142,0.3788493573665619,0.5926777720451355,0.37600287795066833,0.5799839496612549,0.3887504041194916,0.575622022151947,0.3964172303676605,0.5346724390983582,0.43521347641944885,0.5370227098464966,0.42612549662590027,0.5254567265510559,0.4215547740459442,0.5268116593360901,0.42163485288619995,0.5013431310653687,0.4343735873699188,0.19896212220191956,0.17692415416240692,0.17810307443141937,0.1793082356452942,0.17556126415729523,0.17595601081848145,0.17627577483654022,0.19839651882648468,0.19314929842948914,0.23144713044166565,0.2287060022354126,0.37952184677124023,0.3825404942035675,0.6090686917304993,0.6105766296386719,0.8110846877098083,0.8184501528739929,0.8787150979042053,0.8839166164398193,0.8797392845153809,0.8803478479385376,0.8591826558113098,0.8580543398857117,0.8582169413566589,0.861753523349762,1.201741337776184,1.1539345979690552,1.4998078346252441,1.4852522611618042,1.5317449569702148,1.5280189514160156,1.6140168905258179,1.5977410078048706
0.3739236195882161,0.3859591801961263,0.3962753613789876,0.3988544146219889,0.4022931416829427,0.383380126953125,0.38939790725708,0.3945559819539388,0.3988544146219889,0.3747833251953125,0.3825204531351725,0.3902575810750325,0.3962753613789876,0.3704848925272623,0.3773623466491699,0.3850995063781738,0.391117254892985,0.3679058710734049,0.3730639457702637,0.3782220522562662,0.383380126953125,0.8197241889105903,0.8395923755787037,0.8625172367802373,0.8930836995442708,0.9160085607458044,0.8946120085539642,0.9221218532986112,0.9358767474139178,0.9481033325195312,0.8991969920970776,0.9267068368417244,0.9374050564236112,0.9481033325195312,0.8976686830873842,0.9221218532986112,0.9312917638708044,0.938933421947338,0.896140374077691,0.9144802517361112,0.9205935442889178,0.9267068368417244,0.5888440450032552,0.5776681900024414,0.5682116826375325,0.5656326293945313,0.56305357615153,0.582826296488444,0.5776681900024414,0.5725100835164388,0.5673519770304362,0.5905633926391601,0.584545644124349,0.576808484395345,0.5699310302734375,0.5940021514892578,0.5879843393961589,0.5802472432454427,0.5733697891235352,0.5957214991251628,0.5905633926391601,0.584545644124349,0.5785278956095378,0.8151392618815104,0.8350074485496238,0.8594606187608507,0.8884987160011574,0.9129518862123842,0.8915553905345776,0.9205935442889178,0.9374050564236112,0.9496316415292244,0.8930836995442708,0.9236501623083044,0.9374050564236112,0.9481033325195312,0.8930836995442708,0.919065178765191,0.9297634548611112,0.938933421947338,0.8900270815248843,0.9083669591833043,0.919065178765191,0.9251784713179976,0.47758400440216064,0.4904171824455261,0.4977606236934662,0.5021094083786011,0.4690469801425934,0.4628908932209015,0.45680859684944153,0.5115973949432373,0.44875624775886536,0.49146974086761475,0.46573126316070557,0.5643986463546753,0.4038037955760956,0.5878504514694214,0.37925511598587036,0.5903781056404114,0.37884387373924255,0.5924379229545593,0.3760059177875519,0.5799201726913452,0.3887519836425781,0.5756097435951233,0.396432489156723,0.534450113773346,0.4351675808429718,0.536668598651886,0.426224023103714,0.5255584716796875,0.4216521978378296,0.5269967317581177,0.42174020409584045,0.5013812184333801,0.4353514313697815,0.19928407669067383,0.17700760066509247,0.1781395673751831,0.1793217808008194,0.17574509978294373,0.1761241853237152,0.17643284797668457,0.1984024941921234,0.1931689828634262,0.23160898685455322,0.22886411845684052,0.37954679131507874,0.3825341761112213,0.6090743541717529,0.6105772852897644,0.811280369758606,0.8183581233024597,0.8789225220680237,0.8838539123535156,0.8798735737800598,0.8802985548973083,0.859250009059906,0.858052134513855,0.8582626581192017,0.861599326133728,1.2019282579421997,1.1538423299789429,1.499305248260498,1.485637903213501,1.5312389135360718,1.5284647941589355,1.6131983995437622,1.598267912864685
0.3739202499389648,0.3859564145406087,0.396273136138916,0.3988523165384928,0.4022912343343099,0.3833772341410319,0.3893953323364257,0.3945536931355794,0.3988523165384928,0.3747799555460612,0.3833772341410319,0.390255069732666,0.396273136138916,0.3704813321431477,0.3782188733418782,0.3850967089335124,0.3911147753397623,0.3679021517435709,0.3730605125427246,0.3790786107381185,0.3842369715372721,0.819730857566551,0.8396001180013021,0.8640545880353009,0.8930942676685475,0.916020315664786,0.8946226897063079,0.9236623693395544,0.935889576099537,0.9481168393735532,0.8992078993055556,0.9267191569010416,0.938946420175058,0.9481168393735532,0.8992078993055556,0.9236623693395544,0.9313043665002894,0.938946420175058,0.8976794772677952,0.914491950141059,0.922133947301794,0.9267191569010416,0.5879923502604166,0.5776756286621094,0.5682186126708985,0.5656394322713216,0.5630602518717448,0.582833989461263,0.5776756286621094,0.5725172678629558,0.5673589070638021,0.5905715306599935,0.5845534006754557,0.5768158594767253,0.5699380874633789,0.5940104166666667,0.5879923502604166,0.5802548090616862,0.5733769734700521,0.5957298914591471,0.5897117614746094,0.5845534006754557,0.5785353342692058,0.8151456479673033,0.8350149084020544,0.8594693784360532,0.8885090580692998,0.9129635281032986,0.891565845630787,0.9206055252640336,0.9374179981372974,0.94964520489728,0.8946226897063079,0.9236623693395544,0.9374179981372974,0.9481168393735532,0.8930942676685475,0.9190771597403068,0.929775944462529,0.9374179981372974,0.8900374801070602,0.9083783185040508,0.9190771597403068,0.9251907348632812,0.47756847739219666,0.490415096282959,0.4977758824825287,0.5021109580993652,0.4690435826778412,0.46288901567459106,0.4567898213863373,0.5115081667900085,0.4487689435482025,0.49145713448524475,0.4657330811023712,0.5643859505653381,0.40380704402923584,0.5878464579582214,0.37927529215812683,0.5902808904647827,0.37884804606437683,0.5922888517379761,0.37601438164711,0.5799052119255066,0.38876035809516907,0.5756053328514099,0.39647775888442993,0.5342499017715454,0.4350546896457672,0.5366244912147522,0.4260590970516205,0.5255924463272095,0.4214823544025421,0.5270758271217346,0.42124706506729126,0.501743733882904,0.43567612767219543,0.19958770275115967,0.17708197236061096,0.17816975712776184,0.17933093011379242,0.1759399026632309,0.1763274222612381,0.1766563057899475,0.1984068900346756,0.1932392567396164,0.2317577302455902,0.2290220707654953,0.3795640170574188,0.38252782821655273,0.6090339422225952,0.6105747818946838,0.8114036917686462,0.8182737827301025,0.8790029287338257,0.8838040232658386,0.8799882531166077,0.8802779316902161,0.859341025352478,0.8580552935600281,0.8582160472869873,0.8613941073417664,1.2018450498580933,1.1537836790084839,1.498756766319275,1.4856939315795898,1.5306854248046875,1.5283353328704834,1.612656593322754,1.5990521907806396
0.3737396558125814,0.385774008433024,0.3969487508138021,0.3986679395039876,0.4021063168843587,0.3831952095031738,0.3892123858133952,0.3943699518839518,0.3986679395039876,0.3745992660522461,0.3831952095031738,0.3900719960530599,0.3960891405741373,0.3703012784322103,0.3771780331929524,0.3849143981933594,0.3909315745035807,0.36772247950236,0.3728800773620605,0.378897221883138,0.3840548197428385,0.8182345354998554,0.8396289401584202,0.8640796802662037,0.8931148952907986,0.916037439416956,0.8961712307400174,0.9236783062970196,0.9359036480938948,0.9466008504231772,0.8992275661892362,0.9267346417462384,0.9389599835431134,0.9481290464048032,0.8992275661892362,0.9236783062970196,0.932847312644676,0.9389599835431134,0.8961712307400174,0.9145092999493636,0.9221501103153936,0.9267346417462384,0.5877789815266927,0.5774638493855794,0.568008295694987,0.5662891387939453,0.5628507614135743,0.58262144724528,0.5774638493855794,0.5723063151041666,0.5671487172444661,0.5912174224853516,0.5843406041463216,0.5766042709350586,0.5697275161743164,0.5937961578369141,0.5877789815266927,0.5800426483154297,0.5731658935546875,0.5955153783162435,0.5894982020060221,0.5843406041463216,0.5783234278361002,0.8151782000506366,0.8365726047092014,0.861023344816985,0.8885303638599537,0.9129811039677372,0.891586755823206,0.920621970847801,0.9374318440755208,0.9496571858723958,0.8946430912724248,0.9236783062970196,0.9374318440755208,0.9481290464048032,0.8931148952907986,0.9190937748661748,0.9297909771954572,0.9374318440755208,0.891586755823206,0.908396629050926,0.9190937748661748,0.925206502278646,0.47755134105682373,0.49041640758514404,0.497802734375,0.5021174550056458,0.4690419137477875,0.4628865122795105,0.45676741003990173,0.5114906430244446,0.4487738609313965,0.491450697183609,0.4657372236251831,0.5643457174301147,0.40380534529685974,0.587842583656311,0.37929248809814453,0.5902009606361389,0.3788496255874634,0.5921693444252014,0.37602534890174866,0.5798625946044922,0.3887629508972168,0.5755912065505981,0.3964957892894745,0.5341848134994507,0.435029000043869,0.5366071462631226,0.42657604813575745,0.5256770253181458,0.421529620885849,0.5272115468978882,0.4207702577114105,0.5021641254425049,0.4376577138900757,0.19969916343688965,0.17714062333106995,0.1782030612230301,0.179346963763237,0.176021546125412,0.17639756202697754,0.1767144352197647,0.19843776524066925,0.1932567059993744,0.23185479640960693,0.2290688008069992,0.37957751750946045,0.38249245285987854,0.608964204788208,0.6105596423149109,0.8114128112792969,0.8182533383369446,0.879000723361969,0.8837874531745911,0.8799919486045837,0.8802915811538696,0.8593414425849915,0.858149528503418,0.8581657409667969,0.8613579273223877,1.200723648071289,1.1530426740646362,1.498617172241211,1.4854211807250977,1.5305908918380737,1.5280380249023438,1.61226224899292,1.5991225242614746
0.3735494295756022,0.3855842590332031,0.3967594464619954,0.3984787305196126,0.4019172350565592,0.3830053647359212,0.3898824055989583,0.3950401941935221,0.3984787305196126,0.3752686818440755,0.3830053647359212,0.3907420476277669,0.3967594464619954,0.3701108932495117,0.3778475761413574,0.3855842590332031,0.3916016578674316,0.3675319989522298,0.3735494295756022,0.378707218170166,0.3838649749755859,0.81981201171875,0.8396790115921585,0.8641307689525463,0.893167170771846,0.916090675636574,0.8962236757631655,0.9237318816008392,0.9359577320240162,0.9466553864655672,0.8992801242404513,0.926788330078125,0.939014180501302,0.9481836389612268,0.8992801242404513,0.9237318816008392,0.9329012835467304,0.939014180501302,0.8962236757631655,0.914562479654948,0.9222036291051794,0.9283165825737848,0.5884572347005208,0.5772820154825846,0.5678260803222657,0.5661067962646484,0.5626682917277018,0.5824398040771485,0.5772820154825846,0.5721242268880208,0.566966438293457,0.5901764551798503,0.5841590881347656,0.576422373453776,0.569545300801595,0.5936150232950846,0.5867379506429037,0.5790012995402019,0.5729838689168294,0.595334243774414,0.5893168767293294,0.5832994461059571,0.5772820154825846,0.8152273107458043,0.8350943106192129,0.8595460679796006,0.8901107222945602,0.9130342271592882,0.8916389747902199,0.9206753766095196,0.937485984519676,0.9497117784288196,0.8946954232675058,0.9237318816008392,0.937485984519676,0.9481836389612268,0.893167170771846,0.9191471806278936,0.9298447785554108,0.937485984519676,0.8916389747902199,0.9099777786820024,0.9191471806278936,0.9252600775824652,0.4775002896785736,0.49041488766670227,0.4978167712688446,0.502119779586792,0.4690304696559906,0.4628719985485077,0.4567200541496277,0.5114519000053406,0.44877952337265015,0.4914146959781647,0.46573153138160706,0.5642921924591064,0.4038081169128418,0.5878356695175171,0.3793167471885681,0.5901504755020142,0.37884721159935,0.5921043157577515,0.3760329484939575,0.5798570513725281,0.3887680768966675,0.5755876302719116,0.3965115547180176,0.5341034531593323,0.4349961578845978,0.5366049408912659,0.42658454179763794,0.5258713960647583,0.42151573300361633,0.5273987650871277,0.4207530617713928,0.5025362968444824,0.43758681416511536,0.19971641898155212,0.17714941501617432,0.178213968873024,0.1793539822101593,0.1760411411523819,0.1764102429151535,0.17672359943389893,0.19843675196170807,0.19326595962047577,0.23187896609306335,0.22906120121479034,0.37958207726478577,0.38245898485183716,0.6089473366737366,0.6105592846870422,0.8114240765571594,0.8182514309883118,0.8789958953857422,0.883797287940979,0.8799668550491333,0.8803483247756958,0.8592767119407654,0.8582875728607178,0.8581274151802063,0.8613101243972778,1.20072340965271,1.152970790863037,1.4989537000656128,1.4851559400558472,1.5310730934143066,1.527768850326538,1.6128325462341309,1.598633885383606
0.3741983731587728,0.3853728294372558,0.3965472857157389,0.3991260210673014,0.4025643030802409,0.3827941258748372,0.38967072168986,0.3948281606038411,0.3991260210673014,0.3750579516092936,0.3827941258748372,0.390530268351237,0.3965472857157389,0.3707600911458333,0.3776366869608561,0.3853728294372558,0.3913898468017578,0.3681813557942708,0.3733388264973958,0.3793558120727539,0.3845132827758789,0.818310546875,0.8397043863932292,0.8641544483326099,0.8931889286747685,0.9161109076605902,0.8962452076099537,0.9237515484845196,0.9359766077112268,0.9466735274703414,0.8993014865451389,0.9268078274197048,0.9375047471788196,0.9466735274703414,0.8993014865451389,0.9237515484845196,0.931392189308449,0.939032886646412,0.8962452076099537,0.9145827681929976,0.9222234090169272,0.9268078274197048,0.5882322311401367,0.5779173533121745,0.5676024754842123,0.5658833185831705,0.563304583231608,0.5822151819864909,0.5779173533121745,0.5719003041585287,0.5676024754842123,0.5908109029134114,0.5839343388875325,0.5761981964111328,0.5693215688069662,0.5933896382649739,0.5873726526896159,0.5796364466349284,0.5727598826090495,0.5951087951660157,0.5899513880411784,0.5839343388875325,0.5779173533121745,0.8152542679398148,0.8351199679904514,0.8595700864438658,0.8886045667860243,0.9130546287254052,0.891660789207176,0.920695326063368,0.9375047471788196,0.9497297498914932,0.8931889286747685,0.9237515484845196,0.9375047471788196,0.9482016104239004,0.8931889286747685,0.9191671865957756,0.92986410635489,0.9375047471788196,0.8901327062536168,0.9084702668366608,0.9176390471281828,0.9252796879521122,0.4774668514728546,0.4904199540615082,0.4978427290916443,0.5021305680274963,0.46902763843536377,0.4628642499446869,0.45668986439704895,0.5114413499832153,0.44878435134887695,0.49139541387557983,0.46571385860443115,0.5642431378364563,0.40380820631980896,0.587807297706604,0.37931886315345764,0.5900943279266357,0.37884631752967834,0.5920565128326416,0.37603655457496643,0.5798397064208984,0.3887708783149719,0.5755842924118042,0.39652448892593384,0.5340530872344971,0.43497607111930847,0.5365251302719116,0.4265875220298767,0.5259116888046265,0.42132729291915894,0.5275581479072571,0.4205222725868225,0.5025885701179504,0.4374723732471466,0.19972729682922363,0.17715969681739807,0.17822405695915222,0.1793629676103592,0.1760486513376236,0.17642030119895935,0.17673295736312866,0.1984815001487732,0.19327367842197418,0.23190949857234955,0.22905844449996948,0.3796156048774719,0.38242626190185547,0.6089467406272888,0.6105726361274719,0.8114205598831177,0.8182485103607178,0.8789293766021729,0.8837938904762268,0.8798683285713196,0.8803675174713135,0.859096348285675,0.8583551645278931,0.8579468131065369,0.8611462712287903,1.2006571292877197,1.152916431427002,1.4988735914230347,1.4851627349853516,1.5310156345367432,1.527762532234192,1.6124240159988403,1.5986086130142212
0.3741168975830078,0.3852909723917643,0.3964650472005208,0.3990436871846517,0.4024818738301595,0.3827123641967773,0.389588705698649,0.3947459856669108,0.3990436871846517,0.3749764442443847,0.3827123641967773,0.390448252360026,0.3964650472005208,0.3706787427266438,0.3775550842285156,0.3861505190531413,0.3921673456827799,0.368100102742513,0.3732573509216308,0.3792741775512695,0.3844314257303873,0.8182694046585648,0.8396625094943576,0.8641117802372685,0.8931452998408564,0.9160664311161748,0.896201409233941,0.92370684588397,0.935931509512442,0.9466280336733216,0.899257575141059,0.926763011791088,0.9374595359519676,0.9481560601128473,0.899257575141059,0.92370684588397,0.9313472606517652,0.9389876189055266,0.896201409233941,0.9145384046766492,0.9221787629304108,0.926763011791088,0.5881434758504231,0.5778289159138997,0.5675143559773763,0.5657952626546224,0.5623571395874023,0.5821266174316406,0.5769694010416667,0.571812121073405,0.5666548411051432,0.5898625055948893,0.5838457107543945,0.5761098225911458,0.5692334493001302,0.5933006922403972,0.5872838973999024,0.5795480092366536,0.572671635945638,0.595019785563151,0.5898625055948893,0.5838457107543945,0.5778289159138997,0.8152132387514468,0.8350782606336805,0.8595275313765914,0.8885610509801793,0.9130103217230904,0.8916172168872974,0.920650679976852,0.9374595359519676,0.9496841995804398,0.8931452998408564,0.92370684588397,0.9374595359519676,0.9481560601128473,0.8931452998408564,0.9175945140697338,0.929819177698206,0.9374595359519676,0.8900891339337385,0.9084260728624132,0.9175945140697338,0.9252349288375288,0.4774494469165802,0.4904284179210663,0.4978747069835663,0.5021485090255737,0.4690268933773041,0.46285632252693176,0.45665639638900757,0.5114363431930542,0.4487893283367157,0.4913872182369232,0.46570709347724915,0.564207136631012,0.4037993848323822,0.5877853631973267,0.3793211281299591,0.5900251269340515,0.3788524270057678,0.5919968485832214,0.3760552406311035,0.5798123478889465,0.3887827694416046,0.5755813717842102,0.39656466245651245,0.5340085625648499,0.4349726438522339,0.5365254878997803,0.4263695478439331,0.5259347558021545,0.4211408495903015,0.5276086330413818,0.4204966723918915,0.5026304721832275,0.43685346841812134,0.19974492490291595,0.1771666705608368,0.17823290824890137,0.17937305569648743,0.17605529725551605,0.17642898857593536,0.17674106359481812,0.19854654371738434,0.19327950477600098,0.2319803535938263,0.22906999289989471,0.37970438599586487,0.3824080228805542,0.6089480519294739,0.6105788350105286,0.8114023804664612,0.8182128667831421,0.8786349892616272,0.8837316036224365,0.8794132471084595,0.8803550601005554,0.8586133122444153,0.8583647608757019,0.8579274415969849,0.8610870838165283,1.2007567882537842,1.153106689453125,1.4988343715667725,1.4854161739349365,1.531062126159668,1.5279189348220825,1.6122090816497803,1.5988789796829224
0.3740883827209472,0.3852620124816894,0.3964356422424316,0.3990141868591308,0.4024522145589193,0.3826834996541341,0.3895595550537109,0.3947166442871094,0.3990141868591308,0.3749478975931803,0.3826834996541341,0.390419069925944,0.3964356422424316,0.3706503550211588,0.3775264422098796,0.3852620124816894,0.3921380996704101,0.3680718104044596,0.3732288678487142,0.3792454401652018,0.3844024976094564,0.8182793511284723,0.8396716082537615,0.8641199182581019,0.8931522510669849,0.9160725346317996,0.8962083039460359,0.9237126103153936,0.9359367653175636,0.9466328938802084,0.8992643003110532,0.9267686631944444,0.9389927616825812,0.9481609203197338,0.8992643003110532,0.9237126103153936,0.9328807124385128,0.9389927616825812,0.8962083039460359,0.9145445081922744,0.922184583875868,0.9267686631944444,0.5881064097086589,0.5777922948201497,0.5674781799316406,0.5657591501871745,0.5623210906982422,0.5820898056030274,0.5769327799479167,0.5717756907145183,0.5666186650594075,0.5906849543253581,0.5838088353474935,0.5760732650756836,0.569197146097819,0.5932634353637696,0.5872468948364258,0.5795113245646158,0.5726352055867513,0.5949824651082357,0.589825439453125,0.5838088353474935,0.5777922948201497,0.8136953283239294,0.8350875854492188,0.8595358389395255,0.8885681717484085,0.9130164817527489,0.8900961981879341,0.9206565574363426,0.9374647917570892,0.9496889467592592,0.8931522510669849,0.922184583875868,0.9374647917570892,0.9481609203197338,0.8931522510669849,0.9176005045572916,0.9298246595594618,0.9374647917570892,0.8900961981879341,0.9084324024341724,0.9176005045572916,0.925240636754919,0.4774067997932434,0.49042797088623047,0.49789077043533325,0.502156674861908,0.4690113961696625,0.46284055709838867,0.45662564039230347,0.5114309191703796,0.44879284501075745,0.4913809895515442,0.4657032787799835,0.5641866326332092,0.40380170941352844,0.5877520442008972,0.3793301582336426,0.5899879336357117,0.3788644075393677,0.591953694820404,0.3760601282119751,0.5797916054725647,0.3887856900691986,0.575576901435852,0.3965802490711212,0.5339577794075012,0.4349726736545563,0.5363787412643433,0.42585286498069763,0.525485634803772,0.4203898310661316,0.5269062519073486,0.41962483525276184,0.5024451613426208,0.43664705753326416,0.19976960122585297,0.17719173431396484,0.17824970185756683,0.17938239872455597,0.17610019445419312,0.1764688342809677,0.17678043246269226,0.19855932891368866,0.19330920279026031,0.23201411962509155,0.2290852814912796,0.37979933619499207,0.3823694586753845,0.6089461445808411,0.6105809807777405,0.8113746047019958,0.8181968331336975,0.8785209059715271,0.8836779594421387,0.8792228698730469,0.8803507685661316,0.8583741784095764,0.8583718538284302,0.8578901290893555,0.8610050678253174,1.2007458209991455,1.15304434299469,1.498948097229004,1.4856171607971191,1.5312803983688354,1.5281749963760376,1.612075924873352,1.5988539457321167
0.3740463256835937,0.3852240880330403,0.3964018821716308,0.3989813486735026,0.4024206797281901,0.3826446215311686,0.3895232518513997,0.3946822166442871,0.3989813486735026,0.3749061584472656,0.3826446215311686,0.3903830846150716,0.3964018821716308,0.3706069946289062,0.3774856249491373,0.3860839207967122,0.3921027183532715,0.3680275281270345,0.3731864929199219,0.3792052904764811,0.3843642552693685,0.8182624534324363,0.8396626790364583,0.864120031286169,0.8931631017614294,0.9160918624312788,0.8962202849211516,0.9237348203305844,0.93596349645544,0.946663581000434,0.8992774680808738,0.9283205385561344,0.9374920880353008,0.946663581000434,0.8992774680808738,0.9237348203305844,0.9313777217158564,0.9390206231011284,0.8962202849211516,0.914563270851418,0.9222062287507232,0.9267919469762732,0.5881436665852865,0.5769659042358398,0.567507807413737,0.5657881418863933,0.5623488108317057,0.582124900817871,0.5769659042358398,0.5718069712320963,0.5666479746500651,0.5898633321126302,0.5838445663452149,0.576106071472168,0.5692274729410808,0.5933026631673177,0.5872838338216145,0.5795454025268555,0.5726668039957682,0.5950223286946614,0.5890034993489583,0.5838445663452149,0.5769659042358398,0.8136767352068865,0.835076904296875,0.8595342565465857,0.8885773835358797,0.9130347357855902,0.8901059186017072,0.9206776371708624,0.93596349645544,0.9497207076461228,0.8931631017614294,0.9222062287507232,0.9374920880353008,0.9481921160662616,0.8916345101815683,0.91762045401114,0.9298491301359952,0.9374920880353008,0.8901059186017072,0.9084489610460068,0.91762045401114,0.925263355396412,0.477378249168396,0.49042776226997375,0.4979003071784973,0.5021606087684631,0.46900394558906555,0.4628274142742157,0.4565976560115814,0.511425256729126,0.44879621267318726,0.4913676083087921,0.4656985402107239,0.5641621947288513,0.40379878878593445,0.5876998901367188,0.37932953238487244,0.5899562835693359,0.3788491487503052,0.5919159054756165,0.3760528266429901,0.5797832012176514,0.38877686858177185,0.5755713582038879,0.3965882658958435,0.5338468551635742,0.4349568784236908,0.5357961654663086,0.4258600175380707,0.5254521369934082,0.4203704297542572,0.5269181728363037,0.41959577798843384,0.5024686455726624,0.4366443455219269,0.19978128373622894,0.1772032380104065,0.17825902998447418,0.17938865721225739,0.17611512541770935,0.17648088932037354,0.17679083347320557,0.19858235120773315,0.19332286715507507,0.23203837871551514,0.22909697890281677,0.379867821931839,0.3822977840900421,0.608910083770752,0.610571026802063,0.8112602233886719,0.8181757926940918,0.8783774971961975,0.8836466670036316,0.879114031791687,0.8803090453147888,0.8582015633583069,0.8583558201789856,0.8576288223266602,0.8604229688644409,1.2006105184555054,1.1527801752090454,1.4987140893936157,1.4855951070785522,1.5309395790100098,1.5281295776367188,1.6119962930679321,1.5990713834762573
0.3739933331807454,0.3851725896199544,0.3963518460591634,0.3989316940307617,0.4023714383443196,0.3825927734375,0.3894722938537597,0.3946319580078125,0.3989316940307617,0.374853261311849,0.3825927734375,0.3903322537740071,0.3963518460591634,0.3705535570780436,0.3774331092834472,0.3860325177510579,0.3920521418253581,0.3679737091064453,0.373133373260498,0.3791529973347982,0.384312629699707,0.8183093600802951,0.8397124113859954,0.8641729849356192,0.8932199548791956,0.9161517673068575,0.8962775336371528,0.9237957424587674,0.936026057490596,0.9467275548864292,0.89933511239511,0.9268533212167246,0.9375548186125578,0.9482563160083912,0.89933511239511,0.9237957424587674,0.9314396610966436,0.9390835797345196,0.8962775336371528,0.9146230061848958,0.922266924822772,0.9268533212167246,0.5881191889444987,0.5769399007161459,0.5674805323282878,0.5657606760660807,0.5623208999633789,0.5820995966593424,0.5769399007161459,0.571780268351237,0.5666205724080403,0.5898390452067057,0.5838194529215495,0.5760800043741862,0.5692004521687826,0.5932788213094076,0.5872592290242513,0.579519780476888,0.5726402282714844,0.5949987411499024,0.5889791488647461,0.5838194529215495,0.5777998606363932,0.8137230202003761,0.8351260149920429,0.8595866450557003,0.8886336149992766,0.9130941885489005,0.8901623761212384,0.9192093460648147,0.936026057490596,0.9497851336443864,0.8932199548791956,0.922266924822772,0.936026057490596,0.9482563160083912,0.8916911937572338,0.917680584942853,0.9299108999746816,0.9375548186125578,0.8886336149992766,0.9085078486689816,0.917680584942853,0.9253245035807292,0.47733619809150696,0.49041748046875,0.4979044497013092,0.5021618604660034,0.4689777195453644,0.462799072265625,0.4565523862838745,0.5114072561264038,0.44880229234695435,0.491350382566452,0.4656955599784851,0.5641545057296753,0.4037986993789673,0.5876802206039429,0.3793145418167114,0.5899184942245483,0.3788350522518158,0.5918325185775757,0.37603023648262024,0.5797454118728638,0.3887607753276825,0.5755598545074463,0.3965933620929718,0.5337540507316589,0.43494412302970886,0.5357084274291992,0.42563337087631226,0.5254949927330017,0.42038440704345703,0.5270711779594421,0.41978973150253296,0.5024880170822144,0.4360273778438568,0.19989070296287537,0.17725162208080292,0.17828123271465302,0.17939569056034088,0.17624230682849884,0.17660649120807648,0.1769195795059204,0.19858792424201965,0.19337061047554016,0.23212815821170807,0.22921037673950195,0.37988317012786865,0.3822477459907532,0.6088945269584656,0.6104959845542908,0.8112505078315735,0.8179665803909302,0.8783750534057617,0.8834553956985474,0.8791092038154602,0.8801723122596741,0.8581732511520386,0.8582356572151184,0.857190728187561,0.8595951795578003,1.2004653215408325,1.1522146463394165,1.4984714984893799,1.4855254888534546,1.5307793617248535,1.5281018018722534,1.6114798784255981,1.5989843606948853
0.3739819526672363,0.385163402557373,0.3963448524475098,0.3989251772562662,0.4023656209309896,0.3834431648254394,0.3894639650980631,0.3946246147155762,0.3989251772562662,0.3748420715332031,0.3834431648254394,0.3903240521748861,0.3972049395243326,0.370541508992513,0.3774223963419596,0.3860235214233398,0.3920442899068196,0.3679611841837565,0.3731218338012695,0.3791426340738932,0.3843032836914062,0.8197556107132523,0.8396336873372395,0.8640990645797164,0.8931517424406828,0.9160880194769964,0.8962098863389757,0.923733463993779,0.9359661526150174,0.9466697410300926,0.8992680867513021,0.9267916078920716,0.9390242965133102,0.9481987847222222,0.8992680867513021,0.923733463993779,0.932907952202691,0.9390242965133102,0.8977389865451388,0.9145589192708332,0.9222043637876156,0.928320708098235,0.5872894287109375,0.5769681294759115,0.5675069173177083,0.5649265289306641,0.5623462041219075,0.5821287790934245,0.5769681294759115,0.5718074162801107,0.5666467666625976,0.5898697535196941,0.5838490168253581,0.5761079788208008,0.5692270914713542,0.5933102289835612,0.5872894287109375,0.579548454284668,0.5726675669352214,0.5950304667154948,0.5890096664428711,0.5838490168253581,0.5778282165527344,0.8136392664026331,0.8350464432327835,0.8595118204752604,0.8885644418221933,0.9130298190646702,0.8900935420283564,0.9206752635814526,0.9359661526150174,0.949727941442419,0.8931517424406828,0.9222043637876156,0.937495196307147,0.9481987847222222,0.8931517424406828,0.9176171196831596,0.929849808304398,0.9390242965133102,0.8900935420283564,0.908442574960214,0.9191461633752892,0.9252625076859086,0.4772195816040039,0.49037179350852966,0.49790245294570923,0.5021548271179199,0.4689180552959442,0.462725430727005,0.45645302534103394,0.5113973021507263,0.44880613684654236,0.49130597710609436,0.4656435549259186,0.5641384720802307,0.4037748873233795,0.5876219272613525,0.3793099820613861,0.5898844599723816,0.378817617893219,0.5917726755142212,0.3760109543800354,0.5797266364097595,0.38874930143356323,0.5755564570426941,0.3965989053249359,0.533735990524292,0.43496114015579224,0.5353154540061951,0.4252949059009552,0.52547287940979,0.42041483521461487,0.5271174311637878,0.42005062103271484,0.5023007988929749,0.43569672107696533,0.19998548924922943,0.17729608714580536,0.1783125102519989,0.17941057682037354,0.1763562113046646,0.1767125427722931,0.17703397572040558,0.19860246777534485,0.19345253705978394,0.23222430050373077,0.2292683869600296,0.37992167472839355,0.3822189271450043,0.6088922619819641,0.6104873418807983,0.8112514019012451,0.8179559111595154,0.8783829212188721,0.8834396004676819,0.8791303038597107,0.880139946937561,0.8581766486167908,0.8582140803337097,0.8565101623535156,0.8589544296264648,1.2002983093261719,1.1521937847137451,1.4980082511901855,1.4857217073440552,1.5303322076797485,1.5283279418945312,1.6108906269073486,1.5992628335952759
0.3740158081054687,0.3851967175801595,0.3963776588439941,0.3989578564961751,0.4023981730143229,0.3834765752156575,0.3894970893859863,0.3946575164794922,0.3989578564961751,0.3748758633931477,0.3826165199279785,0.3903571446736654,0.3963776588439941,0.3705755233764648,0.3774560928344727,0.3860568046569824,0.3920772870381673,0.3679952939351399,0.3731557210286458,0.3791762351989746,0.3843366622924805,0.8198345043041088,0.8397117332175926,0.8641759801793981,0.893227301703559,0.9161625049732348,0.8962853325737847,0.923807610405816,0.9360397338867188,0.9467428136754918,0.8993433634440104,0.9268656412760417,0.9375687210648148,0.948271800853588,0.8993433634440104,0.923807610405816,0.9314526593243634,0.9390977647569444,0.8962853325737847,0.9146335177951388,0.9222785667136864,0.9268656412760417,0.5873135248819987,0.5769926706949869,0.5675318400065105,0.5649516423543294,0.5623714447021484,0.5821530659993489,0.5769926706949869,0.5718322118123372,0.5666718165079753,0.5898937225341797,0.5830131530761719,0.5752724965413412,0.5683919270833333,0.5933340072631836,0.5873135248819987,0.5787127812703451,0.5726922988891602,0.5941940943400065,0.5890336354573568,0.5838732401529948,0.5769926706949869,0.8137184425636574,0.8351247151692708,0.8595889621310764,0.8886402271412037,0.9131044741030092,0.8901692708333333,0.9207495795355902,0.9360397338867188,0.9498008445457176,0.893227301703559,0.9222785667136864,0.9360397338867188,0.948271800853588,0.893227301703559,0.9176915486653646,0.9299236721462674,0.9375687210648148,0.8901692708333333,0.9085174560546876,0.9192205358434606,0.925336597583912,0.47720783948898315,0.49037081003189087,0.49790921807289124,0.5021589398384094,0.46890145540237427,0.46270450949668884,0.4564119279384613,0.511393129825592,0.44880950450897217,0.49129918217658997,0.46563199162483215,0.5641031265258789,0.4037538468837738,0.5875863432884216,0.37930622696876526,0.589838445186615,0.37880465388298035,0.5917304158210754,0.37597328424453735,0.579703688621521,0.38873299956321716,0.5755422711372375,0.3966034948825836,0.5337268114089966,0.4349828064441681,0.5348778963088989,0.42531222105026245,0.5254882574081421,0.42068222165107727,0.5271567106246948,0.42037883400917053,0.5022349953651428,0.43605220317840576,0.20018309354782104,0.17735007405281067,0.1783595085144043,0.1794489324092865,0.17646831274032593,0.17682956159114838,0.1771666705608368,0.19868798553943634,0.1935100555419922,0.23244300484657288,0.2294333428144455,0.37994179129600525,0.3821982443332672,0.6088351011276245,0.6104608774185181,0.8112543821334839,0.8179300427436829,0.8784633874893188,0.8834303021430969,0.8792522549629211,0.8801178932189941,0.8582702279090881,0.8581939339637756,0.8561505675315857,0.8586848378181458,1.2002573013305664,1.1524800062179565,1.497893214225769,1.4880094528198242,1.5301988124847412,1.5310064554214478,1.6107923984527588,1.6014114618301392
0.3740600903828939,0.3852378209431966,0.3964155197143554,0.3989949862162272,0.4024342854817708,0.3826583544413248,0.3895369211832682,0.3946958541870117,0.3989949862162272,0.3749199231465657,0.3826583544413248,0.3903967539469401,0.3964155197143554,0.3706208229064941,0.3774993896484375,0.3852378209431966,0.391256586710612,0.3680413564046224,0.3732002894083658,0.3792190551757812,0.3843779881795247,0.8198138766818577,0.8396853411639178,0.8641425238715278,0.8931854813187211,0.91611407244647,0.8962426079644097,0.923756973831742,0.93598553692853,0.9466855649594909,0.8992997346100984,0.9268141004774304,0.9375141285083912,0.9482141565393518,0.8992997346100984,0.923756973831742,0.9313998187029804,0.9390427200882524,0.8962426079644097,0.9145855373806424,0.9222283822518808,0.9268141004774304,0.5872962951660157,0.5769784291585286,0.5675203959147136,0.5649408976236979,0.5623613993326823,0.5821373621622722,0.5769784291585286,0.5718194961547851,0.5666605631510416,0.5898757934570312,0.582997194925944,0.5752587636311849,0.5683801651000977,0.5924552281697592,0.5864364624023437,0.5786980946858724,0.5718194961547851,0.5941748936971029,0.5890159606933594,0.582997194925944,0.5769784291585286,0.8152281584563079,0.835099622938368,0.859556805645978,0.8885997630931713,0.9130569458007812,0.8901282981589989,0.9191712556061922,0.93598553692853,0.949742748119213,0.8931854813187211,0.9222283822518808,0.93598553692853,0.9482141565393518,0.8931854813187211,0.9191712556061922,0.9298712836371528,0.9390427200882524,0.8901282981589989,0.9084712275752316,0.9191712556061922,0.9252855088975694,0.47720038890838623,0.49036991596221924,0.4979168474674225,0.5021659731864929,0.46888789534568787,0.46268901228904724,0.4563865065574646,0.51138836145401,0.44881394505500793,0.4912923574447632,0.46562620997428894,0.5640833377838135,0.40374118089675903,0.5875521898269653,0.37930625677108765,0.5897918939590454,0.3787679672241211,0.5916988849639893,0.37595033645629883,0.5796753168106079,0.38872650265693665,0.5755111575126648,0.396607369184494,0.5337169170379639,0.43501558899879456,0.5347941517829895,0.4253219962120056,0.5255061984062195,0.42078378796577454,0.5271932482719421,0.42043107748031616,0.5021876692771912,0.4365105628967285,0.20052559673786163,0.17745785415172577,0.17845766246318817,0.1795298159122467,0.1766078919172287,0.17696043848991394,0.1773025542497635,0.1987282931804657,0.19354720413684845,0.232734814286232,0.2296893149614334,0.3799501061439514,0.3821240961551666,0.6087826490402222,0.6104374527931213,0.8112736940383911,0.8179152607917786,0.8785042762756348,0.8834218978881836,0.8793514370918274,0.8800926208496094,0.8583720326423645,0.8581646680831909,0.8559051752090454,0.8583211302757263,1.1998891830444336,1.1525629758834839,1.4975743293762207,1.4885320663452148,1.5298118591308594,1.5313799381256104,1.6107248067855835,1.602630615234375
0.3732427597045898,0.3852785110473632,0.3964545567830403,0.3990336736043294,0.4024724324544271,0.3826994260152181,0.3895770072937011,0.3947351773579915,0.3990336736043294,0.3749621391296386,0.3826994260152181,0.3904366811116536,0.3964545567830403,0.3698039690653483,0.3775412241617839,0.3852785110473632,0.39129638671875,0.3680845578511556,0.3732427597045898,0.3784009297688802,0.3844188054402669,0.8198343912760416,0.8397029735423901,0.8641565393518519,0.8931952017324942,0.9161204585322628,0.896251932779948,0.9237622296368634,0.9359890407986112,0.946687486436632,0.899308607313368,0.9268189041702836,0.9390457153320312,0.9482158519603588,0.899308607313368,0.9237622296368634,0.9329323097511574,0.9390457153320312,0.896251932779948,0.9145920930085358,0.9222338641131366,0.9283472696940104,0.5873072942097982,0.5769909540812175,0.5675342559814454,0.564955202738444,0.5623760859171549,0.5821491241455078,0.5769909540812175,0.5709730784098307,0.5658148447672526,0.5898864110310872,0.5830088297526042,0.5752715428670248,0.5683939615885417,0.5924654642740885,0.5864475886027019,0.5787103017171223,0.571832784016927,0.5941848754882812,0.5890267054239909,0.5830088297526042,0.5769909540812175,0.8152493512188946,0.8351179334852431,0.8595714992947049,0.8886101616753472,0.9130637839988426,0.890138527199074,0.9191771895797164,0.9359890407986112,0.9497442174840856,0.8931952017324942,0.9222338641131366,0.9359890407986112,0.946687486436632,0.8931952017324942,0.9176488240559896,0.9298756352177372,0.9375173498083044,0.890138527199074,0.9084787439416956,0.9191771895797164,0.9252905951605904,0.47719043493270874,0.4903695285320282,0.4979243576526642,0.5021727681159973,0.4688783288002014,0.4626835882663727,0.45637795329093933,0.5113850831985474,0.4488239288330078,0.49128827452659607,0.46562251448631287,0.5640637278556824,0.40372687578201294,0.5874876379966736,0.37929102778434753,0.5897521376609802,0.3787396550178528,0.5916500687599182,0.37590309977531433,0.5796298980712891,0.3887101411819458,0.5754774212837219,0.39661073684692383,0.5337077975273132,0.4350176155567169,0.5347606539726257,0.4253830909729004,0.5255177617073059,0.4213232100009918,0.5272163152694702,0.4210647642612457,0.5022776126861572,0.43742620944976807,0.20067594945430756,0.1775234341621399,0.17851555347442627,0.17957183718681335,0.17671146988868713,0.17706120014190674,0.17740465700626373,0.19876989722251892,0.19357945024967194,0.23286038637161255,0.22977788746356964,0.3799707889556885,0.38205060362815857,0.6087782979011536,0.6103739142417908,0.811332643032074,0.8178991079330444,0.8786298632621765,0.883414089679718,0.8794782757759094,0.8800824880599976,0.8584766387939453,0.8581528663635254,0.8557533025741577,0.8582226634025574,1.1998573541641235,1.1525729894638062,1.4974870681762695,1.4885748624801636,1.5297143459320068,1.5313640832901,1.6106717586517334,1.6026753187179565
0.3741087595621745,0.3852846463521321,0.3964605013529459,0.3990395545959472,0.402478281656901,0.3827055931091309,0.3895830472310384,0.394741153717041,0.3990395545959472,0.374968433380127,0.3827055931091309,0.3904427210489908,0.3964605013529459,0.3698103586832682,0.3775474866231282,0.3852846463521321,0.3913023948669433,0.3680909792582194,0.373249085744222,0.3792668660481771,0.3844249407450358,0.8198210539641204,0.8396892406322338,0.8641424673574942,0.8931806211118345,0.916105482313368,0.8962372956452547,0.923747083875868,0.9375020345052084,0.9466720015914352,0.8992939136646412,0.9268037584092882,0.9390303435149016,0.948200254087095,0.8992939136646412,0.923747083875868,0.9329170509620948,0.9390303435149016,0.8962372956452547,0.9145771733036748,0.9222187748661748,0.9283320674189814,0.5873100280761718,0.5769938786824544,0.5675373713175456,0.5649583180745442,0.562379264831543,0.5821519215901693,0.5769938786824544,0.5709760665893555,0.5658179601033528,0.5898890813191732,0.5830116271972656,0.5752744674682617,0.5683970133463542,0.5924681345621745,0.5864503860473633,0.5787132263183594,0.5718357721964519,0.5941874821980794,0.5881697336832682,0.5830116271972656,0.5769938786824544,0.815236070421007,0.8351042570891204,0.8595574838143808,0.8885956375687211,0.9130488642939816,0.8901239465784143,0.919162156846788,0.935973725495515,0.9497286196108218,0.8931806211118345,0.9222187748661748,0.935973725495515,0.9466720015914352,0.8931806211118345,0.9176337913230612,0.9298604329427084,0.9375020345052084,0.8901239465784143,0.908463880750868,0.9176337913230612,0.9252754493995948,0.4771796464920044,0.49036985635757446,0.4979320764541626,0.5021775960922241,0.46887528896331787,0.4626809358596802,0.4563654065132141,0.5113815665245056,0.44883492588996887,0.49128350615501404,0.46562427282333374,0.5640461444854736,0.40372928977012634,0.5874350070953369,0.37929052114486694,0.5897226929664612,0.37873753905296326,0.5915958881378174,0.3758997619152069,0.5795933604240417,0.388710618019104,0.5754545331001282,0.3966250717639923,0.5336998105049133,0.4350331723690033,0.5348483920097351,0.42536816000938416,0.5255256295204163,0.4213695824146271,0.5271775722503662,0.42110031843185425,0.5024524927139282,0.4376409351825714,0.2007637619972229,0.17762082815170288,0.17860016226768494,0.17963655292987823,0.17680297791957855,0.1771373301744461,0.17746292054653168,0.19878847897052765,0.19359320402145386,0.23287877440452576,0.22978684306144714,0.38004985451698303,0.3819930851459503,0.6087854504585266,0.6103622913360596,0.8114545941352844,0.8178955912590027,0.8788414597511292,0.883417010307312,0.8796461820602417,0.8800966739654541,0.858620822429657,0.8582046627998352,0.8557033538818359,0.8581924438476562,1.1998370885849,1.1529027223587036,1.497489094734192,1.4886313676834106,1.5297092199325562,1.5313142538070679,1.6111416816711426,1.6032352447509766
0.3732108116149902,0.3852500915527344,0.396429443359375,0.3990092913309733,0.402449099222819,0.382670243581136,0.3895498593648275,0.3947095553080241,0.3981493631998697,0.3749306996663411,0.382670243581136,0.3904097874959309,0.396429443359375,0.3697710037231445,0.3775105476379394,0.3852500915527344,0.3912697474161783,0.3671911557515462,0.3732108116149902,0.3783705075581868,0.3835302035013834,0.8198311134620949,0.8397055166739005,0.8641663162796586,0.8932135122793692,0.916145494249132,0.8962710910373264,0.9237895259150752,0.9360198974609376,0.946721507884838,0.8993287263093172,0.9268471046730324,0.9390775327329284,0.9482503255208332,0.8977999086733217,0.9237895259150752,0.931433501066985,0.9390775327329284,0.8962710910373264,0.9146167331271702,0.92226070827908,0.9268471046730324,0.587338383992513,0.5770189921061198,0.5675594965616862,0.5649796803792317,0.5623998006184896,0.5821786880493164,0.5770189921061198,0.5709993362426757,0.5658396402994792,0.5899182001749674,0.5830386479695638,0.575299072265625,0.5684194564819336,0.5924980799357097,0.5864784240722656,0.5787388483683268,0.5718592961629232,0.5942179997762044,0.5890582402547201,0.5830386479695638,0.5770189921061198,0.8152447170681424,0.835119120279948,0.859579919885706,0.8886271158854167,0.9130879154911749,0.8901559335214121,0.9192031295211228,0.9360198974609376,0.9497791431568288,0.8932135122793692,0.92226070827908,0.9360198974609376,0.946721507884838,0.8916846946433739,0.9176743118851272,0.9283759223090278,0.9375487150969328,0.8886271158854167,0.9085015190972222,0.9176743118851272,0.9237895259150752,0.4771711528301239,0.4903715252876282,0.49793919920921326,0.5021814703941345,0.4688911736011505,0.46271055936813354,0.4563893973827362,0.5113732814788818,0.4488586485385895,0.49126848578453064,0.4656328558921814,0.5640160441398621,0.40373343229293823,0.5874080061912537,0.37929055094718933,0.589690089225769,0.3787335753440857,0.591576337814331,0.37589767575263977,0.5795734524726868,0.38870567083358765,0.5754405856132507,0.3966280221939087,0.5336865782737732,0.4350360333919525,0.5348315834999084,0.4255228042602539,0.5255652070045471,0.42139366269111633,0.5272763967514038,0.42110949754714966,0.5024627447128296,0.43770772218704224,0.20084236562252045,0.17771650850772858,0.17868965864181519,0.1797133833169937,0.17684093117713928,0.17715908586978912,0.177479550242424,0.19882015883922577,0.1935586929321289,0.23289509117603302,0.22979554533958435,0.3800813853740692,0.3819720447063446,0.6087204217910767,0.6103378534317017,0.8115082383155823,0.8178455829620361,0.8789271116256714,0.8834010362625122,0.8796984553337097,0.8800787329673767,0.8586675524711609,0.8581845164299011,0.8556188344955444,0.8580725789070129,1.1996104717254639,1.1529031991958618,1.4975117444992065,1.4886038303375244,1.5298597812652588,1.5312795639038086,1.6111427545547485,1.6031910181045532
0.3731577237447103,0.3851936976114908,0.3963699658711751,0.3989491144816081,0.4023879369099934,0.3826145807902018,0.3894922574361165,0.3946505546569824,0.3980893770853678,0.3748771667480469,0.3826145807902018,0.3894922574361165,0.3955102602640787,0.3697188695271809,0.3774562835693359,0.3851936976114908,0.3912117004394531,0.3671397527058919,0.3722980181376139,0.3783160209655761,0.3834742863972982,0.8198207713939526,0.8396896927445023,0.8641437106662326,0.893182881673177,0.9161085340711804,0.894711247196904,0.9237504182038484,0.9359774554217304,0.9482044361255788,0.8992964002821181,0.926807149251302,0.939034186469184,0.9482044361255788,0.8977679782443576,0.9237504182038484,0.9313923023365162,0.939034186469184,0.8962396127206308,0.9145801685474536,0.9222220526801216,0.926807149251302,0.5872261047363281,0.5769095102945964,0.5674526850382487,0.565733273824056,0.5622944513956706,0.5820678075154623,0.5769095102945964,0.5717512766520182,0.565733273824056,0.5898052215576172,0.5829275131225586,0.5751900990804036,0.568312390645345,0.5915246327718099,0.5855066299438476,0.5777692159016927,0.5717512766520182,0.5932440439860026,0.5872261047363281,0.5820678075154623,0.5760498046875,0.8137072527850115,0.8335761741355613,0.8580301920572917,0.8870693630642361,0.9115233809859664,0.8901260941116899,0.9191652651186344,0.9359774554217304,0.9482044361255788,0.8916545161494502,0.9222220526801216,0.9359774554217304,0.946676070601852,0.8916545161494502,0.9176368995949076,0.9283355712890624,0.9375058209454572,0.8885977285879629,0.906938284414786,0.9176368995949076,0.9237504182038484,0.47718870639801025,0.4903945326805115,0.4979609549045563,0.5021926164627075,0.4689349830150604,0.4627699553966522,0.4564513564109802,0.5113698840141296,0.4488883316516876,0.49126535654067993,0.46566614508628845,0.5640031695365906,0.4037327468395233,0.5873866677284241,0.3792553246021271,0.5896758437156677,0.3787122666835785,0.5915058255195618,0.37587887048721313,0.5795141458511353,0.3886924982070923,0.5753832459449768,0.39662498235702515,0.5336800813674927,0.4350332021713257,0.5349539518356323,0.425526887178421,0.5255712270736694,0.42121750116348267,0.5272546410560608,0.42068344354629517,0.5024510622024536,0.4377340078353882,0.20093201100826263,0.17780090868473053,0.17877070605754852,0.17977768182754517,0.1768622249364853,0.1771710366010666,0.1774967610836029,0.1988307535648346,0.19354265928268433,0.23291565477848053,0.22980175912380219,0.3801288902759552,0.38194406032562256,0.6087417006492615,0.610221803188324,0.8115455508232117,0.8178143501281738,0.8789848685264587,0.8833953738212585,0.8797025680541992,0.8800774216651917,0.8586744070053101,0.8581953644752502,0.8553984761238098,0.8577754497528076,1.1996737718582153,1.1529239416122437,1.498503565788269,1.4886716604232788,1.5309258699417114,1.5313198566436768,1.6125555038452148,1.6032001972198486
0.3713563601175944,0.3833879788716634,0.3945601781209309,0.3971384048461914,0.4014354070027669,0.3816691716512044,0.3885444005330403,0.3937007904052734,0.3971384048461914,0.3739345868428548,0.3816691716512044,0.3885444005330403,0.3945601781209309,0.3687781651814779,0.3756533622741699,0.3842473665873209,0.3894037882486979,0.3661999702453613,0.3713563601175944,0.3773721694946289,0.3825285911560058,0.8153665048104746,0.8367560492621527,0.8612011944806134,0.8902298538773148,0.914675055609809,0.8932855111581308,0.9207863136574074,0.9360646000614872,0.9467593157732928,0.8963411684389467,0.925369827835648,0.9375924004448783,0.9482871726707176,0.8963411684389467,0.9207863136574074,0.9314810858832464,0.9391202008282696,0.8932855111581308,0.9116193983289932,0.9192585132740162,0.925369827835648,0.5887847900390625,0.5784719467163086,0.5690185546875,0.5672997792561849,0.5647215525309245,0.5827689488728841,0.5784719467163086,0.572456169128418,0.5672997792561849,0.58964417775472,0.5836284001668294,0.575893783569336,0.5690185546875,0.5922224044799804,0.586206563313802,0.5784719467163086,0.572456169128418,0.5922224044799804,0.5870659510294597,0.5819095611572266,0.575893783569336,0.8092551902488426,0.8306447347005208,0.8535620795355903,0.8825907389322917,0.907035940664786,0.8856463962131076,0.914675055609809,0.9330089427806711,0.9467593157732928,0.8871741965964989,0.917730712890625,0.9330089427806711,0.9452315153899016,0.8871741965964989,0.9131471987123844,0.925369827835648,0.9360646000614872,0.8856463962131076,0.90398028338397,0.914675055609809,0.9223141705548322,0.477211594581604,0.4903982877731323,0.49796876311302185,0.5021958947181702,0.4689972996711731,0.46284839510917664,0.4565316438674927,0.5113389492034912,0.4489084482192993,0.49126332998275757,0.4657147526741028,0.5639922618865967,0.40372931957244873,0.5874240398406982,0.3790755271911621,0.5897051095962524,0.37866145372390747,0.5915143489837646,0.3758775591850281,0.5795049667358398,0.3886934220790863,0.5753588080406189,0.3966161906719208,0.5336789488792419,0.43501412868499756,0.5351031422615051,0.4253515601158142,0.5255956053733826,0.4209597706794739,0.5272660255432129,0.4203820824623108,0.5024744868278503,0.43756037950515747,0.2009577453136444,0.17782054841518402,0.1787872016429901,0.17979244887828827,0.17687749862670898,0.17718349397182465,0.17749521136283875,0.19881445169448853,0.19352184236049652,0.23289425671100616,0.22974540293216705,0.3802567422389984,0.3819301128387451,0.6083440780639648,0.6102374196052551,0.8106765747070312,0.8178158402442932,0.8773999810218811,0.8835088610649109,0.8781808614730835,0.8802324533462524,0.8572758436203003,0.8584582209587097,0.8556292653083801,0.8579331636428833,1.2000700235366821,1.1530232429504395,1.4984667301177979,1.489107370376587,1.5308388471603394,1.5316680669784546,1.6125353574752808,1.6040583848953247
0.3697101275126139,0.3817312876383463,0.3928937911987304,0.3954697291056315,0.3989043553670247,0.3800139745076497,0.386024538675944,0.3911764780680338,0.3954697291056315,0.3714274088541666,0.3791553179423014,0.3868831952412923,0.3928937911987304,0.367134157816569,0.3740033785502116,0.3817312876383463,0.3877418518066406,0.3645581881205241,0.3697101275126139,0.3757206916809082,0.380872631072998,0.812390532316985,0.8322349830910012,0.8551324349862558,0.8841358891239872,0.9085598415798612,0.8902418913664641,0.9177187884295428,0.932983794035735,0.9451957420066552,0.8932948924877026,0.9222982901114004,0.9360367951569734,0.9482487431278936,0.8917683919270833,0.9177187884295428,0.9299307929144964,0.9390897397641782,0.8902418913664641,0.9085598415798612,0.9177187884295428,0.9253512912326388,0.5903842290242513,0.5800804138183594,0.5706352233886719,0.5689179102579752,0.5663419087727865,0.584373664855957,0.5800804138183594,0.5749284744262695,0.5714938481648763,0.5912429173787435,0.5852323532104492,0.5783631006876627,0.5723525365193685,0.5929602305094401,0.5869496663411459,0.5809390385945638,0.5749284744262695,0.5938188552856445,0.5886669794718424,0.584373664855957,0.5783631006876627,0.8032315854673032,0.8230760362413194,0.8444469875759548,0.8719239411530672,0.8963478370949074,0.8810828880027488,0.9116128427010995,0.9299307929144964,0.9451957420066552,0.882609388563368,0.9131393432617188,0.932983794035735,0.9467222425672744,0.882609388563368,0.9100863421404805,0.9253512912326388,0.937563239203559,0.8810828880027488,0.8994008382161458,0.9131393432617188,0.9238247906720196,0.47729235887527466,0.4904344975948334,0.4980003535747528,0.5022132992744446,0.4691008925437927,0.46294930577278137,0.4566337764263153,0.5113359093666077,0.4489329159259796,0.4913012385368347,0.465762197971344,0.5639866590499878,0.4037286937236786,0.5875529646873474,0.3786763846874237,0.5901091694831848,0.37695109844207764,0.5918551683425903,0.37441346049308777,0.5796634554862976,0.38766324520111084,0.5754023194313049,0.39563414454460144,0.5337778925895691,0.4350133240222931,0.5357671976089478,0.4264448285102844,0.5258477926254272,0.4214527904987335,0.5272916555404663,0.4206309914588928,0.503667414188385,0.4388074576854706,0.2009832262992859,0.17783121764659882,0.17882119119167328,0.17982517182826996,0.1768886148929596,0.1771925985813141,0.177496075630188,0.1988275945186615,0.1935102492570877,0.23290763795375824,0.2297440618276596,0.3803475797176361,0.381881445646286,0.6070932149887085,0.6099663972854614,0.8062755465507507,0.8170883655548096,0.8721629977226257,0.8834155797958374,0.8732572197914124,0.8796829581260681,0.8521754145622253,0.8573594689369202,0.8556123971939087,0.8579040169715881,1.2000559568405151,1.1528184413909912,1.4984346628189087,1.489635705947876,1.5308160781860352,1.532624363899231,1.6125054359436035,1.6042736768722534
0.3675388336181641,0.3786990483601888,0.3890007654825846,0.3907177289326985,0.3932931582132975,0.3761236190795898,0.3821329434712728,0.3872838338216146,0.3907177289326985,0.3683973312377929,0.3761236190795898,0.3821329434712728,0.3872838338216146,0.3649634043375651,0.3709727605183919,0.3769820849100748,0.3812744776407877,0.3623879750569661,0.366680367787679,0.3709727605183919,0.3744066556294759,0.8035045482494213,0.8233449300130208,0.8447114732530382,0.8737089369032118,0.8981278596100983,0.8813398573133681,0.9088111029730904,0.9255991052698206,0.9408609460901332,0.8828660187897859,0.9133896439163772,0.9301776462131076,0.9454394870334202,0.8828660187897859,0.910337264449508,0.9240729437934028,0.936282405146846,0.8813398573133681,0.8996540210865162,0.9118634824399596,0.9225467258029514,0.5941768646240234,0.5830166498819987,0.5727149327596028,0.5701395034790039,0.5675640741984049,0.5864505767822266,0.5830166498819987,0.5804412206013997,0.5778657913208007,0.5933183670043946,0.5890260060628255,0.5838751475016276,0.5804412206013997,0.5958937962849935,0.5916014353434245,0.5873090108235677,0.5821581522623698,0.5967522939046224,0.5933183670043946,0.5890260060628255,0.5855920791625977,0.7882427639431424,0.8065569277162905,0.8248710914894387,0.8492900141963252,0.8721827189127604,0.8676041779694734,0.8981278596100983,0.9194944028501156,0.9378085666232638,0.8706565574363426,0.901180182562934,0.9240729437934028,0.942387107566551,0.8721827189127604,0.8981278596100983,0.9164420233832464,0.931703864203559,0.8706565574363426,0.8889707212094907,0.9027064005533856,0.9164420233832464,0.4774903655052185,0.4905761480331421,0.4980977177619934,0.5022941827774048,0.4692559838294983,0.46309518814086914,0.4567965567111969,0.5114521384239197,0.44895634055137634,0.491445928812027,0.46587133407592773,0.5639930367469788,0.40367957949638367,0.5884332060813904,0.3777562379837036,0.5917503833770752,0.37514182925224304,0.5932082533836365,0.3719690442085266,0.5816306471824646,0.38435930013656616,0.5772491693496704,0.39229902625083923,0.5343368053436279,0.4351496696472168,0.5363088846206665,0.43082869052886963,0.5268266201019287,0.424233078956604,0.5281514525413513,0.422245055437088,0.5051712393760681,0.4451943039894104,0.20101052522659302,0.1778424084186554,0.17885693907737732,0.17986994981765747,0.17689669132232666,0.1772020310163498,0.1775025874376297,0.19907107949256897,0.1935368925333023,0.2330034375190735,0.22978922724723816,0.38038280606269836,0.38191911578178406,0.6006858348846436,0.6096761226654053,0.7876872420310974,0.8120900392532349,0.8511677980422974,0.8808426260948181,0.8516880869865417,0.8764966726303101,0.8312951326370239,0.8523622751235962,0.8497704863548279,0.8534842729568481,1.1940758228302002,1.1485843658447266,1.4880571365356445,1.4884629249572754,1.5192316770553589,1.531152606010437,1.600119709968567,1.603452205657959
0.3641441663106282,0.3744429270426432,0.3847417195638021,0.385599931081136,0.3881746292114257,0.3710100173950195,0.3761594136555989,0.3795923233032227,0.3821670214335124,0.3641441663106282,0.3701517740885416,0.3753011703491211,0.3787340799967448,0.3607112566630046,0.3658606211344401,0.3701517740885416,0.3735847155253092,0.3589948018391927,0.3624277114868164,0.3658606211344401,0.3692935625712076,0.7806997228551794,0.8005343967013889,0.8203690705475983,0.8478324607566551,0.8722443192093461,0.8569868864836516,0.8875017519350406,0.9088621916594328,0.9286968655056425,0.8630898934823495,0.8936047589337385,0.9149651421440972,0.9363255818684896,0.8646156028464989,0.8905532836914063,0.9088621916594328,0.9256453337492766,0.8646156028464989,0.8829245673285591,0.8966562341760707,0.911913666901765,0.5984411239624023,0.5881423314412435,0.5778436024983724,0.5752688725789388,0.572694206237793,0.5915753046671549,0.5898588180541993,0.5881423314412435,0.5872841517130534,0.5984411239624023,0.5958664576212566,0.5915753046671549,0.5898588180541993,0.6001576105753581,0.5975828806559245,0.5941499710083008,0.590717061360677,0.6010157903035481,0.5984411239624023,0.5958664576212566,0.592433484395345,0.7623908148871528,0.7761224817346644,0.7913799144603588,0.8142660635489004,0.8341007373951099,0.8371522691514757,0.8661413687246817,0.8890275178132234,0.9088621916594328,0.8417294537579572,0.8722443192093461,0.8966562341760707,0.9195423832646122,0.8447809855143229,0.8707186098451968,0.8905532836914063,0.9088621916594328,0.84325521963614,0.8630898934823495,0.8768215603298611,0.8905532836914063,0.4777642786502838,0.49099302291870117,0.49832096695899963,0.5025518536567688,0.4695075750350952,0.4633023142814636,0.45708391070365906,0.511942446231842,0.44902467727661133,0.4916830062866211,0.46598273515701294,0.5639828443527222,0.4036741554737091,0.5892406702041626,0.37695038318634033,0.5945379734039307,0.37122517824172974,0.5963642597198486,0.36698615550994873,0.5863280892372131,0.37751471996307373,0.581364095211029,0.3851625621318817,0.5342804193496704,0.43476465344429016,0.5372781753540039,0.4332357347011566,0.5285923480987549,0.42970404028892517,0.5300377607345581,0.42722079157829285,0.5074945092201233,0.45306581258773804,0.20110498368740082,0.17788682878017426,0.17895762622356415,0.18000729382038116,0.1769055426120758,0.17721129953861237,0.1775076538324356,0.19993185997009277,0.1935790479183197,0.23344053328037262,0.22993695735931396,0.38033169507980347,0.3818550109863281,0.5914721488952637,0.604675829410553,0.7678041458129883,0.7938324809074402,0.831486165523529,0.8642715215682983,0.8338702917098999,0.8589399456977844,0.8120604753494263,0.8335496187210083,0.8497133255004883,0.8531970977783203,1.1937034130096436,1.144298791885376,1.4835504293441772,1.4847674369812012,1.5140173435211182,1.527195930480957,1.5934860706329346,1.5982706546783447
0.3607416788736979,0.3710383415222168,0.3813350041707357,0.3821930567423502,0.3830511093139648,0.3658900260925293,0.368464183807373,0.3718963940938314,0.3736124992370605,0.3581675211588541,0.3624577840169271,0.3667480786641439,0.3710383415222168,0.3547353108723958,0.3581675211588541,0.3624577840169271,0.3650319735209147,0.3530192057291667,0.356451416015625,0.3590255737304687,0.3615997314453125,0.7442440456814237,0.7579729433412905,0.7747526380750868,0.7976340964988425,0.8189901281286169,0.812888420952691,0.8403461597583912,0.860176764594184,0.8800073694299768,0.8205155549225984,0.8510242038302951,0.8754310890480325,0.8983125474717882,0.8250918918185763,0.8525496306242766,0.873905662254051,0.8937362670898438,0.8266173186125578,0.8464479234483507,0.8617021913881655,0.8784819426359953,0.6018550872802735,0.592416508992513,0.5838359196980795,0.5804037094116211,0.5786876042683919,0.5975648244222005,0.5984228769938151,0.5975648244222005,0.5975648244222005,0.6044292449951172,0.6044292449951172,0.602713139851888,0.6018550872802735,0.6070034027099609,0.6061453501383464,0.6044292449951172,0.6018550872802735,0.6078614552815755,0.6061453501383464,0.6044292449951172,0.602713139851888,0.7198371604636863,0.7289897212275752,0.7381423385054977,0.7533966064453125,0.7671255041051794,0.7793289749710648,0.8022104333948206,0.8205155549225984,0.8418715865523727,0.7900069625289352,0.8174647013346354,0.8418715865523727,0.8647530449761285,0.7976340964988425,0.8205155549225984,0.8418715865523727,0.8617021913881655,0.799159523292824,0.8174647013346354,0.8342444525824653,0.8479733502423322,0.4781092703342438,0.49159616231918335,0.4985688328742981,0.5028526186943054,0.4697090685367584,0.46350541710853577,0.4574189782142639,0.5126343965530396,0.44922173023223877,0.4920216500759125,0.466217964887619,0.5639716386795044,0.40370112657546997,0.589657723903656,0.3758530020713806,0.599295437335968,0.36790087819099426,0.6019331216812134,0.3626154363155365,0.5938324332237244,0.37164658308029175,0.5880283713340759,0.37974464893341064,0.5341929793357849,0.43384164571762085,0.5414320826530457,0.4386802315711975,0.530750572681427,0.4364580810070038,0.5330867171287537,0.43351179361343384,0.5075750946998596,0.4585942029953003,0.2019244283437729,0.17809045314788818,0.17913492023944855,0.18018551170825958,0.1771804392337799,0.17757080495357513,0.17788973450660706,0.20038777589797974,0.1939510852098465,0.23436112701892853,0.23088239133358002,0.3806583881378174,0.3813992440700531,0.5839247107505798,0.5899209976196289,0.7315323352813721,0.7616267204284668,0.7900172472000122,0.8200718760490417,0.7891347408294678,0.8185480833053589,0.7690961360931396,0.7968766689300537,0.8497769832611084,0.8532370924949646,1.1936366558074951,1.1401444673538208,1.4786016941070557,1.4819839000701904,1.5096122026443481,1.524619698524475,1.5797078609466553,1.5915149450302124
0.3596023877461751,0.3690368970235189,0.3776137351989746,0.3801867802937825,0.3793291091918945,0.3621754328409831,0.3621754328409831,0.363890806833903,0.364748477935791,0.3553139686584473,0.3561716397603353,0.3587446848551432,0.3613177299499511,0.3518832206726074,0.3535985946655273,0.3561716397603353,0.3578870137532552,0.3510255177815755,0.3535985946655273,0.3553139686584473,0.3570293108622233,0.6879788434063947,0.694077894422743,0.700177001953125,0.7138999656394676,0.7260981241861979,0.7260981241861979,0.7459201388888889,0.7657422101056134,0.7870890299479166,0.7398210878725405,0.7672669587311921,0.7901385271990741,0.8130101521809896,0.7504944977936922,0.7733660662615741,0.796237634729456,0.816059649432147,0.7565935488100405,0.7748908148871527,0.7901385271990741,0.8053862395109954,0.602327028910319,0.5928924560546875,0.5851732889811198,0.5834579467773438,0.5851732889811198,0.6014692942301433,0.6040423711140951,0.604900042215983,0.6066154479980469,0.609188461303711,0.6117615381876628,0.6126192092895508,0.6126192092895508,0.6117615381876628,0.6134768803914388,0.6134768803914388,0.6143345514933268,0.6117615381876628,0.6126192092895508,0.6126192092895508,0.6134768803914388,0.6651072749385127,0.6666320235640915,0.6666320235640915,0.6681567721896702,0.6651072749385127,0.6879788434063947,0.7017017505787037,0.7169495194046586,0.7352467854817708,0.7047513043438947,0.7245733755606192,0.7443953902633101,0.7642174049660012,0.7184742680302373,0.7367715341073495,0.7550688001844618,0.7748908148871527,0.7260981241861979,0.7413458364981192,0.7550688001844618,0.7687917638708044,0.478346049785614,0.4920591115951538,0.49875783920288086,0.5030339360237122,0.4698554575443268,0.463665634393692,0.4576368033885956,0.5131966471672058,0.4493291974067688,0.49218711256980896,0.4664490520954132,0.564283013343811,0.4037427306175232,0.5921053290367126,0.37553632259368896,0.6006514430046082,0.36615779995918274,0.6040662527084351,0.36118319630622864,0.5986768007278442,0.36729738116264343,0.5936728119850159,0.37496456503868103,0.5341865420341492,0.4327663481235504,0.5424582958221436,0.439679890871048,0.5315384864807129,0.4363604187965393,0.5342772603034973,0.4332217276096344,0.507642388343811,0.4586734175682068,0.20299243927001953,0.17848709225654602,0.17948763072490692,0.18052047491073608,0.17755401134490967,0.17800986766815186,0.17828673124313354,0.2010512501001358,0.19427591562271118,0.23543202877044678,0.23223550617694855,0.38181304931640625,0.3813876509666443,0.5821046829223633,0.5825583338737488,0.6660555005073547,0.6978472471237183,0.717394232749939,0.7549242973327637,0.7085766196250916,0.744361400604248,0.6944770812988281,0.7252066731452942,0.852759063243866,0.8568238019943237,1.194367527961731,1.1402556896209717,1.4766086339950562,1.4861009120941162,1.5083935260772705,1.5274580717086792,1.5696836709976196,1.5961259603500366
0.3658633867899576,0.3727288564046224,0.378736146291097,0.3795943260192871,0.378736146291097,0.3607142766316731,0.358139705657959,0.358139705657959,0.358139705657959,0.3538488070170084,0.3538488070170084,0.3538488070170084,0.3547069867451985,0.3529905954996745,0.3529905954996745,0.3538488070170084,0.3547069867451985,0.3538488070170084,0.3538488070170084,0.3538488070170084,0.3547069867451985,0.6105448970088252,0.6074935913085937,0.6029165762442129,0.6044422290943287,0.5998652705439815,0.6105448970088252,0.6227501763237847,0.63648110848886,0.6517377500180845,0.630378497088397,0.648686444317853,0.6654686821831597,0.6853022822627315,0.6441094292534723,0.6624173764829282,0.6791996708622685,0.6959819087275753,0.654789055718316,0.6700456972475405,0.6822509765625,0.6944562558774595,0.5872749964396159,0.5864168167114258,0.5838422139485677,0.5838422139485677,0.5847003936767579,0.6044386545817058,0.6095877965291341,0.6121623357137044,0.6147368748982748,0.6104459762573242,0.6155950546264648,0.6181695938110352,0.6190277735392252,0.6121623357137044,0.6164532343546549,0.6173114140828451,0.6190277735392252,0.6104459762573242,0.6138786951700846,0.6155950546264648,0.6181695938110352,0.6074935913085937,0.5891856440791378,0.5724033496997974,0.5586724175347222,0.535787511754919,0.5754546554000289,0.5800316704644097,0.5891856440791378,0.5998652705439815,0.5952882554796007,0.6013909233940973,0.6105448970088252,0.6181732177734375,0.6151218555591724,0.6227501763237847,0.630378497088397,0.6380068178530093,0.6334298027886285,0.639532470703125,0.645635082103588,0.654789055718316,0.47889474034309387,0.49245133996009827,0.49891912937164307,0.503237247467041,0.4700690805912018,0.46391111612319946,0.4580360949039459,0.5135833024978638,0.44953012466430664,0.49249380826950073,0.46692338585853577,0.5650865435600281,0.40368524193763733,0.5991503000259399,0.3751981556415558,0.6009253859519958,0.3666982054710388,0.6045485734939575,0.3618178367614746,0.5992488861083984,0.3661228120326996,0.5938449501991272,0.37383177876472473,0.5342118144035339,0.43171364068984985,0.5423513650894165,0.43574056029319763,0.5312008857727051,0.433430552482605,0.5341785550117493,0.4310294985771179,0.5045556426048279,0.45445841550827026,0.2047594040632248,0.17890655994415283,0.17979416251182556,0.1807878017425537,0.17803356051445007,0.17860889434814453,0.17895722389221191,0.2012474685907364,0.19473423063755035,0.23696166276931763,0.23454943299293518,0.38181859254837036,0.3805696368217468,0.583606481552124,0.5694993734359741,0.5939317941665649,0.6031540632247925,0.6056744456291199,0.6385418176651001,0.5839370489120483,0.6209906339645386,0.5834025740623474,0.6102035045623779,0.8525841236114502,0.8563441634178162,1.1909294128417969,1.140621304512024,1.4775651693344116,1.481153964996338,1.5125945806503296,1.5216280221939087,1.5741899013519287,1.5845915079116821
0.3757497469584147,0.3791834195454915,0.3826170921325683,0.3809002558390299,0.3791834195454915,0.3663071314493815,0.3620150248209635,0.3611566225687663,0.3611566225687663,0.3602981885274251,0.3551476796468099,0.3560060818990072,0.3585813522338867,0.3577229181925456,0.351714007059733,0.3534308433532714,0.3568645159403483,0.3568645159403483,0.3525724093119303,0.3534308433532714,0.3560060818990072,0.549584565339265,0.5236412330910012,0.499223949291088,0.479384923864294,0.4534415633590133,0.4976978443287037,0.4870153356481481,0.4839631257233796,0.4809109723126447,0.5114325629340277,0.5053282561125578,0.5007500542534722,0.499223949291088,0.5297455399124711,0.5251672815393519,0.5221151281286169,0.5205890796802662,0.549584565339265,0.5465324119285301,0.5465324119285301,0.5480585168909143,0.5912130991617839,0.5852041880289713,0.5800536473592123,0.5800536473592123,0.5809120814005534,0.5955052057902018,0.5989388783772787,0.6015141805013021,0.6040894190470377,0.6023725509643555,0.6066646575927734,0.6100983301798503,0.6126736323038737,0.6066646575927734,0.6100983301798503,0.6126736323038737,0.6143904368082682,0.6083815256754558,0.6109567642211914,0.6126736323038737,0.6143904368082682,0.5312716448748553,0.499223949291088,0.4687023586697049,0.4458111515751591,0.418341714364511,0.4641241285536024,0.4503894099482783,0.4397068447536892,0.4274982028537326,0.4748066654911748,0.4641241285536024,0.4519154866536458,0.4427589981644242,0.493119642469618,0.4824370772750289,0.4748066654911748,0.4656502052589699,0.5129586678964121,0.5068543610749421,0.5038022076642071,0.5007500542534722,0.4798852205276489,0.49329879879951477,0.4993267059326172,0.5040943622589111,0.47046807408332825,0.4642300009727478,0.45849961042404175,0.5145891904830933,0.44957971572875977,0.4932458996772766,0.46791157126426697,0.5652453899383545,0.40359947085380554,0.6033000349998474,0.3706188499927521,0.5984799861907959,0.36871102452278137,0.6040016412734985,0.3623107671737671,0.5979524254798889,0.36754074692726135,0.5937105417251587,0.3750278651714325,0.5348399877548218,0.4307706952095032,0.543291449546814,0.43555599451065063,0.5331789255142212,0.43293067812919617,0.5365362167358398,0.43070828914642334,0.5055508017539978,0.4520041346549988,0.20680806040763855,0.17953850328922272,0.1802554577589035,0.1812579482793808,0.17891235649585724,0.1797056496143341,0.1804388463497162,0.20138022303581238,0.1956268846988678,0.23796610534191132,0.23682095110416412,0.38102954626083374,0.3790636658668518,0.5861005187034607,0.5790717005729675,0.5411341786384583,0.5681066513061523,0.5090765357017517,0.5404840111732483,0.48195913434028625,0.5168468356132507,0.4961411654949188,0.527718186378479,0.8500616550445557,0.8547534942626953,1.177259922027588,1.1401152610778809,1.4690831899642944,1.4699598550796509,1.506690502166748,1.5141524076461792,1.5633901357650757,1.5616130828857422
0.3790363311767578,0.3841878573099772,0.3884807586669921,0.3876221974690755,0.3876221974690755,0.3713090896606445,0.3687333424886068,0.3678747495015462,0.366157595316569,0.3670161565144856,0.3652990023295084,0.3644404093424479,0.3627232551574707,0.3635818163553874,0.3618646621704101,0.3610060691833496,0.360147476196289,0.3618646621704101,0.3610060691833496,0.360147476196289,0.360147476196289,0.4656899911385995,0.4321098045066551,0.4000560054072627,0.3756340591995804,0.349685725459346,0.3847922713668258,0.3680022063078704,0.3542648597999855,0.3374747664840133,0.393950511791088,0.3771604184751157,0.3618967126916956,0.3466330069082755,0.4107406051070602,0.393950511791088,0.3802131652832031,0.3649494594997829,0.4321098045066551,0.4183724579987702,0.4092142175745081,0.3985296178747106,0.5850964864095052,0.579086430867513,0.5730763117472331,0.5730763117472331,0.5713591893513997,0.587672233581543,0.589389419555664,0.5902480443318685,0.589389419555664,0.5936823527018229,0.5945409138997396,0.5962580998738607,0.5996924718221028,0.5979752858479818,0.5988338470458985,0.6005510330200196,0.6031267801920573,0.6005510330200196,0.6022682189941406,0.6031267801920573,0.6048439661661784,0.4473735102900752,0.4122669643825954,0.3802131652832031,0.3573176066080729,0.3298429135923032,0.3557912190755208,0.3374747664840133,0.3222110324435764,0.3023682205765335,0.3618967126916956,0.342053872567636,0.3252637792516638,0.3038945798520688,0.3756340591995804,0.3573176066080729,0.3390011257595486,0.3206846731680411,0.4000560054072627,0.3863186588993779,0.3741076716670283,0.3603703251591435,0.48042047023773193,0.4936188757419586,0.4995574653148651,0.5044820308685303,0.4707636535167694,0.46441715955734253,0.45877885818481445,0.5154221653938293,0.449579119682312,0.49379676580429077,0.4682975709438324,0.5646705031394958,0.4035959243774414,0.6080881953239441,0.3667103052139282,0.5973924398422241,0.3723880350589752,0.6000376343727112,0.36445382237434387,0.595266580581665,0.3695300221443176,0.5914981365203857,0.3781294524669647,0.5350008010864258,0.42878034710884094,0.5431190729141235,0.4366632401943207,0.5332989692687988,0.43265655636787415,0.5368832945823669,0.4304802119731903,0.5055845379829407,0.45023971796035767,0.20757551491260529,0.17988546192646027,0.18051396310329437,0.181465283036232,0.17960119247436523,0.18058736622333527,0.18172228336334229,0.20155954360961914,0.19716131687164307,0.23833462595939636,0.23836390674114227,0.38090723752975464,0.3790396749973297,0.5866862535476685,0.5868051648139954,0.4552563428878784,0.47027090191841125,0.4026861786842346,0.41889485716819763,0.3825104236602783,0.39949148893356323,0.40160542726516724,0.4174189567565918,0.8483737111091614,0.8516374230384827,1.1729514598846436,1.1370443105697632,1.4648804664611816,1.457331657409668,1.5042070150375366,1.5050631761550903,1.564088225364685,1.550228238105774
0.3851458549499512,0.3902997016906738,0.3945945739746094,0.3945945739746094,0.3945945739746094,0.3799920082092285,0.3799920082092285,0.3782740275065104,0.3774150530497233,0.374838129679362,0.3756971041361491,0.374838129679362,0.3739791552225748,0.3714022318522135,0.3731201807657877,0.3731201807657877,0.3714022318522135,0.3696842829386393,0.3696842829386393,0.3705432573954264,0.3705432573954264,0.3980175442165798,0.365949136239511,0.3338807000054253,0.3109746579770688,0.2850145128038194,0.3079205265751591,0.2850145128038194,0.2651626304343895,0.2468378137659143,0.3125017236780237,0.2880686442057291,0.2666896961353443,0.2437836541069878,0.3247182775426794,0.29875813236943,0.2789062217429832,0.2575272736725983,0.3399889628092448,0.3216641461407696,0.3079205265751591,0.2911227756076389,0.5784154256184896,0.5715436299641927,0.5655307769775391,0.5638128280639648,0.5620948791503906,0.5766974767049153,0.5775564193725586,0.5766974767049153,0.5766974767049153,0.582710329691569,0.5818513234456381,0.5818513234456381,0.5835692723592122,0.5870051701863607,0.5861462275187175,0.5861462275187175,0.5878641764322917,0.5904410680135092,0.5904410680135092,0.5904410680135092,0.5921590169270833,0.3827468872070312,0.3522055166739005,0.3247182775426794,0.3018122637713397,0.2789062217429832,0.2865415785047743,0.2636355647334346,0.2453107480649594,0.2254588515670211,0.289595709906684,0.2636355647334346,0.2422565884060329,0.2193505746346933,0.29875813236943,0.2727979589391637,0.2514190108687789,0.2285129829689308,0.317082949037905,0.2957039727105034,0.2789062217429832,0.2605814050745081,0.48066505789756775,0.49369245767593384,0.49975013732910156,0.5049989223480225,0.470927357673645,0.4645010530948639,0.4588100016117096,0.5157185792922974,0.4496011734008789,0.49403101205825806,0.4681941270828247,0.5642775893211365,0.40568482875823975,0.6137195825576782,0.3639529347419739,0.591389536857605,0.3767649829387665,0.5882256031036377,0.3714507520198822,0.586045503616333,0.37633946537971497,0.5817372798919678,0.3851700723171234,0.5349971055984497,0.42805686593055725,0.5418228507041931,0.4368758499622345,0.5330672860145569,0.432413250207901,0.5367811322212219,0.4303959310054779,0.5055639147758484,0.44864654541015625,0.20810794830322266,0.17992888391017914,0.18062171339988708,0.18164415657520294,0.17969243228435516,0.18067686259746552,0.18176424503326416,0.201588436961174,0.19729958474636078,0.23962877690792084,0.23984716832637787,0.3796387016773224,0.37775713205337524,0.5701141953468323,0.5831738710403442,0.3809265196323395,0.4072315990924835,0.32237228751182556,0.34424927830696106,0.30760180950164795,0.32774341106414795,0.3298918902873993,0.3513615131378174,0.8474462032318115,0.8494074940681458,1.170680284500122,1.1333870887756348,1.463079810142517,1.4513448476791382,1.5035425424575806,1.500892996788025,1.5636658668518066,1.5442461967468262
0.3921504338582356,0.3973079999287923,0.4024655659993489,0.4033251762390136,0.4033251762390136,0.3895716349283854,0.3904312451680501,0.3904312451680501,0.3904312451680501,0.3844140688578287,0.386992867787679,0.386992867787679,0.3861332575480143,0.3809756914774577,0.3826948801676432,0.383554458618164,0.383554458618164,0.3783968925476074,0.3792565027872721,0.3801160812377929,0.3801160812377929,0.3484652483904803,0.3194300333658854,0.2934511537905092,0.2766412805627893,0.2552469041612413,0.2628877427842881,0.2384370309335214,0.2185708363850911,0.1987046277081524,0.2644159105088975,0.236908863208912,0.2139863190827546,0.1895356072319878,0.2690004136827257,0.2430215341073495,0.2200990041097005,0.1987046277081524,0.2751131128381799,0.2537187364366319,0.236908863208912,0.2216271718343098,0.5692270914713542,0.5632099151611328,0.5571927388509115,0.5554735819498698,0.5546139399210612,0.5683675130208333,0.566648292541504,0.5649291356404622,0.5632099151611328,0.5726654688517253,0.5709463119506836,0.5692270914713542,0.5683675130208333,0.5769634246826172,0.5743846893310547,0.5735250473022461,0.5735250473022461,0.5804018020629883,0.5795422236124674,0.5795422236124674,0.5804018020629883,0.339296242042824,0.3133173342104311,0.2903947900842737,0.2751131128381799,0.2583032396104601,0.2537187364366319,0.2323243600350839,0.2124581513581452,0.1941201104058159,0.2521905687120225,0.2292680104573567,0.2063454663311993,0.1818947544804325,0.2567750718858507,0.2323243600350839,0.2094018159089265,0.1864792717827691,0.2644159105088975,0.2445497018319589,0.2277398427327474,0.2078736481843171,0.48162034153938293,0.49429410696029663,0.5002890825271606,0.5060318112373352,0.4718654453754425,0.46501991152763367,0.45947298407554626,0.5158162117004395,0.4500957131385803,0.4953259527683258,0.4686177670955658,0.5627480745315552,0.4069106876850128,0.6170569062232971,0.3585366904735565,0.5809517502784729,0.38363170623779297,0.5775318145751953,0.38213029503822327,0.5760263204574585,0.38430365920066833,0.5712109208106995,0.39192867279052734,0.5352581143379211,0.42799675464630127,0.5396225452423096,0.43695762753486633,0.5308293700218201,0.43236589431762695,0.5340211391448975,0.43024078011512756,0.5055670142173767,0.4467293322086334,0.20820315182209015,0.17994870245456696,0.18063850700855255,0.1816643625497818,0.17971503734588623,0.18067988753318787,0.1817566156387329,0.2012568563222885,0.19743824005126953,0.23971043527126312,0.23977556824684143,0.37758970260620117,0.3759550154209137,0.5397724509239197,0.562039315700531,0.347430020570755,0.354894757270813,0.28932029008865356,0.2984265983104706,0.2762303054332733,0.28539612889289856,0.29836174845695496,0.3068239986896515,0.8458595275878906,0.847467303276062,1.17002534866333,1.1280769109725952,1.463912010192871,1.4472826719284058,1.5042093992233276,1.4970488548278809,1.5636801719665527,1.542502760887146
0.3972718874613444,0.4041464487711588,0.4093023618062337,0.4101616859436035,0.4110210100809733,0.398990535736084,0.4007091840108235,0.4015684763590494,0.4032871246337891,0.3946939468383789,0.3972718874613444,0.398990535736084,0.3998498598734538,0.3903973261515299,0.3929752985636393,0.3938346227010091,0.3946939468383789,0.3869600613911946,0.3886786778767904,0.3903973261515299,0.3903973261515299,0.3183206628870081,0.2984608120388455,0.2801286485460069,0.2648518597638165,0.246519696270978,0.2434643498173466,0.2220768257423683,0.2052723354763455,0.188467859338831,0.2404089751066985,0.2174937778049045,0.1961062678584346,0.1731910564281322,0.2388812877513744,0.2174937778049045,0.1961062678584346,0.176246417010272,0.2419366624620225,0.223604498969184,0.2083276960584852,0.1915232199209707,0.5605426788330078,0.5562461217244467,0.5510901769002279,0.5502308527628581,0.5493715286254883,0.5588240305582682,0.5571053822835287,0.5553867975870769,0.554527473449707,0.5631206512451172,0.559683354695638,0.5588240305582682,0.5579647064208985,0.5665579477945963,0.563979975382487,0.5631206512451172,0.5631206512451172,0.5708545049031576,0.5699951807657878,0.5691359202067058,0.5708545049031576,0.3122099417227286,0.2954054655852141,0.281656335901331,0.270962580928096,0.2572134512442129,0.2404089751066985,0.2220768257423683,0.2068000228316695,0.189995546694155,0.235825941297743,0.2144384172227647,0.1961062678584346,0.176246417010272,0.2342982680709273,0.2129107439959491,0.1945785805031105,0.1747187437834563,0.235825941297743,0.2190214651602285,0.2037446622495298,0.1869401861120153,0.48210036754608154,0.4949861168861389,0.5009408593177795,0.5071735978126526,0.4726007282733917,0.4657754898071289,0.4601367115974426,0.5162283182144165,0.4511232078075409,0.4963761568069458,0.4692848324775696,0.560380220413208,0.40903860330581665,0.618076741695404,0.35598331689834595,0.5705849528312683,0.3903767764568329,0.5719066858291626,0.3905624747276306,0.5667148232460022,0.39211907982826233,0.5589771866798401,0.3992427885532379,0.535301148891449,0.4279654324054718,0.5373693108558655,0.4376177191734314,0.5280226469039917,0.43156540393829346,0.5306704044342041,0.428739458322525,0.5053241848945618,0.4456883668899536,0.2084258645772934,0.1801462322473526,0.18073391914367676,0.1817556619644165,0.17992140352725983,0.18081161379814148,0.18190622329711914,0.20110708475112915,0.197789266705513,0.24014562368392944,0.23974764347076416,0.3746776580810547,0.374555379152298,0.5152605772018433,0.5349084138870239,0.3179363012313843,0.3346783518791199,0.26022833585739136,0.27700096368789673,0.25401413440704346,0.27043214440345764,0.2752962112426758,0.29236507415771484,0.8439744710922241,0.8438611030578613,1.1696581840515137,1.1234723329544067,1.4646247625350952,1.4464203119277954,1.504553198814392,1.4952096939086914,1.5614804029464722,1.5438965559005737
0.4039722442626953,0.4099856694539388,0.4159990946451823,0.4168581326802572,0.4185762723286946,0.4082675298055013,0.4099856694539388,0.4117037773132324,0.4125628471374511,0.4039722442626953,0.4074084917704264,0.4082675298055013,0.40912659962972,0.3996769587198893,0.4022541364034017,0.4031131744384765,0.4039722442626953,0.3945226033528646,0.3970997810363769,0.3988178888956705,0.3988178888956705,0.2970501369900173,0.2863596315737123,0.2756690979003906,0.2634513572410301,0.2497064095956307,0.2359614619502315,0.2191620720757378,0.2038899033157913,0.1870905134412977,0.2298525916205512,0.2099987736454716,0.193199383770978,0.1718183446813512,0.2252709424054181,0.2069443455448857,0.1886177345558449,0.1702911376953125,0.2237437212908709,0.2084715525309244,0.1947266048855251,0.1809816431116175,0.5543076833089192,0.5491533279418945,0.5448580423990885,0.5448580423990885,0.5465761184692383,0.5525895436604817,0.5508714040120443,0.5491533279418945,0.5491533279418945,0.5560257593790691,0.5534486134847005,0.5525895436604817,0.5517304738362631,0.559462038675944,0.5568848292032877,0.5568848292032877,0.5568848292032877,0.56375732421875,0.5620391845703125,0.5620391845703125,0.5628982543945312,0.2955229300039786,0.283305189344618,0.2710874486852575,0.258869708025897,0.2497064095956307,0.2344342408356843,0.2191620720757378,0.2054171244303385,0.190144955670392,0.2298525916205512,0.2115259947600188,0.1947266048855251,0.1763999938964843,0.2252709424054181,0.2084715525309244,0.1916721626564308,0.1733455657958984,0.2252709424054181,0.2084715525309244,0.1947266048855251,0.1794544361255787,0.4826889634132385,0.4958225190639496,0.5016466379165649,0.5080481171607971,0.47307437658309937,0.46627384424209595,0.4605470895767212,0.5166317224502563,0.45159879326820374,0.4977886974811554,0.4699743986129761,0.5585623979568481,0.41175153851509094,0.6164853572845459,0.35451820492744446,0.5623762011528015,0.3961850702762604,0.5638299584388733,0.39744842052459717,0.5578201413154602,0.40011894702911377,0.5507718324661255,0.40568527579307556,0.5355425477027893,0.428432434797287,0.5362638831138611,0.44013354182243347,0.5276128649711609,0.43158867955207825,0.5299901962280273,0.4286597669124603,0.5058342814445496,0.44609490036964417,0.20874345302581787,0.18033979833126068,0.18082323670387268,0.18182364106178284,0.17997929453849792,0.1808217316865921,0.1819065660238266,0.20098118484020233,0.19780591130256653,0.2403426617383957,0.2396574169397354,0.3688151240348816,0.3727608025074005,0.4933672249317169,0.5066387057304382,0.2954089641571045,0.30881813168525696,0.24446628987789154,0.25528913736343384,0.23850837349891663,0.24750295281410217,0.2591596841812134,0.2685755491256714,0.837863564491272,0.8384725451469421,1.164416790008545,1.1178805828094482,1.4633594751358032,1.445170521736145,1.504670262336731,1.4934104681015015,1.557344675064087,1.5440000295639038
0.4079768180847168,0.4148459434509277,0.4217150688171386,0.4234323501586914,0.4234323501586914,0.413128662109375,0.4148459434509277,0.4174218813578287,0.4182805061340332,0.4096940994262695,0.4122700055440267,0.4139873186747233,0.415704600016276,0.4054008801778158,0.4079768180847168,0.4096940994262695,0.4105527242024739,0.4002490361531575,0.4028249740600585,0.4045422554016113,0.4054008801778158,0.2852215237087673,0.2760626898871527,0.2684303283691406,0.2592714662905092,0.2501126324688947,0.2333214088722511,0.21805665757921,0.2058448650218822,0.1890536414252387,0.227215505529333,0.2088978096290871,0.1936330724645543,0.1768418488679108,0.2195831298828125,0.2043183927182798,0.1890536414252387,0.1722624319571035,0.2165301852756076,0.2027919204146773,0.1905801278573495,0.1768418488679108,0.5496527353922526,0.5445008595784505,0.5393489837646485,0.5402076721191407,0.5427836100260417,0.5496527353922526,0.5487940470377605,0.5470767974853515,0.5470767974853515,0.5530872980753581,0.5513699849446615,0.5496527353922526,0.5496527353922526,0.5548045476277669,0.5530872980753581,0.5530872980753581,0.5539459228515625,0.5582391103108724,0.5565218607584635,0.5565218607584635,0.5565218607584635,0.2821685791015625,0.2745362175835503,0.2669038278085214,0.2562185216833044,0.2455331873010706,0.227215505529333,0.2104242960611979,0.1982124893753616,0.1844742245144314,0.2211096163149233,0.2027919204146773,0.1875271691216362,0.1722624319571035,0.2150037129720052,0.1982124893753616,0.1829477522108289,0.1676830009177879,0.2119507683648003,0.1982124893753616,0.1844742245144314,0.1707359596535011,0.4831319749355316,0.49639853835105896,0.5020909309387207,0.5085195899009705,0.4736550450325012,0.466869056224823,0.46123015880584717,0.5167988538742065,0.4523787498474121,0.4986792206764221,0.4703177511692047,0.556689441204071,0.41447558999061584,0.6156895160675049,0.3545989990234375,0.5598936676979065,0.40076589584350586,0.5610972046852112,0.40179628133773804,0.5539795160293579,0.40687331557273865,0.5469391345977783,0.41216734051704407,0.5357863306999207,0.429391086101532,0.5359175801277161,0.4414282441139221,0.5264948606491089,0.43206217885017395,0.5285065174102783,0.42884477972984314,0.5055596828460693,0.44663113355636597,0.20969176292419434,0.1808783859014511,0.18136756122112274,0.1824173778295517,0.18012018501758575,0.18085280060768127,0.1819126158952713,0.20110753178596497,0.19778424501419067,0.24126696586608887,0.23963221907615662,0.36399197578430176,0.3724798560142517,0.4746127128601074,0.4837736487388611,0.28847792744636536,0.2950039207935333,0.2366696149110794,0.24447032809257507,0.23232565820217133,0.23881293833255768,0.253915399312973,0.2609138488769531,0.8345165252685547,0.8350422382354736,1.1647840738296509,1.1165761947631836,1.4639345407485962,1.4455889463424683,1.5047396421432495,1.4934606552124023,1.5588747262954712,1.5453486442565918
0.4116845766703287,0.4185488700866699,0.4254131317138672,0.4262711842854818,0.4245551109313965,0.4159747441609701,0.4176908175150553,0.4202649434407552,0.4211229642232259,0.4116845766703287,0.4151167233784993,0.4168327967325846,0.4176908175150553,0.4082524299621582,0.410826555887858,0.4125426292419433,0.4125426292419433,0.4031042416890462,0.4056783358256022,0.4073944091796875,0.4082524299621582,0.2766043203848379,0.2689773559570312,0.2598249647352431,0.2491472032335069,0.2384694417317708,0.2232154846191406,0.2094869260434751,0.1957583674678096,0.1820298088921441,0.2171139045997902,0.1988091504132306,0.1850805918375651,0.1667758517795139,0.2110123245804398,0.1942329689308449,0.1789790118182147,0.1637250547055845,0.2079615275065104,0.1942329689308449,0.1820298088921441,0.1683012503164785,0.5472541173299154,0.5429639180501302,0.5386737187703451,0.5395317713419596,0.5421058654785156,0.550686264038086,0.5481121063232421,0.5463960647583008,0.5463960647583008,0.5524023056030274,0.5498282114664713,0.5481121063232421,0.5481121063232421,0.5532603581746419,0.5515442530314127,0.550686264038086,0.5515442530314127,0.5541183471679687,0.5532603581746419,0.5524023056030274,0.5532603581746419,0.2735535233109085,0.2613503632722077,0.2521980003074363,0.2338932461208767,0.2247408831561053,0.2125377231174045,0.1957583674678096,0.1850805918375651,0.1683012503164785,0.2064361289695457,0.1896567874484592,0.1744028303358289,0.1591488732231988,0.20185994748716,0.1850805918375651,0.1713520332618996,0.1560980902777777,0.2003345489501953,0.1866059903745298,0.1713520332618996,0.157623474686234,0.4835653603076935,0.4968445897102356,0.5024845004081726,0.5089675784111023,0.474148154258728,0.4673643708229065,0.46183106303215027,0.5168725848197937,0.4530583620071411,0.49928733706474304,0.47053825855255127,0.5551586151123047,0.4157995581626892,0.6150722503662109,0.35509663820266724,0.5582429766654968,0.4025891423225403,0.5573921203613281,0.4038947820663452,0.5509887337684631,0.4093272089958191,0.5450920462608337,0.41421085596084595,0.5363152623176575,0.4301399886608124,0.5361860990524292,0.44240525364875793,0.5263453722000122,0.43203121423721313,0.5275996923446655,0.42852750420570374,0.5059391260147095,0.4481256306171417,0.21157525479793549,0.18179070949554443,0.1822754591703415,0.1832858771085739,0.1806061565876007,0.18115705251693726,0.18222126364707947,0.2013753056526184,0.19784800708293915,0.24227789044380188,0.24023182690143585,0.36259934306144714,0.37249723076820374,0.4629341661930084,0.47254300117492676,0.2757909893989563,0.2884799838066101,0.22421686351299286,0.24079544842243195,0.21972940862178802,0.23427154123783112,0.24225051701068878,0.25672414898872375,0.8346261382102966,0.8355227708816528,1.165213704109192,1.1168484687805176,1.4641999006271362,1.4460020065307617,1.504868507385254,1.493664026260376,1.5596152544021606,1.5461238622665405
0.4140849113464355,0.4200805981953939,0.4243632316589355,0.4243632316589355,0.4235067049662272,0.4157979647318522,0.4175110181172689,0.4200805981953939,0.4209371248881022,0.4123718579610189,0.4149414380391439,0.4175110181172689,0.4183675448099772,0.4089457511901855,0.4115153312683105,0.4132283846537272,0.4140849113464355,0.4046631177266439,0.4072326978047689,0.4089457511901855,0.4106588045756022,0.2701337461118345,0.2579520048918547,0.2457702919288917,0.2335885789659288,0.2229295659948278,0.2122705671522352,0.1939979835792824,0.180293556495949,0.1620209729229962,0.2061797106707537,0.1879071270978009,0.1696345576533564,0.1498392599600332,0.203134282430013,0.1848616988570602,0.1665891294126157,0.1467938317192925,0.2016115683096426,0.1848616988570602,0.1696345576533564,0.1544074023211444,0.5477031707763672,0.5442770640055339,0.5399943669637044,0.5399943669637044,0.5417074203491211,0.5511292775472005,0.5485596974690755,0.5459901173909505,0.5477031707763672,0.5528423309326171,0.5494162241617838,0.5485596974690755,0.5494162241617838,0.5536988576253256,0.5502727508544922,0.5511292775472005,0.5519858042399088,0.5545553843180339,0.5528423309326171,0.5519858042399088,0.5519858042399088,0.2686110319914641,0.2518611484103732,0.2335885789659288,0.2168387095133463,0.2061797106707537,0.2016115683096426,0.1818162706163194,0.1681118435329861,0.1513619740804036,0.1985661400689019,0.1757254141348379,0.1589755446822555,0.1422256893581814,0.1955207118281611,0.1757254141348379,0.1574528305618851,0.1391802611174407,0.1955207118281611,0.1787708423755787,0.1635436870433666,0.1483165458396629,0.4842510223388672,0.49739065766334534,0.5030481219291687,0.5096404552459717,0.4746153652667999,0.46775203943252563,0.4621797800064087,0.5171178579330444,0.45347124338150024,0.49999377131462097,0.47070327401161194,0.554255485534668,0.4166256785392761,0.6146447658538818,0.3555571436882019,0.5577074885368347,0.40437883138656616,0.5566030144691467,0.4051974415779114,0.5503387451171875,0.41086533665657043,0.5444799065589905,0.41577234864234924,0.5364921689033508,0.43080681562423706,0.5361229777336121,0.4429236650466919,0.525732159614563,0.43198686838150024,0.5263031721115112,0.42831307649612427,0.5059865117073059,0.44841620326042175,0.21288341283798218,0.18248990178108215,0.18281546235084534,0.18365491926670074,0.1812182366847992,0.18165971338748932,0.18276391923427582,0.20145145058631897,0.19809041917324066,0.24264267086982727,0.24064090847969055,0.3627442717552185,0.3720197379589081,0.45871150493621826,0.46916019916534424,0.2666687071323395,0.28308364748954773,0.21117280423641205,0.23079100251197815,0.2065044790506363,0.222318634390831,0.23184016346931458,0.24803175032138824,0.8337068557739258,0.8351477384567261,1.1646935939788818,1.1156611442565918,1.464543104171753,1.445968508720398,1.5051381587982178,1.4938291311264038,1.5605120658874512,1.5461512804031372
0.4123758316040039,0.4175007502237955,0.4209173838297526,0.4192090670267741,0.4183549245198568,0.4115216890970866,0.4140841484069824,0.4149382909138997,0.4157924652099609,0.4089592297871907,0.4115216890970866,0.4132300059000651,0.4140841484069824,0.4063967704772949,0.4098133722941081,0.4106675465901693,0.4106675465901693,0.4046884536743164,0.4072509129842122,0.4089592297871907,0.4098133722941081,0.2721471150716146,0.2524066783763744,0.2326662558096426,0.2159628126356337,0.2022963629828559,0.1977408797652633,0.1780004430700231,0.1628155037208839,0.1430750670256438,0.1947038862440321,0.1719264701560691,0.1506675437644676,0.1309271070692274,0.1947038862440321,0.1719264701560691,0.1506675437644676,0.1309271070692274,0.1962223900689019,0.1780004430700231,0.1612970140245225,0.1430750670256438,0.5507486979166667,0.5481862386067708,0.545623779296875,0.5473320643107097,0.5490403493245443,0.5558736165364583,0.5524569829305013,0.5524569829305013,0.5524569829305013,0.557581901550293,0.5533111572265625,0.5533111572265625,0.5524569829305013,0.557581901550293,0.554165267944336,0.554165267944336,0.554165267944336,0.5567277272542318,0.5550194422403971,0.554165267944336,0.554165267944336,0.2645546524612991,0.2432957119411892,0.222036799678096,0.2022963629828559,0.1901484030264395,0.1901484030264395,0.1688894766348379,0.1521860334608289,0.1324456108940972,0.1886299133300781,0.1628155037208839,0.1430750670256438,0.1218161406340422,0.1886299133300781,0.1643339934172453,0.1430750670256438,0.123334644458912,0.1901484030264395,0.1704079804597077,0.1537045372856987,0.1370010941116898,0.4849696755409241,0.4979889690876007,0.5036357641220093,0.5102623105049133,0.4751497209072113,0.46815380454063416,0.4624577760696411,0.517400324344635,0.4537753164768219,0.5007598400115967,0.47104161977767944,0.5538530945777893,0.4163439869880676,0.6144514679908752,0.35594531893730164,0.5582267642021179,0.40435412526130676,0.557948112487793,0.4052722752094269,0.5518661141395569,0.40912190079689026,0.5453090071678162,0.41423287987709045,0.5366075038909912,0.4309055507183075,0.5355282425880432,0.4426739513874054,0.5249150991439819,0.43190670013427734,0.5248464345932007,0.42812392115592957,0.5060509443283081,0.4483959972858429,0.21313107013702393,0.18266555666923523,0.18293794989585876,0.18378524482250214,0.18144086003303528,0.1818918138742447,0.18304570019245148,0.20156022906303406,0.19834575057029724,0.24266493320465088,0.24077337980270386,0.3630482852458954,0.37153708934783936,0.4598963260650635,0.47078385949134827,0.2692551612854004,0.28111517429351807,0.21191535890102386,0.22528377175331116,0.20757310092449188,0.21799513697624207,0.23327024281024933,0.24478162825107574,0.8339745402336121,0.8356594443321228,1.1651211977005005,1.1161850690841675,1.4648001194000244,1.4463733434677124,1.5052170753479004,1.4942340850830078,1.5609900951385498,1.5469523668289185
0.4088799794514974,0.4131389617919921,0.4156943639119466,0.4139907836914062,0.4131389617919921,0.4046209971110026,0.407176399230957,0.407176399230957,0.4063246091206868,0.4029174168904622,0.4054727872212728,0.4054727872212728,0.4054727872212728,0.4020655949910481,0.4037692070007324,0.4046209971110026,0.4046209971110026,0.401213804880778,0.4029174168904622,0.4037692070007324,0.4046209971110026,0.2707936887387876,0.2465647662127459,0.2253644872594762,0.2056785018355758,0.1905354393853081,0.1875068240695529,0.1647922233298973,0.1451062379059968,0.1239059448242187,0.1875068240695529,0.1602493003562644,0.1375347137451172,0.1148201130054615,0.1905354393853081,0.1632779156720196,0.14207763671875,0.1193630359790943,0.1935640547010633,0.1753923769350405,0.1587350068268952,0.1405633290608724,0.5553891499837239,0.5519819259643555,0.5502783457438151,0.5511301676432292,0.5519819259643555,0.5596481323242187,0.5570927302042643,0.5570927302042643,0.5579445521036784,0.5613517125447591,0.5579445521036784,0.5579445521036784,0.5596481323242187,0.5613517125447591,0.5596481323242187,0.5596481323242187,0.5613517125447591,0.5613517125447591,0.5604999542236329,0.5604999542236329,0.5604999542236329,0.2632221363208912,0.2405075638382523,0.2177929489700882,0.1996212712040654,0.1890211317274305,0.1814495934380425,0.1587350068268952,0.1390490214029948,0.1178487283212167,0.1814495934380425,0.1541920838532624,0.1314774831136067,0.1087628894382052,0.1844782087537977,0.1572206991690176,0.1360204060872396,0.1148201130054615,0.1890211317274305,0.16933514630353,0.1526777761953848,0.1345060984293619,0.4851505160331726,0.4981585443019867,0.5038560032844543,0.510565459728241,0.47546643018722534,0.46842777729034424,0.46267881989479065,0.5174981951713562,0.45411762595176697,0.5008286833763123,0.4713180661201477,0.5540040731430054,0.41611388325691223,0.6141933798789978,0.35621342062950134,0.5591147541999817,0.4043024778366089,0.5595095753669739,0.40409672260284424,0.5537979602813721,0.40758955478668213,0.5471314191818237,0.41305220127105713,0.536720871925354,0.4309546649456024,0.5353439450263977,0.44258812069892883,0.5246906280517578,0.4316287338733673,0.5246171355247498,0.4276266396045685,0.5061241984367371,0.4483581781387329,0.21376721560955048,0.1830005794763565,0.1832028031349182,0.18402618169784546,0.18199163675308228,0.1823304295539856,0.18340061604976654,0.20173247158527374,0.1983601450920105,0.24299265444278717,0.24112796783447266,0.3633788824081421,0.3714655339717865,0.46347764134407043,0.473307728767395,0.26851776242256165,0.2760624289512634,0.2090141922235489,0.2158070057630539,0.20288600027561188,0.20876674354076385,0.22984528541564941,0.2360531985759735,0.8342410326004028,0.8357701897621155,1.1654419898986816,1.1164127588272095,1.4644829034805298,1.446216344833374,1.5053244829177856,1.4940640926361084,1.5613329410552979,1.547477126121521
0.4059365590413411,0.4101952870686849,0.4127505302429199,0.4118987719217936,0.4118987719217936,0.3999743461608886,0.4016778628031413,0.4016778628031413,0.400826104482015,0.3982708613077799,0.400826104482015,0.400826104482015,0.3999743461608886,0.3982708613077799,0.400826104482015,0.400826104482015,0.3999743461608886,0.3999743461608886,0.400826104482015,0.4016778628031413,0.4016778628031413,0.2753094991048177,0.2480536566840278,0.2238262741654007,0.2056557266800492,0.1905136108398437,0.1920278195981626,0.1678004229510272,0.1481156525788483,0.1254024788185402,0.1935420283564815,0.164771991305881,0.1405445946587456,0.1178314138341833,0.1965704458731192,0.1708288404676649,0.1496298754656756,0.1284308963351779,0.2026273091634114,0.1844567475495515,0.169314631709346,0.1496298754656756,0.556695302327474,0.5541400909423828,0.5515848795572916,0.5541400909423828,0.5549918492635091,0.5601023356119792,0.5583988189697265,0.5601023356119792,0.561805788675944,0.5626575469970703,0.5601023356119792,0.561805788675944,0.5643610636393229,0.5635093053181967,0.561805788675944,0.5626575469970703,0.5660645167032877,0.5635093053181967,0.5635093053181967,0.5635093053181967,0.5643610636393229,0.2647100095395688,0.2404826128924334,0.216255216245298,0.1980846687599464,0.1889993879530165,0.1799141212745949,0.1556867246274595,0.1375161771421079,0.1163171980116102,0.1814283300329137,0.1526582929823133,0.1299451192220052,0.1087461400915075,0.1844567475495515,0.1587151421440972,0.1360019542552806,0.1148029892532913,0.1920278195981626,0.1723430492259837,0.1572009333857783,0.1390303859004268,0.48524561524391174,0.49816733598709106,0.5038781762123108,0.5105491876602173,0.47564399242401123,0.4686352610588074,0.4628313183784485,0.5174953937530518,0.4543491303920746,0.5008322596549988,0.47165921330451965,0.5540492534637451,0.41596686840057373,0.6139535903930664,0.35644060373306274,0.5592911243438721,0.40419498085975647,0.560710608959198,0.4031813442707062,0.5549790859222412,0.40653595328330994,0.5482341647148132,0.4121783971786499,0.536912202835083,0.4310431480407715,0.5349093079566956,0.44227924942970276,0.5244645476341248,0.43099313974380493,0.5244520902633667,0.4267382323741913,0.5062656998634338,0.44812294840812683,0.21427150070667267,0.18317028880119324,0.18333390355110168,0.18412649631500244,0.18245956301689148,0.18275535106658936,0.18375127017498016,0.20198899507522583,0.1984875649213791,0.2433161735534668,0.24132868647575378,0.36375269293785095,0.3715065121650696,0.4653704762458801,0.475227415561676,0.2701234519481659,0.2751668095588684,0.21023650467395782,0.21378664672374725,0.20393475890159607,0.20570814609527588,0.23092687129974365,0.23275890946388245,0.8343040943145752,0.8363405466079712,1.1656261682510376,1.1165213584899902,1.4644982814788818,1.4464528560638428,1.5054789781570435,1.49430251121521,1.5615885257720947,1.547876000404358
0.4090427080790201,0.4133061091105143,0.4150114695231119,0.4141587893168131,0.4133061091105143,0.4030739148457845,0.4047792752583821,0.4039265950520833,0.4022212346394856,0.400515874226888,0.4030739148457845,0.4022212346394856,0.400515874226888,0.400515874226888,0.4022212346394856,0.4013685544331868,0.3996631940205892,0.3996631940205892,0.4013685544331868,0.4013685544331868,0.4013685544331868,0.2792990507902922,0.2535290753399884,0.2323067276566117,0.2156320359971788,0.201989096182364,0.1959255783646195,0.1731873547589337,0.1549967871771918,0.1337744394938151,0.1974414542869285,0.1686397128634982,0.1443856133355034,0.1216473897298177,0.1974414542869285,0.1716714788366247,0.1504491452817563,0.1277109216760706,0.201989096182364,0.1822826385498047,0.1671238369411892,0.1489332552309389,0.5548515319824219,0.5531461715698243,0.5522934595743815,0.5548515319824219,0.5557041803995768,0.5625256856282552,0.5599676132202148,0.5608203252156575,0.5625256856282552,0.5642310460408528,0.5608203252156575,0.5616729736328125,0.5633783340454102,0.5642310460408528,0.5616729736328125,0.5633783340454102,0.5650836944580078,0.5633783340454102,0.5633783340454102,0.5633783340454102,0.5642310460408528,0.2686878628200955,0.2444337632921007,0.2216955538149233,0.2050208621554904,0.1944096883138021,0.1883461704960576,0.1656079468903718,0.1474173793086299,0.1277109216760706,0.1898620464183666,0.1610603049949363,0.139837971440068,0.1170997478343822,0.191377936469184,0.1640920709680628,0.1428697374131944,0.1216473897298177,0.1944096883138021,0.1747032448097511,0.1580285390218098,0.139837971440068,0.48546549677848816,0.4982674717903137,0.5040077567100525,0.5106071829795837,0.4757975935935974,0.4687761962413788,0.4628976285457611,0.517594575881958,0.4546235501766205,0.5010533332824707,0.4719199240207672,0.5541172027587891,0.4161650538444519,0.6137928366661072,0.35660454630851746,0.5591162443161011,0.404575914144516,0.5613365769386292,0.4032852053642273,0.5557399988174438,0.40591591596603394,0.5487136244773865,0.41165873408317566,0.5370009541511536,0.43125635385513306,0.5348679423332214,0.4422001242637634,0.5245335102081299,0.4309730529785156,0.5244910717010498,0.426730751991272,0.5071841478347778,0.4481797218322754,0.21435919404029846,0.18320471048355103,0.1833653301000595,0.18415729701519012,0.18255624175071716,0.18286803364753723,0.18390348553657532,0.20203867554664612,0.1986226588487625,0.2433520257472992,0.24136985838413239,0.36387935280799866,0.3715084493160248,0.4678909182548523,0.4782583713531494,0.27441439032554626,0.2798330783843994,0.2169327437877655,0.22090570628643036,0.21062806248664856,0.21462008357048035,0.23691070079803467,0.24142058193683624,0.8344255685806274,0.8363956809043884,1.1658291816711426,1.1166071891784668,1.464664340019226,1.446486234664917,1.506428599357605,1.4943784475326538,1.5616594552993774,1.5481464862823486
0.4131185531616211,0.4182458877563476,0.4216641108194986,0.4208095550537109,0.4191004435221354,0.4105548858642578,0.4122639973958333,0.4131185531616211,0.4114094416300455,0.4071366628011068,0.40970033009847,0.4088457743326822,0.4088457743326822,0.4045729955037435,0.4054275512695312,0.4054275512695312,0.4045729955037435,0.4003002484639485,0.4011548042297363,0.4011548042297363,0.3994456926981608,0.2792923538773148,0.2625810411241319,0.2458697283709491,0.2337160463686342,0.2230815746166088,0.2094086823640046,0.1911781734890408,0.1744668607358579,0.153197917231807,0.2063702618634259,0.183582122237594,0.1607939684832537,0.1410442352294922,0.2048510516131365,0.183582122237594,0.1607939684832537,0.1395250249792028,0.2063702618634259,0.188139752988462,0.1714284402352792,0.1547171274820963,0.5515565872192383,0.5498474756876628,0.5481383641560872,0.5498474756876628,0.552411142985026,0.5575384775797526,0.5549748102823894,0.5558293660481771,0.5592475891113281,0.5601021448771158,0.5566839218139649,0.5583930333455404,0.5609567006429036,0.5618112564086915,0.5592475891113281,0.5618112564086915,0.5643749237060547,0.5635203679402669,0.5635203679402669,0.5643749237060547,0.5669385910034179,0.2732155128761574,0.2519465693721064,0.2337160463686342,0.2170047336154514,0.2063702618634259,0.1987742247404875,0.1775052812364366,0.1623131787335431,0.1440826557300709,0.1972550144901982,0.1714284402352792,0.1516787069815176,0.131928973727756,0.1957358042399088,0.1729476504855685,0.1516787069815176,0.131928973727756,0.1972550144901982,0.1805437017370153,0.1638323889838324,0.1471210762306496,0.4858924150466919,0.4985513985157013,0.5042330622673035,0.5108581185340881,0.4759102165699005,0.46886202692985535,0.462952196598053,0.5178465843200684,0.4547980725765228,0.5014458298683167,0.47215408086776733,0.5541699528694153,0.4166281521320343,0.6136671900749207,0.35663509368896484,0.5588417053222656,0.405646950006485,0.5615659356117249,0.40434616804122925,0.556187093257904,0.4074476659297943,0.5488237142562866,0.41322988271713257,0.5370538234710693,0.43150463700294495,0.5348753333091736,0.4419974684715271,0.5245656371116638,0.4309743642807007,0.5245608687400818,0.426744669675827,0.508161723613739,0.448330283164978,0.21453799307346344,0.1833072006702423,0.18344920873641968,0.18425488471984863,0.18261229991912842,0.18291030824184418,0.18397124111652374,0.20205636322498322,0.19862908124923706,0.24342283606529236,0.24149663746356964,0.3627889156341553,0.37066131830215454,0.4699077904224396,0.4796020984649658,0.2768566608428955,0.28667277097702026,0.21965815126895905,0.23052804172039032,0.21364246308803558,0.22437772154808044,0.2394687533378601,0.250832736492157,0.8346129655838013,0.8365986347198486,1.1659250259399414,1.1163543462753296,1.4647647142410278,1.4461328983306885,1.5065736770629883,1.4942474365234375,1.562363862991333,1.5483641624450684
0.415206241607666,0.4203343073527018,0.4263170878092447,0.4254624048868815,0.4228983561197916,0.4160608927408854,0.4169155756632487,0.4186249415079752,0.4177702585856119,0.4117875099182129,0.4134968757629395,0.415206241607666,0.415206241607666,0.4075140953063965,0.409223461151123,0.4100781440734863,0.4100781440734863,0.4015313148498535,0.4032406806945801,0.4032406806945801,0.4023859977722168,0.2790613245081018,0.2669058623137297,0.2562698081687645,0.2441143459743923,0.2349977281358506,0.2198033933286313,0.2046090443929036,0.1894146954571759,0.1711814880371093,0.2152450844093605,0.1954924406828703,0.1772592191342954,0.1575065754078052,0.2122062117965133,0.1939730043764467,0.1757397828278718,0.1575065754078052,0.2106867754900897,0.1954924406828703,0.1802980917471426,0.1635843065049913,0.5511006673177083,0.5476819356282552,0.5451178868611654,0.5468272527058919,0.5493913014729818,0.5553740819295248,0.5528100331624349,0.5528100331624349,0.556228764851888,0.5579381306966146,0.5553740819295248,0.556228764851888,0.5579381306966146,0.5605021794637044,0.5579381306966146,0.5596474965413412,0.562211545308431,0.5639209111531576,0.5630662282307942,0.5639209111531576,0.5673395792643229,0.2729836075394242,0.2562698081687645,0.2410754733615451,0.2243616881193938,0.2122062117965133,0.2061284806993272,0.1863758228443287,0.1711814880371093,0.1514288301821108,0.20308960808648,0.178778655440719,0.1605454338921441,0.1407927901656539,0.2000507354736328,0.178778655440719,0.1590260117142288,0.1392733538592303,0.2015701717800564,0.1833369643599898,0.1666231791178385,0.1499093938756872,0.48610004782676697,0.4986477196216583,0.5043094754219055,0.5109602212905884,0.47595131397247314,0.46890509128570557,0.4630074203014374,0.518122136592865,0.4550151824951172,0.501743733882904,0.4722638428211212,0.5542246103286743,0.41709378361701965,0.6135708093643188,0.3566610515117645,0.5586079955101013,0.40663090348243713,0.5615924596786499,0.405244380235672,0.5563879609107971,0.409599632024765,0.5488573312759399,0.4153237044811249,0.5370657444000244,0.43173253536224365,0.5352910757064819,0.44186922907829285,0.5247804522514343,0.4311674237251282,0.5245873332023621,0.4269748330116272,0.508749783039093,0.44831594824790955,0.2147819548845291,0.18345992267131805,0.18354809284210205,0.18433019518852234,0.18275347352027893,0.18302999436855316,0.1841193586587906,0.20206153392791748,0.1986367106437683,0.2436242252588272,0.24166205525398254,0.36055365204811096,0.3679403066635132,0.4713166356086731,0.47859111428260803,0.27700889110565186,0.29132381081581116,0.22047574818134308,0.23739194869995117,0.21463052928447723,0.2321663647890091,0.2398274689912796,0.257111132144928,0.8336486220359802,0.8348491191864014,1.1656768321990967,1.1154221296310425,1.464383840560913,1.4451537132263184,1.5063588619232178,1.493545651435852,1.5625795125961304,1.548115849494934
0.4162633577982584,0.4222454071044922,0.4273729006449381,0.4273729006449381,0.4239545822143554,0.4171179453531901,0.4188270886739095,0.4205362637837728,0.4213908513387044,0.4128450393676758,0.4154088020324707,0.4179725329081217,0.4188270886739095,0.4085721651713053,0.4111358960469564,0.4128450393676758,0.4136996269226074,0.4034447034200032,0.4051538467407226,0.4060084342956543,0.4051538467407226,0.279303232828776,0.2671492399992766,0.2565144856770833,0.24587973135489,0.2352449770326967,0.2230909700746889,0.2078984578450521,0.1927059597439236,0.1759942090069806,0.2170139736599392,0.1987829702871817,0.1805519669144241,0.1608017109058521,0.2124562157524956,0.1957444650155526,0.1775134616427951,0.1592824582700376,0.2109369631166811,0.1972637176513672,0.1820712054217303,0.1653594546847873,0.5512867609659831,0.5478684107462565,0.5453046798706055,0.5470138549804687,0.5495775858561198,0.5555596033732096,0.5529958724975585,0.5529958724975585,0.5555596033732096,0.5581233342488606,0.5547050476074219,0.5555596033732096,0.5572687784830729,0.559832509358724,0.5572687784830729,0.5589779535929362,0.5615416844685872,0.5632508595784506,0.562396240234375,0.5632508595784506,0.5658145904541015,0.2732262222855179,0.2565144856770833,0.2398027208116319,0.2230909700746889,0.2124562157524956,0.2048599667019314,0.1835904580575448,0.1683979599564163,0.1501669565836588,0.2018214614303023,0.1775134616427951,0.157763205634223,0.138012949625651,0.2003022087944878,0.1775134616427951,0.1562439529984085,0.1364936969898365,0.2003022087944878,0.1820712054217303,0.1668787073206018,0.1501669565836588,0.4861319363117218,0.4986568093299866,0.5043186545372009,0.5109615921974182,0.4759567081928253,0.4689224064350128,0.4630264639854431,0.5184177756309509,0.455263614654541,0.5019030570983887,0.47227683663368225,0.5541989803314209,0.41785725951194763,0.6135046482086182,0.3567589521408081,0.5586557984352112,0.40769636631011963,0.5617212653160095,0.406410276889801,0.5563948750495911,0.41143447160720825,0.5487004518508911,0.4171096384525299,0.5370727181434631,0.4319780468940735,0.5354023575782776,0.4417647123336792,0.525170624256134,0.4313659071922302,0.5247485041618347,0.4270687401294708,0.5099337697029114,0.4487869441509247,0.21493221819400787,0.18352317810058594,0.18359510600566864,0.1843702346086502,0.1828654706478119,0.18316270411014557,0.18432947993278503,0.20206941664218903,0.19871492683887482,0.24371108412742615,0.24177537858486176,0.3589079976081848,0.3670794665813446,0.472053587436676,0.47801530361175537,0.27611473202705383,0.2913842797279358,0.21889469027519226,0.23925752937793732,0.21369697153568268,0.2332841157913208,0.23920680582523346,0.25782066583633423,0.8335696458816528,0.8344201445579529,1.1657809019088745,1.1150940656661987,1.4641797542572021,1.4447511434555054,1.5062190294265747,1.4934266805648804,1.5626990795135498,1.5477672815322876
0.4164764722188314,0.4216057459513346,0.4267350196838378,0.4258801460266113,0.4233154932657877,0.4173313458760579,0.4190410931905111,0.420750872294108,0.420750872294108,0.4130569458007812,0.4164764722188314,0.4173313458760579,0.4181862195332845,0.4096374193827311,0.4122020721435547,0.4130569458007812,0.4130569458007812,0.4045081456502278,0.4062178929646809,0.4070727666219075,0.4053630193074544,0.2806430110224971,0.2654451158311632,0.2502472488968461,0.2380889610007957,0.2259306448477286,0.2152921323423032,0.1970546863697193,0.1818568053068938,0.1620995698151765,0.2107327779134114,0.1894557387740523,0.169698503282335,0.1499412677906177,0.2076931988751446,0.1879359633834273,0.1681787137632016,0.1499412677906177,0.2076931988751446,0.1924953178123191,0.177297450878002,0.1605797802960431,0.5506926854451497,0.5481280644734701,0.5464183171590169,0.5481280644734701,0.5498378117879231,0.5549671173095703,0.5532573699951172,0.5541122436523438,0.5566768646240234,0.55753173828125,0.5549671173095703,0.5558219909667969,0.55753173828125,0.5600963592529297,0.55753173828125,0.5592414855957031,0.560951296488444,0.5635159174601237,0.5626610438028972,0.5626610438028972,0.5652256647745768,0.2745638529459635,0.2532868279351128,0.2335295924433955,0.2168119218614366,0.2061734093560112,0.2000942654079861,0.177297450878002,0.1605797802960431,0.1423423343234592,0.1970546863697193,0.1712182928014684,0.1499412677906177,0.1301840322989004,0.1970546863697193,0.1727380823206018,0.1514610573097511,0.1301840322989004,0.1985744758888527,0.1803370157877604,0.1636193593343099,0.146901688752351,0.48643508553504944,0.498794823884964,0.5044992566108704,0.5111702680587769,0.47610148787498474,0.4690737724304199,0.46318212151527405,0.5186347365379333,0.4553358256816864,0.5022143721580505,0.4724668860435486,0.5541999340057373,0.4183397889137268,0.6132515072822571,0.3572239875793457,0.5587952136993408,0.40882521867752075,0.5618935823440552,0.406950980424881,0.5564340353012085,0.412017285823822,0.5485660433769226,0.41794732213020325,0.5371050238609314,0.4323161244392395,0.5357972979545593,0.4419078826904297,0.5259934663772583,0.43173083662986755,0.5254681706428528,0.42725273966789246,0.5113610029220581,0.4496780037879944,0.21510736644268036,0.18374554812908173,0.1838490068912506,0.1846555769443512,0.18299897015094757,0.18328875303268433,0.1844678819179535,0.20208528637886047,0.1989448517560959,0.2438054382801056,0.24183553457260132,0.3569925129413605,0.36649587750434875,0.47304055094718933,0.47856399416923523,0.27778133749961853,0.2888994514942169,0.22057248651981354,0.23469039797782898,0.215441033244133,0.2280241698026657,0.24115948379039764,0.25395315885543823,0.8335597515106201,0.8343918323516846,1.16572904586792,1.114607810974121,1.4638208150863647,1.4436856508255005,1.5058748722076416,1.4924235343933105,1.5627862215042114,1.546347737312317
0.4167231877644857,0.4218481381734212,0.4252647717793782,0.424410597483317,0.4227022806803385,0.4158690452575683,0.4184315045674642,0.4192856788635254,0.4184315045674642,0.4124524116516113,0.4158690452575683,0.4167231877644857,0.4167231877644857,0.4098899523417155,0.4124524116516113,0.4124524116516113,0.4133065859476725,0.4047650337219238,0.4064733505249023,0.4064733505249023,0.4056191762288411,0.2810498272931134,0.2613093340838397,0.2446058485243055,0.2324578744393808,0.2187913824010778,0.2081618980125144,0.1884214189317491,0.1732364230685764,0.153495943987811,0.2051249044912833,0.1823474177607783,0.1610884489836516,0.1398294660780165,0.2036064006664134,0.1823474177607783,0.1610884489836516,0.1398294660780165,0.2066433941876446,0.1884214189317491,0.171717933372215,0.1550144478126808,0.5516797383626302,0.5482631683349609,0.5465548197428386,0.5474089940388998,0.5474089940388998,0.5550963719685872,0.5525339126586915,0.5533880869547526,0.5550963719685872,0.557658831278483,0.554242197672526,0.5550963719685872,0.5568047205607096,0.5602212905883789,0.557658831278483,0.5593671798706055,0.5619296391805013,0.5636379241943359,0.5627837498982747,0.5636379241943359,0.5662003835042317,0.2764943440755208,0.2537168432165075,0.2339763782642505,0.2187913824010778,0.2051249044912833,0.1929769162778501,0.1701994295473452,0.1519774542914496,0.1337554649070457,0.1914584124529803,0.1656439322012442,0.1428664595992476,0.1216074766936125,0.1929769162778501,0.1686809398509837,0.1459034531204788,0.1246444702148437,0.1990509033203125,0.1793104242395471,0.162606938680013,0.1459034531204788,0.48673269152641296,0.49899399280548096,0.5047823786735535,0.5114949345588684,0.47635018825531006,0.4693317711353302,0.46339523792266846,0.5189216136932373,0.45555153489112854,0.5025246739387512,0.4727711081504822,0.5542541742324829,0.418718159198761,0.6131102442741394,0.35799917578697205,0.5589102506637573,0.40940314531326294,0.5620147585868835,0.40776780247688293,0.5565392374992371,0.41218072175979614,0.548606812953949,0.4180670976638794,0.537246823310852,0.43275994062423706,0.5365244746208191,0.44232413172721863,0.5276272892951965,0.4322183430194855,0.5271167755126953,0.4275223910808563,0.51407390832901,0.4505074918270111,0.21510308980941772,0.1837761253118515,0.1838778555393219,0.1846957504749298,0.18303492665290833,0.18333587050437927,0.184525728225708,0.20207466185092926,0.19915756583213806,0.24380256235599518,0.24176186323165894,0.3567783236503601,0.36616769433021545,0.4742688834667206,0.47912901639938354,0.2801833152770996,0.289006769657135,0.22242026031017303,0.2329980731010437,0.21728412806987762,0.2265208661556244,0.24328799545764923,0.2533710300922394,0.8336243033409119,0.8344736099243164,1.1662647724151611,1.1146085262298584,1.463853359222412,1.4432294368743896,1.5059009790420532,1.492003083229065,1.5638986825942993,1.5462310314178467
0.4170231183369954,0.4212946891784668,0.4238576571146647,0.4230033238728841,0.4212946891784668,0.4136058171590169,0.4161687850952148,0.4187317530314127,0.4195860544840494,0.4110428810119629,0.4144601504007975,0.4170231183369954,0.4195860544840494,0.408479913075765,0.4118971824645996,0.4136058171590169,0.4153144836425781,0.4059169769287109,0.4076256116231282,0.408479913075765,0.408479913075765,0.2853276005497685,0.2625457763671875,0.2428015249746817,0.2276136468957971,0.2124257546884042,0.2078693813747829,0.1866063435872395,0.1714184513798466,0.1501554135923032,0.2063505949797453,0.1820499844021267,0.1592681460910373,0.1380051083034939,0.2063505949797453,0.1835687707971643,0.1607869324860749,0.1410426810935691,0.209388181898329,0.1911627169008608,0.1729372519033926,0.1547117869059245,0.5520054499308268,0.5460252126057943,0.5408993403116862,0.5400449752807617,0.539190673828125,0.5511511484781901,0.5485881805419922,0.5468795776367188,0.5460252126057943,0.5554227193196615,0.5520054499308268,0.5494424819946289,0.5485881805419922,0.5596943537394206,0.5554227193196615,0.5545684178670247,0.5545684178670247,0.5631116231282552,0.561402956644694,0.5605486551920573,0.561402956644694,0.2838088141547309,0.2579894171820746,0.2352075929994936,0.2169821280020254,0.1957190760859736,0.1972378624810112,0.1744560382984302,0.1562305733009621,0.1364863219084563,0.1957190760859736,0.169899664984809,0.147117840802228,0.1243360024911386,0.1987566630045573,0.1744560382984302,0.1531929863823784,0.1304111621997974,0.2078693813747829,0.1881251299822772,0.1714184513798466,0.1516741999873408,0.48690345883369446,0.4991147816181183,0.5049149990081787,0.5116851329803467,0.47638729214668274,0.4693588316440582,0.4634227454662323,0.5190860629081726,0.45555752515792847,0.5027569532394409,0.4729081988334656,0.5543451309204102,0.41891974210739136,0.612829864025116,0.3587094843387604,0.5589166879653931,0.4099896550178528,0.5621533989906311,0.4078008532524109,0.5565452575683594,0.41240450739860535,0.5480292439460754,0.41863399744033813,0.5373050570487976,0.43294695019721985,0.5368649959564209,0.44231337308883667,0.5282480716705322,0.432302325963974,0.5278727412223816,0.4275659918785095,0.514622151851654,0.450817734003067,0.21505650877952576,0.18386687338352203,0.183958038687706,0.18474644422531128,0.18304742872714996,0.18335402011871338,0.18453842401504517,0.20198851823806763,0.19916866719722748,0.2438199669122696,0.2415517419576645,0.3568451404571533,0.3647848665714264,0.47898605465888977,0.48146679997444153,0.28257688879966736,0.29131200909614563,0.22428831458091736,0.23423032462596893,0.21930862963199615,0.22691157460212708,0.2452339380979538,0.25371643900871277,0.8336700201034546,0.8345527052879333,1.1670666933059692,1.1146490573883057,1.4638702869415283,1.4415404796600342,1.5059300661087036,1.489925742149353,1.564313292503357,1.5440669059753418
0.4179042816162109,0.422179635365804,0.4247448285420735,0.4247448285420735,0.4247448285420735,0.4110637346903483,0.4179042816162109,0.4230346997578939,0.4281651178995768,0.4084985415140788,0.4161941528320312,0.422179635365804,0.4290201822916666,0.4067884127298991,0.4136289596557617,0.4187593777974446,0.4238897641499837,0.4076434771219889,0.4102086702982584,0.4136289596557617,0.4153390884399414,0.2908234490288628,0.2665015044035735,0.2452198169849537,0.2300186015941478,0.2132972717285156,0.2178576292815031,0.1950558132595486,0.178334469265408,0.1600930249249493,0.2163375148066768,0.1920155701813874,0.1707338686342592,0.149452167087131,0.2178576292815031,0.1904954415780526,0.1707338686342592,0.1509722956904658,0.2193777578848379,0.1980960563377097,0.1813747123435691,0.1646533824779369,0.5495848337809245,0.5401790618896485,0.532483450571696,0.5290631612141927,0.5247878392537435,0.5435993194580078,0.5410341262817383,0.5359037399291993,0.5307732899983724,0.5495848337809245,0.5444543838500977,0.5376138687133789,0.5290631612141927,0.5555702845255533,0.5487297058105469,0.542744255065918,0.5359037399291993,0.5607006708780925,0.5564253489176433,0.5530050913492839,0.5495848337809245,0.2984240779170283,0.269541761610243,0.2421795597782841,0.2224180009629991,0.1996161708125361,0.2102570286503544,0.1904954415780526,0.1768143547905816,0.1616131393997757,0.2102570286503544,0.1904954415780526,0.1707338686342592,0.1555326532434534,0.2163375148066768,0.1920155701813874,0.1752942261872468,0.1585728963216146,0.2269783585159867,0.2072167855721932,0.1920155701813874,0.1722539831090856,0.4871009588241577,0.49913129210472107,0.5049974918365479,0.5117223262786865,0.47645214200019836,0.46954160928726196,0.463678240776062,0.5190937519073486,0.4559797942638397,0.5029378533363342,0.4733439087867737,0.555304229259491,0.4190214276313782,0.6117125153541565,0.35985127091407776,0.5574162602424622,0.4116821587085724,0.5607377290725708,0.4084155261516571,0.5523564219474792,0.4149710536003113,0.542404055595398,0.42219191789627075,0.5372946262359619,0.43295159935951233,0.5367569327354431,0.44222313165664673,0.5284120440483093,0.43170323967933655,0.5287558436393738,0.42705675959587097,0.514487624168396,0.45044782757759094,0.21493619680404663,0.18404746055603027,0.18410810828208923,0.18476691842079163,0.18341295421123505,0.18376372754573822,0.18490301072597504,0.20166459679603577,0.1997738629579544,0.24383561313152313,0.2414618879556656,0.35596561431884766,0.36362263560295105,0.4895687401294708,0.4882615804672241,0.2872382700443268,0.2928711175918579,0.2252734750509262,0.236716628074646,0.22041825950145721,0.22973567247390747,0.2462618499994278,0.2563437521457672,0.8336701989173889,0.8344084024429321,1.168682336807251,1.1149121522903442,1.4642226696014404,1.441186547279358,1.5059731006622314,1.4888262748718262,1.564454436302185,1.5436266660690308
0.4213192303975423,0.424743906656901,0.4273124059041341,0.4281685829162597,0.4290247599283854,0.41104523340861,0.4204630851745605,0.4298809051513672,0.4392987569173177,0.4076205571492513,0.4187507311503092,0.4307370821634928,0.4427234331766764,0.408476734161377,0.4187507311503092,0.4298809051513672,0.4410110791524251,0.41104523340861,0.4170384089152018,0.424743906656901,0.4324494043986002,0.2980813768174913,0.2737281516746238,0.2508970189977575,0.2341541996708622,0.214367209540473,0.2265438221119068,0.2037126753065321,0.1945802194100839,0.1869698418511284,0.225021743774414,0.2006685327600549,0.1884919201886212,0.1808815426296658,0.2265438221119068,0.2006685327600549,0.1884919201886212,0.1824036209671585,0.2280658863208912,0.2067568319815176,0.1961022977475766,0.1884919201886212,0.5411827087402343,0.5317648569742839,0.5214908599853516,0.5163538297017415,0.512073008219401,0.5351895014444987,0.5291963577270508,0.5189223289489746,0.5077921549479166,0.5420388539632162,0.5326210339864095,0.5189223289489746,0.5077921549479166,0.5480320612589519,0.5360457102457682,0.523203182220459,0.5112168312072753,0.5514567057291667,0.5420388539632162,0.5326210339864095,0.525771681467692,0.3209125094943576,0.2919930634675202,0.2661177741156684,0.2493749547887731,0.2326321213333695,0.2341541996708622,0.2158892878779658,0.2098009886565031,0.2113230528654875,0.2326321213333695,0.2128451312029803,0.2098009886565031,0.2113230528654875,0.2387204205548321,0.2204555087619357,0.214367209540473,0.2174113662154586,0.2524191114637586,0.2356762638798466,0.2265438221119068,0.2265438221119068,0.48689380288124084,0.49914225935935974,0.5050044059753418,0.5117232203483582,0.47632256150245667,0.4694632291793823,0.46364226937294006,0.5189164280891418,0.4559585452079773,0.5026574730873108,0.4727250933647156,0.555586040019989,0.41888704895973206,0.6101921796798706,0.36218196153640747,0.5529281497001648,0.4147767424583435,0.5499616861343384,0.40974244475364685,0.5398467183113098,0.41754624247550964,0.5322653651237488,0.42546913027763367,0.5372985601425171,0.4329524636268616,0.5361683368682861,0.4421290159225464,0.5281949043273926,0.43166980147361755,0.528718113899231,0.42705869674682617,0.5139724612236023,0.45034751296043396,0.21397224068641663,0.18419793248176575,0.18467602133750916,0.18568679690361023,0.18308648467063904,0.18319737911224365,0.1842041164636612,0.20166325569152832,0.19905367493629456,0.24342414736747742,0.24106518924236298,0.3547167181968689,0.3619142174720764,0.49560022354125977,0.49819743633270264,0.30438631772994995,0.2982599437236786,0.2427060455083847,0.23836885392665863,0.23447640240192413,0.23106300830841064,0.26051515340805054,0.2572559714317322,0.8336859941482544,0.8344526886940002,1.1687703132629395,1.1149553060531616,1.4640685319900513,1.4412325620651245,1.5059607028961182,1.4889795780181885,1.5632773637771606,1.5420526266098022
0.4239489237467448,0.4273735364278158,0.4325104713439941,0.4350789388020833,0.4376474062601725,0.413675053914388,0.426517391204834,0.4385035514831543,0.448777421315511,0.4128188769022624,0.4282296816507975,0.4402158737182617,0.4513458887736002,0.413675053914388,0.4290858586629232,0.4419281959533691,0.4513458887736002,0.4179558118184407,0.4299420038859049,0.4385035514831543,0.4453528086344401,0.3087903340657552,0.2829154120551215,0.2585625259964554,0.2448640328866464,0.2326875898573133,0.2357316900182653,0.2174670325385199,0.2174670325385199,0.2250773111979166,0.2372537400987413,0.2144229182490596,0.2159449824580439,0.2250773111979166,0.2387758043077257,0.2174670325385199,0.2189890826189959,0.228121425487377,0.243341968677662,0.2265993612783926,0.2235552469889322,0.2311655256483289,0.5301122665405273,0.5198383967081706,0.5069960276285808,0.5001468022664388,0.4950098673502604,0.5232630093892415,0.5087083498636882,0.496722157796224,0.4890167554219564,0.5301122665405273,0.5121329625447592,0.4992906252543131,0.4915852228800456,0.5361053466796875,0.518982219696045,0.5061398824055989,0.4975783348083496,0.5403861363728841,0.5275437990824382,0.5164137522379557,0.5087083498636882,0.3468417132342303,0.3240108913845486,0.3042241696958189,0.2829154120551215,0.2676948547363281,0.2570404617874711,0.2479081330475983,0.2555183975784867,0.2692169189453125,0.260084561948423,0.2539963616265191,0.2707389548972801,0.2905256765860098,0.2722610191062645,0.2692169189453125,0.2829154120551215,0.2981359411168982,0.2905256765860098,0.2859595122160735,0.2905256765860098,0.2981359411168982,0.4866524040699005,0.4988183379173279,0.5047394037246704,0.511104166507721,0.4762597978115082,0.46943989396095276,0.4636509120464325,0.5188750624656677,0.45658057928085327,0.5023763179779053,0.4727276861667633,0.5588751435279846,0.4193803668022156,0.608423113822937,0.36617910861968994,0.5420241951942444,0.41830942034721375,0.5372650623321533,0.415169894695282,0.5263274908065796,0.4220629334449768,0.5191144943237305,0.4285849928855896,0.5373979210853577,0.43295565247535706,0.536084771156311,0.44227492809295654,0.5279743075370789,0.4316636025905609,0.5286718010902405,0.4271101951599121,0.5129433274269104,0.44899311661720276,0.21396680176258087,0.18421849608421326,0.18474522233009338,0.1857428103685379,0.18302546441555023,0.18313130736351013,0.1842031329870224,0.20149843394756317,0.19910472631454468,0.243900865316391,0.24121515452861786,0.3532954156398773,0.36188986897468567,0.5040943622589111,0.5108181238174438,0.33122608065605164,0.3030432164669037,0.27641767263412476,0.2393316775560379,0.2666279077529907,0.2331700176000595,0.2921528220176697,0.2588721215724945,0.8337111473083496,0.8342269062995911,1.1677324771881104,1.1150588989257812,1.4618910551071167,1.4396297931671143,1.5041465759277344,1.4878754615783691,1.5584174394607544,1.5362629890441895
0.4214009920756022,0.4222570737202962,0.4196888287862142,0.4273935953776042,0.4350983619689941,0.4162645022074381,0.4316740036010742,0.4402348518371582,0.4445152918497721,0.4188327471415202,0.4368105252583821,0.4445152918497721,0.4479396184285482,0.4239692687988281,0.4402348518371582,0.4470835367838541,0.4505078633626302,0.4308179219563802,0.4428031285603841,0.4487957000732422,0.4505078633626302,0.3273055465133102,0.2968670032642506,0.2725161517107928,0.2557749430338542,0.2466433772334346,0.2466433772334346,0.2283802456325954,0.2314240914803964,0.2405556572808159,0.2496872230812355,0.2299021685564959,0.2390337343569155,0.248165300157335,0.2542530201099537,0.237511811433015,0.2466433772334346,0.2588187888816551,0.2633845859103733,0.248165300157335,0.2542530201099537,0.2633845859103733,0.5215628941853842,0.5070094426472982,0.4907438596089681,0.4770464897155761,0.4659173965454101,0.5052972793579101,0.4881755828857422,0.4813269297281901,0.4796147346496582,0.5130020459493001,0.4941681861877441,0.4856073379516601,0.4830390930175781,0.5198507308959961,0.5018729527791341,0.4933121045430501,0.4890316645304361,0.5275554656982422,0.5138581275939942,0.5061533610026042,0.5018729527791341,0.3790510954680266,0.3607879638671875,0.3394809864185474,0.3273055465133102,0.3151301348650897,0.2938231291594328,0.2968670032642506,0.3166520577889901,0.3318713435420283,0.298388926188151,0.3075204919885706,0.3333932664659288,0.3516563980667679,0.312086260760272,0.3257836235894097,0.3470906292950665,0.3638318379720052,0.3288274694372106,0.337959063494647,0.348612552218967,0.359266040943287,0.4865465462207794,0.49874746799468994,0.5046557784080505,0.5109756588935852,0.4762476682662964,0.46943530440330505,0.4636947214603424,0.5189107656478882,0.4565896689891815,0.5021543502807617,0.47268611192703247,0.5603894591331482,0.42014965415000916,0.6060696840286255,0.37105080485343933,0.5327451825141907,0.4240032136440277,0.5200484991073608,0.42389458417892456,0.5128522515296936,0.42920076847076416,0.5092519521713257,0.4333679974079132,0.5374336242675781,0.43318721652030945,0.5379604697227478,0.4428770840167999,0.5285760164260864,0.43192359805107117,0.5291449427604675,0.42754480242729187,0.5128886699676514,0.44868624210357666,0.21322448551654816,0.1830543726682663,0.18387249112129211,0.18511712551116943,0.1824491024017334,0.18283133208751678,0.18417108058929443,0.20135585963726044,0.19912303984165192,0.2439679205417633,0.24108126759529114,0.3516705632209778,0.35597383975982666,0.5122604966163635,0.5183045864105225,0.3615763783454895,0.3090102970600128,0.32447218894958496,0.24762685596942902,0.3050069808959961,0.24419334530830383,0.320904940366745,0.26580730080604553,0.8316854238510132,0.8313807249069214,1.1617447137832642,1.1144156455993652,1.4590591192245483,1.4314137697219849,1.5009368658065796,1.4785977602005005,1.5547610521316528,1.5226833820343018
0.4252602259318034,0.4244051297505696,0.4235500335693359,0.4312459945678711,0.4415073076883952,0.4226949055989583,0.4415073076883952,0.4457828203837077,0.4457828203837077,0.428680674235026,0.4492032686869303,0.4500583648681641,0.447493044535319,0.4355215390523275,0.4534788131713867,0.4534788131713867,0.4500583648681641,0.4423624038696289,0.4568992296854655,0.4560441335042318,0.4526236852010091,0.3353686014811198,0.304964757848669,0.2776012844509549,0.2608791775173611,0.2532782095449942,0.2563185797797309,0.2411166720920139,0.247197440818504,0.2578387790256076,0.262399348506221,0.2487176400643808,0.262399348506221,0.2700003164785879,0.2730407149703414,0.2608791775173611,0.2745609142162181,0.283682053177445,0.2852022524233217,0.2730407149703414,0.2821618539315683,0.2912830211498119,0.5090608596801758,0.4945240020751953,0.4757116317749023,0.4628849983215332,0.447493044535319,0.4834075927734375,0.4680156389872233,0.4671605428059895,0.4680156389872233,0.4919586817423502,0.4748565038045247,0.474001407623291,0.4757116317749023,0.5013648668924967,0.4851178169250488,0.4816973686218261,0.4808422724405924,0.5099159558614095,0.4970893224080404,0.4919586817423502,0.4911035855611165,0.4083378544560185,0.3931359185112847,0.3794541818124277,0.3733734130859375,0.368812843605324,0.3323282312463831,0.3490503381799768,0.3703330428512008,0.3809743810583044,0.33992919921875,0.3596916763870804,0.3855349505389178,0.3961763170030382,0.3505705374258536,0.3748936123318142,0.3946561177571615,0.4083378544560185,0.3642522741247107,0.3809743810583044,0.3946561177571615,0.4007368864836516,0.48578450083732605,0.49743351340293884,0.5040414929389954,0.5096827149391174,0.4759123921394348,0.4693116545677185,0.4636510908603668,0.5186478495597839,0.4563789367675781,0.49969321489334106,0.47201982140541077,0.5615208148956299,0.41691750288009644,0.6000482439994812,0.37496134638786316,0.519618034362793,0.42692604660987854,0.5041255950927734,0.4298938810825348,0.4968689978122711,0.434897243976593,0.4936977028846741,0.438293993473053,0.537453293800354,0.4328274428844452,0.5379634499549866,0.44213762879371643,0.5285680890083313,0.4319152235984802,0.5291308760643005,0.4278292953968048,0.5128437876701355,0.4473070204257965,0.21286867558956146,0.1818026751279831,0.18287304043769836,0.18441012501716614,0.18186570703983307,0.18251250684261322,0.18401214480400085,0.20136883854866028,0.19925624132156372,0.24430669844150543,0.24094292521476746,0.3520955741405487,0.3569774329662323,0.5194180011749268,0.5253084897994995,0.39269503951072693,0.3231183886528015,0.36262333393096924,0.26334431767463684,0.3410502076148987,0.25995904207229614,0.35232365131378174,0.2821683883666992,0.8316685557365417,0.8314501643180847,1.1607680320739746,1.1147502660751343,1.4591691493988037,1.4319230318069458,1.500978708267212,1.4792808294296265,1.55482017993927,1.5247336626052856
0.4307686805725098,0.4307686805725098,0.4290582021077474,0.4376105308532715,0.4470180511474609,0.4299134572347005,0.4478732744852702,0.4521494229634603,0.4504389762878418,0.4367552757263183,0.4555703481038411,0.4564255714416504,0.4521494229634603,0.4453075726826985,0.4615569432576497,0.4598464965820312,0.4555703481038411,0.4530046463012695,0.4641226450602213,0.4632674217224121,0.4598464965820312,0.3485002305772569,0.3180920636212384,0.2907246907552083,0.2740002102322049,0.2663981684932002,0.2709593878851996,0.2572757014521846,0.263357346146195,0.2724797849301938,0.2800818266691985,0.2648777431911892,0.275520607277199,0.2846430460611979,0.2907246907552083,0.2785614296242042,0.2892042937102141,0.298326732494213,0.3044083771882234,0.2907246907552083,0.298326732494213,0.3074491995352286,0.4983318328857422,0.482082462310791,0.4624121983846028,0.4487284978230794,0.4333343505859375,0.466688346862793,0.4530046463012695,0.4538599014282226,0.4581360499064127,0.4752406438191732,0.4598464965820312,0.4615569432576497,0.4658330917358398,0.4846481641133626,0.470964495340983,0.470964495340983,0.4735301653544108,0.4949109395345052,0.4829377174377441,0.4803720156351725,0.482082462310791,0.4336431150083188,0.4214798538773148,0.4108369897913049,0.4062757703993055,0.4062757703993055,0.3697859587492766,0.3880308645742911,0.4062757703993055,0.4153982091833044,0.374347178141276,0.4017145510073061,0.42452067622432,0.4321227179633246,0.3849900422272859,0.4123574150933159,0.4321227179633246,0.4397247597023292,0.3956329063132957,0.4169186344853154,0.4321227179633246,0.436683937355324,0.4852832555770874,0.4960893988609314,0.5033778548240662,0.5086163282394409,0.4751127064228058,0.4688834846019745,0.46301382780075073,0.5183565020561218,0.45536625385284424,0.4988287389278412,0.47166451811790466,0.561658501625061,0.4135335087776184,0.5925348997116089,0.3777083456516266,0.5022357702255249,0.43011167645454407,0.4818793833255768,0.4354843199253082,0.47752314805984497,0.4409470856189728,0.4782865643501282,0.442804217338562,0.5374775528907776,0.4321998059749603,0.5382814407348633,0.4405267536640167,0.5288478136062622,0.4318316578865051,0.5300254225730896,0.4281121790409088,0.5125263929367065,0.44504812359809875,0.2127174288034439,0.18092532455921173,0.18221087753772736,0.18384572863578796,0.18165412545204163,0.1825089305639267,0.1840893179178238,0.20139293372631073,0.19999544322490692,0.24440720677375793,0.24090050160884857,0.353442519903183,0.3610307276248932,0.5248382091522217,0.5345671772956848,0.41957229375839233,0.34360814094543457,0.399460107088089,0.2876850366592407,0.3763161897659302,0.2767477035522461,0.3841919004917145,0.29938939213752747,0.8323569893836975,0.8350427746772766,1.1609851121902466,1.116181492805481,1.4625357389450073,1.4339016675949097,1.5058107376098633,1.480832815170288,1.5549407005310059,1.5253961086273193
0.4365195274353027,0.4356645584106445,0.4339545567830403,0.4425045013427734,0.4527644793192545,0.4373745282491048,0.4536194801330566,0.456184450785319,0.4544744809468587,0.4450695037841797,0.4621694246927897,0.4604594548543294,0.4553294499715169,0.4527644793192545,0.4664444287618001,0.4647344271341959,0.4604594548543294,0.4604594548543294,0.4707194010416666,0.4690093994140625,0.4647344271341959,0.3577484978569878,0.3288686116536458,0.3015087268970631,0.2863087972005208,0.281748792860243,0.2863087972005208,0.2695888660572193,0.2756688435872396,0.2847887957537616,0.2954287493670428,0.2802288196705005,0.2908687732837818,0.2984687240035445,0.3091087058738426,0.2939087479202835,0.3030287283438223,0.310628679063585,0.3212686326768663,0.3075887044270833,0.3136686819571035,0.3212686326768663,0.4895293235778808,0.4690093994140625,0.448489507039388,0.4348095575968424,0.421984608968099,0.4527644793192545,0.439084529876709,0.4407945315043131,0.4442145029703776,0.4604594548543294,0.4476345062255859,0.448489507039388,0.4527644793192545,0.4698644002278646,0.4578944524129232,0.4587494532267253,0.4613144556681315,0.4809793472290039,0.4698644002278646,0.4681543986002604,0.4698644002278646,0.4504681057400174,0.4428681550202546,0.4383081789369936,0.4383081789369936,0.4367881774902343,0.3972683376736111,0.4185482449001736,0.4398281521267361,0.4474281311035156,0.4018283137568721,0.4322282014069734,0.4519881071867766,0.4565480832700376,0.4109482659233941,0.4398281521267361,0.4580680847167969,0.4611080593532986,0.4215882477936921,0.4443881282099971,0.4550281100802951,0.4580680847167969,0.48504337668418884,0.4949052035808563,0.5026076436042786,0.5076258182525635,0.4742346704006195,0.4681667685508728,0.4620145857334137,0.517661452293396,0.45375725626945496,0.49845805764198303,0.47130605578422546,0.5616147518157959,0.4128035008907318,0.5852116942405701,0.3822304904460907,0.4917772114276886,0.43247678875923157,0.47070661187171936,0.44064387679100037,0.46629437804222107,0.44577887654304504,0.47028109431266785,0.44611719250679016,0.5374842882156372,0.43205225467681885,0.5392047762870789,0.4404255151748657,0.5295091867446899,0.4316781461238861,0.5314496159553528,0.42804473638534546,0.5123689770698547,0.4448455274105072,0.21278393268585205,0.1804901361465454,0.18188618123531342,0.18359152972698212,0.18180343508720398,0.18362796306610107,0.1859048455953598,0.201532781124115,0.2036777287721634,0.24475838243961334,0.2421802431344986,0.3564474582672119,0.366747111082077,0.5293071866035461,0.544255256652832,0.44312185049057007,0.382574200630188,0.4250633716583252,0.32882609963417053,0.4050719439983368,0.30837735533714294,0.41409003734588623,0.3355208933353424,0.8325740694999695,0.837171196937561,1.1611472368240356,1.117855429649353,1.465198040008545,1.4359769821166992,1.5098544359207153,1.482547402381897,1.5550299882888794,1.5265307426452637
0.4405227343241373,0.4405227343241373,0.4388131459554036,0.4482159932454427,0.4593284289042155,0.442232354482015,0.4576188087463378,0.4593284289042155,0.4567639986673991,0.4507803916931152,0.4670216560363769,0.4653120358784993,0.4601832389831543,0.4593284289042155,0.4721504847208659,0.4695860544840495,0.4653120358784993,0.4670216560363769,0.4764244715372721,0.4738600730895996,0.4695860544840495,0.3747950801142939,0.3459217212818287,0.3170483624493634,0.3003322177463107,0.2942536248101128,0.3003322177463107,0.2836160730432581,0.2912143000849971,0.3018518518518518,0.3109697695131655,0.2942536248101128,0.3064108106825087,0.3155287283438223,0.3246466177481192,0.3094501071506076,0.3185680248119213,0.3276859142162182,0.3368038318775318,0.3231269836425781,0.332244873046875,0.3383234659830729,0.4824081103006998,0.4601832389831543,0.4388131459554036,0.426845900217692,0.4131690343221029,0.4405227343241373,0.4294102986653645,0.4319747289021809,0.4353939374287923,0.4482159932454427,0.4379583358764648,0.4405227343241373,0.4447967529296875,0.4584736188252767,0.4482159932454427,0.4499255816141764,0.4533447901407877,0.4695860544840495,0.4601832389831543,0.4593284289042155,0.461892827351888,0.456856197781033,0.453816901312934,0.453816901312934,0.458375831886574,0.4614151566116898,0.417345287181713,0.4416596871835214,0.458375831886574,0.4644544530797888,0.4234238801179109,0.453816901312934,0.4690134119104456,0.4720527083785445,0.4310221354166667,0.4614151566116898,0.4750920048466435,0.4750920048466435,0.4401400530779803,0.4644544530797888,0.4750920048466435,0.4750920048466435,0.48445501923561096,0.49311190843582153,0.5010466575622559,0.5062143206596375,0.4732235372066498,0.4672800600528717,0.46088913083076477,0.5154415965080261,0.4522666335105896,0.4977617561817169,0.4709908068180084,0.5618104338645935,0.4124391973018646,0.5765844583511353,0.38748136162757874,0.48063284158706665,0.4348869025707245,0.4568844437599182,0.4471912682056427,0.4506112039089203,0.4496017396450043,0.4563174247741699,0.44747546315193176,0.5375362634658813,0.4320064187049866,0.5392435789108276,0.440244197845459,0.5295011401176453,0.43036705255508423,0.5314170122146606,0.42643043398857117,0.5120235085487366,0.44467929005622864,0.21278275549411774,0.18005433678627014,0.18136107921600342,0.18317484855651855,0.1820860654115677,0.1848260462284088,0.18764238059520721,0.20151826739311218,0.20593439042568207,0.24465391039848328,0.2427871972322464,0.35700055956840515,0.3702710270881653,0.529815673828125,0.5500659942626953,0.4455356001853943,0.4140990972518921,0.4311104118824005,0.373967707157135,0.41344696283340454,0.34224626421928406,0.4210081100463867,0.3652566373348236,0.8339003920555115,0.8402024507522583,1.161254644393921,1.1190274953842163,1.466448187828064,1.4382688999176025,1.511659026145935,1.484946370124817,1.5538034439086914,1.5273560285568237
0.4429468790690104,0.4420921643575032,0.4420921643575032,0.4523489634195963,0.4634605407714843,0.4455110867818196,0.4617510477701823,0.4617510477701823,0.4583321253458658,0.4540584564208984,0.4702984174092611,0.4668794631958007,0.4617510477701823,0.4617510477701823,0.4754268328348796,0.4720078786214193,0.4677342096964518,0.46944367090861,0.479700501759847,0.4762815475463867,0.4720078786214193,0.3872917457863136,0.3599402251066985,0.3280301129376446,0.3113152963143807,0.3006785922580295,0.3143543667263455,0.2976395501030816,0.3082762541594329,0.3189129582157841,0.3265105918601707,0.3097957752369068,0.323471521448206,0.3310691833496094,0.3401863663284867,0.3249910707826967,0.335627774839048,0.3432254084834346,0.3523425914623119,0.3386668169939959,0.3462644788953993,0.3523425914623119,0.4754268328348796,0.4523489634195963,0.4309805870056152,0.4173048337300618,0.4061932881673177,0.4318353335062663,0.4207237879435221,0.4249974568684896,0.4301258722941081,0.439527956644694,0.428416379292806,0.4335447947184245,0.438673210144043,0.4497847557067871,0.4403826713562012,0.4438016255696614,0.4472205479939778,0.4608963330586751,0.4523489634195963,0.4514942487080892,0.4540584564208984,0.4617486741807726,0.4556705616138599,0.4511119701244213,0.4632681952582465,0.4739048993145978,0.4252799705222801,0.4495924490469473,0.4617486741807726,0.4647877445927372,0.4313580830891927,0.4617486741807726,0.4723853782371238,0.4708658571596499,0.4374362239131221,0.4693463078251591,0.4799830118815104,0.4769439697265625,0.4480729279694734,0.4739048993145978,0.4815025612160011,0.4815025612160011,0.4830617904663086,0.4909486770629883,0.49914100766181946,0.5049060583114624,0.4713755249977112,0.46525806188583374,0.45841196179389954,0.5136765241622925,0.4502269923686981,0.4967959523200989,0.46994176506996155,0.561766505241394,0.4102690517902374,0.5732244849205017,0.39003419876098633,0.4698120653629303,0.43673133850097656,0.44952142238616943,0.44854122400283813,0.4454803168773651,0.44988128542900085,0.4505560100078583,0.4472291171550751,0.5375469923019409,0.4320109486579895,0.5398575663566589,0.440225213766098,0.5301401019096375,0.43037763237953186,0.5326619148254395,0.4265132546424866,0.511720597743988,0.4447706341743469,0.2127438485622406,0.17941434681415558,0.1805928498506546,0.1825936883687973,0.18215668201446533,0.18546317517757416,0.18879233300685883,0.2012205570936203,0.20690344274044037,0.24461200833320618,0.24328717589378357,0.3573381006717682,0.3731444776058197,0.5325451493263245,0.562894344329834,0.45112618803977966,0.4339544177055359,0.42844662070274353,0.3888775706291199,0.4073792099952698,0.3582628071308136,0.4183975160121918,0.37861451506614685,0.8348783254623413,0.841848611831665,1.1613377332687378,1.1199262142181396,1.4692795276641846,1.4396884441375732,1.514432668685913,1.4858975410461426,1.5538625717163086,1.5279377698898315
0.4445115407307943,0.4445115407307943,0.4436569531758626,0.4530576388041178,0.4624583562215169,0.4470753669738769,0.4624583562215169,0.4633129755655924,0.4598945299784342,0.4556214968363444,0.471859073638916,0.4684406280517578,0.4633129755655924,0.4624583562215169,0.4769867261250813,0.473568312327067,0.4684406280517578,0.4710044542948405,0.4812597910563151,0.4778413454691569,0.473568312327067,0.3991824679904514,0.373354254828559,0.3368908634892216,0.3201785052264178,0.3080240320276331,0.3308136551468461,0.3110626503273292,0.3216978002477575,0.3308136551468461,0.3414488050672743,0.3232170952690972,0.3368908634892216,0.3444873951099537,0.3551225450303819,0.3399294817889178,0.3490453366880063,0.3566418683087384,0.3703156365288628,0.3536032500090422,0.3611997816297743,0.3687963132505064,0.4675860404968261,0.4453661600748698,0.4265647252400716,0.4120363553365072,0.4017810503641764,0.42571013768514,0.4154548009236654,0.4188732465108236,0.4222916920979818,0.433401616414388,0.4231462796529134,0.4282739639282226,0.4325469970703125,0.4428023338317871,0.433401616414388,0.4376746813456217,0.4419477144877116,0.4539122581481933,0.4445115407307943,0.4462207794189453,0.4496392250061035,0.4629933675130208,0.4538775126139323,0.4523582175925926,0.4690705758553964,0.4766671074761284,0.4280492994520399,0.4538775126139323,0.4645126625343605,0.4675512808340567,0.4326072127730758,0.4645126625343605,0.4721091941550926,0.4675512808340567,0.4402037443938079,0.4736285174334491,0.4766671074761284,0.4721091941550926,0.4508388943142361,0.4766671074761284,0.4797057540328414,0.4766671074761284,0.48223358392715454,0.4893689453601837,0.49761641025543213,0.5039040446281433,0.4700878858566284,0.46386241912841797,0.456790953874588,0.5117387175559998,0.4482739269733429,0.4959312677383423,0.46937495470046997,0.561731219291687,0.4078556299209595,0.5698531866073608,0.3930032551288605,0.46512162685394287,0.43898576498031616,0.4487231969833374,0.45073413848876953,0.44566863775253296,0.4523759186267853,0.4501492381095886,0.448898583650589,0.5376574993133545,0.4319954812526703,0.5406566858291626,0.4398798644542694,0.5304741263389587,0.4305218756198883,0.5331349968910217,0.42705491185188293,0.5116969347000122,0.44508352875709534,0.21257664263248444,0.1786813735961914,0.17945879697799683,0.18139716982841492,0.18219725787639618,0.18582525849342346,0.18943119049072266,0.1996355503797531,0.2073267698287964,0.244569793343544,0.2433466613292694,0.3575536608695984,0.37589189410209656,0.5337111949920654,0.5713663101196289,0.4483514130115509,0.4342934787273407,0.4219284951686859,0.38609883189201355,0.40053966641426086,0.3584596514701843,0.4128083288669586,0.3782731294631958,0.8371882438659668,0.8450693488121033,1.1625221967697144,1.124574065208435,1.4726769924163818,1.4443386793136597,1.5177571773529053,1.4896159172058105,1.554917335510254,1.5308223962783813
0.446660041809082,0.446660041809082,0.4458053588867187,0.4552066802978515,0.4646080017089843,0.4458053588867187,0.4611893653869628,0.463753350575765,0.4611893653869628,0.4543520291646322,0.4714453379313151,0.468881352742513,0.463753350575765,0.4620440165201823,0.4774279912312825,0.4731546719868978,0.468881352742513,0.4697360038757324,0.4808466593424479,0.4774279912312825,0.4740093231201172,0.4070263332790799,0.3827158610026042,0.3492889404296875,0.3295366640444155,0.3173814279061777,0.344730716281467,0.323459060103805,0.3310560720938223,0.3386531123408565,0.3568859524197049,0.3371337042914497,0.3492889404296875,0.3568859524197049,0.3720800046567564,0.3523277565285012,0.3629635846173322,0.3705605966073495,0.384235269052011,0.3675218087655527,0.3766382288049768,0.3827158610026042,0.4620440165201823,0.4398227055867513,0.4210200627644856,0.4073454221089681,0.3970894495646159,0.4210200627644856,0.4090547561645508,0.4133280754089355,0.4176014264424642,0.4287120501200358,0.4184560775756836,0.4227293968200684,0.4278573989868164,0.4381133715311686,0.4287120501200358,0.4329854011535644,0.4355493863423665,0.4483693758646647,0.4398227055867513,0.441532039642334,0.4449507077534994,0.4571667141384549,0.4480502658420139,0.4495696738914207,0.466283134177879,0.4769189905237268,0.4267786096643518,0.455647306089048,0.4693219502766927,0.4708413583260995,0.4328562136049624,0.466283134177879,0.4723607663755064,0.466283134177879,0.4404532538519965,0.4723607663755064,0.4753995542173032,0.4693219502766927,0.4526084899902344,0.4753995542173032,0.4784383703161169,0.4738801744249132,0.48008814454078674,0.4863881468772888,0.49449652433395386,0.5016249418258667,0.46766701340675354,0.4611525237560272,0.45434024930000305,0.5094903707504272,0.44593116641044617,0.49440816044807434,0.4681844115257263,0.5616132020950317,0.4068179428577423,0.5656778216362,0.39438673853874207,0.46373698115348816,0.43839752674102783,0.44583848118782043,0.45113298296928406,0.4410804510116577,0.45140013098716736,0.4456804096698761,0.447885662317276,0.5382592678070068,0.4321516156196594,0.5406895279884338,0.4400362968444824,0.5306077599525452,0.4320821762084961,0.5332924127578735,0.42959195375442505,0.5117582678794861,0.44631844758987427,0.21227557957172394,0.1781531572341919,0.1785603165626526,0.1805891990661621,0.1822047084569931,0.1860094517469406,0.18984055519104004,0.19871295988559723,0.2078327238559723,0.24442856013774872,0.24339506030082703,0.35756275057792664,0.37925466895103455,0.5340148210525513,0.5758177638053894,0.4515283703804016,0.43736839294433594,0.43396344780921936,0.3978501856327057,0.4126921594142914,0.36540311574935913,0.42078933119773865,0.38197097182273865,0.8395323753356934,0.8482993245124817,1.1627312898635864,1.1275523900985718,1.4733211994171143,1.4469786882400513,1.5184638500213623,1.4919036626815796,1.554988145828247,1.53216552734375
0.4456778526306152,0.4456778526306152,0.4465317408243815,0.4550707181294759,0.466171391805013,0.4439700444539388,0.4610479990641276,0.4636096954345703,0.4610479990641276,0.4516551335652669,0.4704408645629883,0.4670252799987793,0.462755807240804,0.4593401908874511,0.4755642573038737,0.4712947845458984,0.4678791681925455,0.4670252799987793,0.4789798418680827,0.47641814549764,0.4721486727396647,0.4132965370460792,0.3890078791865596,0.3571290475350839,0.3389125400119357,0.3267682110821759,0.3525749206542968,0.3313223379629629,0.3373945165563513,0.3449847186053241,0.3662372730396412,0.3465027420609086,0.3586470709906684,0.3647192495840567,0.3814176771375868,0.3616831461588541,0.3723094516330295,0.378381601969401,0.3950800577799479,0.378381601969401,0.3859718040183738,0.3920439543547453,0.4567785263061523,0.4371388753255208,0.4192070007324219,0.405544630686442,0.3952978769938151,0.4183531125386556,0.405544630686442,0.4106680234273275,0.4157914161682129,0.4251842816670735,0.4140836079915365,0.420060920715332,0.4243303934733073,0.4345771789550781,0.4251842816670735,0.4294537862141927,0.4320154825846354,0.4448239326477051,0.4354310671488444,0.4379927635192871,0.4405544598897298,0.4588377493399161,0.4482114721227575,0.4466934204101562,0.4633918762207031,0.4755362051504629,0.4239228142632378,0.454283622459129,0.4664279513888889,0.4664279513888889,0.4315130163122107,0.4649098996762876,0.4709820782696759,0.4649098996762876,0.4406212700737847,0.4725001017252604,0.4755362051504629,0.4694640265570746,0.4527655990035445,0.4755362051504629,0.4785722520616319,0.4740181534378617,0.476836234331131,0.48344895243644714,0.4908091127872467,0.4982985258102417,0.4648623764514923,0.4577398896217346,0.45159912109375,0.5070648789405823,0.44355708360671997,0.4919376075267792,0.46634456515312195,0.5613957047462463,0.40596434473991394,0.5630895495414734,0.39492765069007874,0.45910248160362244,0.4377374053001404,0.4410669505596161,0.45132210850715637,0.4355248212814331,0.4507717192173004,0.440656840801239,0.4473012685775757,0.5385144948959351,0.4323037266731262,0.5409145355224609,0.43991029262542725,0.5310128927230835,0.4323827028274536,0.5342737436294556,0.43004724383354187,0.5114192962646484,0.44685423374176025,0.21230027079582214,0.1780177801847458,0.1779472827911377,0.1795814335346222,0.18313008546829224,0.18741323053836823,0.19150510430335999,0.1973637193441391,0.20932483673095703,0.24442656338214874,0.24375256896018982,0.3574700951576233,0.3817294239997864,0.5346761345863342,0.5807895064353943,0.45581454038619995,0.44087281823158264,0.43936753273010254,0.40218839049339294,0.4200507700443268,0.37166595458984375,0.42639410495758057,0.3870364725589752,0.8420993685722351,0.8500999808311462,1.166862964630127,1.1318790912628174,1.477763295173645,1.4540188312530518,1.522582769393921,1.4999052286148071,1.5580193996429443,1.5376847982406616
0.441677729288737,0.4408237139383952,0.441677729288737,0.4502177874247233,0.4604658444722493,0.4399697303771973,0.4561958312988281,0.4587578455607096,0.457049814860026,0.4485097567240397,0.4655898729960123,0.4638818740844727,0.4587578455607096,0.457049814860026,0.4715679168701172,0.4681518872578938,0.4647358576456705,0.4647358576456705,0.4758379300435384,0.4732759157816569,0.4690059026082356,0.4179903666178385,0.3936986852575231,0.3633340623643663,0.3420788235134548,0.3284147474500868,0.3572611208315249,0.3329694394712095,0.3405606022587529,0.3466335155345775,0.367888754385489,0.3466335155345775,0.3602975915979456,0.367888754385489,0.381552830448857,0.3633340623643663,0.3739616676613136,0.381552830448857,0.3952169065122251,0.3785163596824363,0.3876257437246817,0.3936986852575231,0.4553418159484863,0.4356996854146321,0.4169116020202636,0.4041015307108561,0.394707457224528,0.4160575866699219,0.404955514272054,0.4083715438842773,0.4134955724080403,0.4237436294555664,0.4143495877583821,0.4194736162821452,0.4237436294555664,0.4331376711527506,0.4245976448059082,0.4288676579793294,0.4322836875915527,0.4442397435506185,0.4356996854146321,0.4382616996765137,0.4408237139383952,0.4620190655743634,0.45442790278682,0.4574643735532407,0.4741648921260127,0.4847925256799768,0.4331726921929253,0.4620190655743634,0.4772013911494502,0.4802378336588541,0.43924560546875,0.4726466991283275,0.4817560831705729,0.4772013911494502,0.4483549895109954,0.4802378336588541,0.4832743326822916,0.4772013911494502,0.4605008443196615,0.4832743326822916,0.4847925256799768,0.4802378336588541,0.47328606247901917,0.480068176984787,0.48709332942962646,0.49456411600112915,0.4618060290813446,0.45444780588150024,0.4490409195423126,0.5047716498374939,0.4415629506111145,0.48912519216537476,0.4639091491699219,0.5611037611961365,0.4056395888328552,0.561585545539856,0.39570197463035583,0.4584720730781555,0.43733957409858704,0.440045028924942,0.45046645402908325,0.4346098005771637,0.4495677053928375,0.43967798352241516,0.4470067322254181,0.538618266582489,0.43244558572769165,0.5410836935043335,0.439906507730484,0.5315168499946594,0.43315908312797546,0.5351130366325378,0.431075781583786,0.5114112496376038,0.4476718306541443,0.2123790830373764,0.17802336812019348,0.17783337831497192,0.17913448810577393,0.18449562788009644,0.18906442821025848,0.1932271420955658,0.1966772973537445,0.21100005507469177,0.24440333247184753,0.24443621933460236,0.3572295010089874,0.38274839520454407,0.5341024994850159,0.5826257467269897,0.45934680104255676,0.4436720013618469,0.44533565640449524,0.40618956089019775,0.4265039563179016,0.3762999475002289,0.431884765625,0.39118537306785583,0.8424102067947388,0.8500752449035645,1.166974663734436,1.131545901298523,1.477818489074707,1.454477071762085,1.5225766897201538,1.5000650882720947,1.5579060316085815,1.5390065908432007
0.4378815015157064,0.4378815015157064,0.4387345314025879,0.4481177012125651,0.4583539009094238,0.4370284716288248,0.4532358169555664,0.455794874827067,0.4532358169555664,0.4464116732279459,0.4634720166524251,0.4609129587809245,0.4566478729248047,0.4549418449401855,0.469443130493164,0.4651780446370442,0.461765988667806,0.4626189867655436,0.4737082163492838,0.4702961603800455,0.4660310745239258,0.4213723924424913,0.3955923009801794,0.3652628015588831,0.3440321463125723,0.3303838941786024,0.357680426703559,0.3364497714572482,0.3425156769929108,0.3500980518482349,0.3698122377748842,0.3485815825285735,0.3607133935998987,0.3698122377748842,0.3819440205891927,0.3637463322392216,0.3743616457338686,0.3819440205891927,0.3955923009801794,0.3789110819498698,0.3880099261248553,0.3955923009801794,0.455794874827067,0.4353224436442057,0.4157030423482259,0.4029077847798665,0.3935246149698893,0.4139970143636067,0.4046138445536295,0.4071728706359863,0.4122909863789876,0.4216741879781087,0.4139970143636067,0.4182621002197265,0.4225271860758463,0.4319103876749674,0.4233802159627278,0.4276453018188476,0.4310573577880859,0.4421465873718261,0.4336164156595866,0.4370284716288248,0.4395875295003255,0.4623172053584346,0.4577677691424334,0.4623172053584346,0.4789984243887442,0.4911302354600694,0.4365371421531395,0.4668666133174189,0.4805149219654224,0.4820313630280671,0.4426030194317853,0.4774819268120659,0.48506430166739,0.4789984243887442,0.4501853942871093,0.4835478606047453,0.4865807992440683,0.4805149219654224,0.4623172053584346,0.48506430166739,0.4880972968207465,0.4835478606047453,0.47086846828460693,0.4774758219718933,0.4845396876335144,0.4917205572128296,0.45860323309898376,0.45151281356811523,0.44662588834762573,0.50286465883255,0.43961790204048157,0.4875463843345642,0.4616251289844513,0.5607869029045105,0.4052761197090149,0.5613495111465454,0.3954788148403168,0.4588545560836792,0.436877578496933,0.4404219090938568,0.44974789023399353,0.43531540036201477,0.4490021765232086,0.4408443570137024,0.4467293620109558,0.5387430191040039,0.43254604935646057,0.5417975783348083,0.44047343730926514,0.532398521900177,0.4350852966308594,0.5362356305122375,0.43278101086616516,0.5114795565605164,0.4516506791114807,0.21251803636550903,0.17803417146205902,0.17774716019630432,0.17873357236385345,0.18556028604507446,0.19036532938480377,0.19465883076190948,0.19608502089977264,0.21290363371372223,0.24429380893707275,0.2454596608877182,0.3568888008594513,0.38377606868743896,0.5334718823432922,0.5843581557273865,0.45837610960006714,0.44687002897262573,0.4432624280452728,0.4100111126899719,0.4243459701538086,0.3801434636116028,0.43081966042518616,0.39506810903549194,0.8423539400100708,0.8499013185501099,1.1668404340744019,1.1314010620117188,1.477615237236023,1.454391598701477,1.5222716331481934,1.5001187324523926,1.5573655366897583,1.5392757654190063
0.4372983932495117,0.4364458084106445,0.4364458084106445,0.4449716567993164,0.4560552279154459,0.4347406387329101,0.4492345809936523,0.452644920349121,0.4517923355102539,0.443266487121582,0.4603181521097819,0.4586129824320475,0.4543500582377116,0.4517923355102539,0.4662862459818522,0.4628759066263834,0.4594655672709147,0.4603181521097819,0.4705491701761881,0.4679914156595866,0.4637284914652506,0.4204284950538918,0.3946615431043836,0.3628317373770254,0.3416119045681424,0.3279705754032841,0.3582846464934172,0.335549079047309,0.3416119045681424,0.3476747018319589,0.3704102692780671,0.3476747018319589,0.3613160592538339,0.3688945628978587,0.382535892062717,0.3628317373770254,0.3734416820384837,0.3810201856825086,0.3946615431043836,0.3779888011791087,0.3855673048231336,0.3931458367241753,0.4517923355102539,0.4330355008443197,0.4142786661783854,0.4023424784342448,0.3921114921569824,0.412573496500651,0.4023424784342448,0.4066054026285807,0.4117209116617839,0.4202467282613119,0.4117209116617839,0.4159838358561198,0.4202467282613119,0.4296251614888509,0.4219518979390462,0.425362237294515,0.4287725766499837,0.4407087326049804,0.4330355008443197,0.4347406387329101,0.4372983932495117,0.4598367761682581,0.4537739789044415,0.4583210980450665,0.4734781335901331,0.4856037281177662,0.4325541178385416,0.4613524825484664,0.4765095463505497,0.4795409591109664,0.4371012369791666,0.4704467208297164,0.4810566654911747,0.4780252527307581,0.4446797406231915,0.4765095463505497,0.4825723718713831,0.4780252527307581,0.4568053916648582,0.4780252527307581,0.4840880217375579,0.4810566654911747,0.4680713713169098,0.4747166633605957,0.48199817538261414,0.4886413812637329,0.4555698037147522,0.449178010225296,0.4443736672401428,0.5007471442222595,0.43768373131752014,0.4853675663471222,0.459012895822525,0.5604286789894104,0.4048694670200348,0.561590850353241,0.3948318064212799,0.45706233382225037,0.43609580397605896,0.43996474146842957,0.4490387737751007,0.43563100695610046,0.4475403130054474,0.44011691212654114,0.4444290101528168,0.5390214323997498,0.43280935287475586,0.5421186685562134,0.4403954744338989,0.5330398678779602,0.435040146112442,0.5370099544525146,0.43278300762176514,0.5115522146224976,0.4515259861946106,0.21290260553359985,0.17823977768421173,0.17775113880634308,0.17855876684188843,0.18662267923355103,0.191379114985466,0.1955554187297821,0.19522979855537415,0.21399959921836853,0.24419397115707397,0.24632740020751953,0.3566615581512451,0.38505199551582336,0.5339469313621521,0.5892087817192078,0.45596614480018616,0.4485657215118408,0.4374168813228607,0.41262584924697876,0.4176010191440582,0.3839123249053955,0.42582160234451294,0.3979821801185608,0.8426833748817444,0.8498410582542419,1.166357398033142,1.1312313079833984,1.4775606393814087,1.4547407627105713,1.5221376419067383,1.5005196332931519,1.5570398569107056,1.5403114557266235
0.4338629404703776,0.4338629404703776,0.4330106417338053,0.4398289680480957,0.4483519236246744,0.432158342997233,0.4466473261515299,0.4492041905721028,0.4466473261515299,0.4406812667846679,0.4568748474121094,0.4551702499389648,0.4509087880452474,0.4492041905721028,0.4636931737263997,0.4594317118326823,0.4560225486755371,0.4568748474121094,0.4679546356201172,0.464545472462972,0.4611363093058268,0.4158082750108507,0.3900500827365451,0.3582311277036313,0.338533698187934,0.3233818336769387,0.3521703932020399,0.3309577659324363,0.3370185004340277,0.3445944609465422,0.3627766927083333,0.343079263192636,0.3552007604528356,0.3642918904622396,0.3764133877224392,0.3582311277036313,0.3688374554669416,0.3764133877224392,0.3900500827365451,0.3718678227177373,0.3809589527271412,0.3870196872287326,0.4500564893086751,0.4313060442606608,0.4125555992126465,0.4006235122680664,0.3912482897440592,0.4108510017395019,0.3997712135314941,0.4048849741617839,0.4099987347920735,0.4176693598429362,0.4091464360555013,0.414260196685791,0.4185216585795084,0.4270445823669433,0.4193739573160807,0.4236354192097982,0.4261922836303711,0.4372721036275228,0.4304537455240885,0.432158342997233,0.434715207417806,0.4536879645453559,0.4476272017867477,0.4491423995406539,0.4658094618055555,0.4794461285626447,0.4264145745171441,0.4567183317961516,0.4688398290563513,0.4703550268102575,0.4309601395218461,0.4642942640516493,0.4749005918149594,0.4703550268102575,0.4370209022804542,0.4703550268102575,0.4764157895688657,0.4703550268102575,0.4491423995406539,0.471870196307147,0.4764157895688657,0.4733853940610532,0.46582868695259094,0.47252514958381653,0.4800271689891815,0.48645591735839844,0.4529821276664734,0.44720932841300964,0.4420347809791565,0.4988904297351837,0.43573617935180664,0.4833121597766876,0.45646288990974426,0.559374213218689,0.4042271375656128,0.5622975826263428,0.39429599046707153,0.45746517181396484,0.4337259531021118,0.4379449784755707,0.44066205620765686,0.43545234203338623,0.4426252543926239,0.4401233494281769,0.44059810042381287,0.539379894733429,0.4331711232662201,0.5426902174949646,0.4405718743801117,0.5338093042373657,0.4361194372177124,0.5376872420310974,0.434555321931839,0.5125676989555359,0.452166885137558,0.21447141468524933,0.17910869419574738,0.178116574883461,0.17862965166568756,0.188453808426857,0.1930651217699051,0.19716240465641022,0.195179283618927,0.2154044806957245,0.24422527849674225,0.24771007895469666,0.35610032081604004,0.3864777982234955,0.5341115593910217,0.5931300520896912,0.45308178663253784,0.44946643710136414,0.434258371591568,0.4144507348537445,0.4130670428276062,0.38492918014526367,0.4219779670238495,0.39937880635261536,0.8428476452827454,0.849873960018158,1.1661137342453003,1.1311219930648804,1.477518081665039,1.454558253288269,1.5220255851745605,1.5003948211669922,1.55699622631073,1.5404393672943115
0.4321521123250325,0.4321521123250325,0.4313001314798991,0.4381161053975423,0.4474880854288737,0.4304481188456217,0.4449320793151855,0.4474880854288737,0.4440800666809082,0.4381161053975423,0.4543040593465169,0.4526000658671061,0.4483400662740072,0.4466360727945963,0.4611200332641602,0.4577120463053385,0.4543040593465169,0.4543040593465169,0.4653800010681152,0.462824026743571,0.4594160397847494,0.413002042417173,0.3872528076171875,0.3554449010778356,0.3357543097601996,0.3221223336678964,0.3478715967248987,0.3266663162796586,0.3357543097601996,0.3448422749837239,0.3584742228190104,0.3387836315013744,0.3524155793366609,0.3599888836895978,0.3721061706542968,0.3539302402072483,0.3645328663013599,0.3721061706542968,0.3857381184895833,0.3675621880425347,0.376650153266059,0.3827087967484086,0.450044059753418,0.4304481188456217,0.4108521779378255,0.3989242235819498,0.3895522753397624,0.4082962036132812,0.397220230102539,0.4023322105407715,0.4082962036132812,0.4159641583760579,0.4065922101338704,0.4108521779378255,0.4159641583760579,0.4244841575622559,0.4159641583760579,0.4202241579691569,0.4236321449279785,0.4347081184387207,0.4270401318868001,0.4295961380004883,0.4321521123250325,0.4523832533094618,0.4448099206995081,0.4432952598289207,0.4584418967918113,0.4705591837565104,0.4190606858995225,0.449353931568287,0.4629858794035735,0.4675298620153356,0.4236046685112847,0.4554125750506366,0.4675298620153356,0.4675298620153356,0.4296633119936343,0.4599565576623987,0.469044522885923,0.4660152011447482,0.4402659380877459,0.4614712185329861,0.469044522885923,0.4660152011447482,0.4637199938297272,0.47026124596595764,0.47803547978401184,0.4844337999820709,0.450212299823761,0.4448372423648834,0.4385778307914734,0.4970075786113739,0.43284696340560913,0.48150357604026794,0.453860342502594,0.5585517287254333,0.4027876853942871,0.5626221895217896,0.3940594792366028,0.4579458236694336,0.4300766885280609,0.43698057532310486,0.4345893859863281,0.4355478584766388,0.4392460882663727,0.4402634799480438,0.43775591254234314,0.5396949052810669,0.4333308935165405,0.542462944984436,0.4406977891921997,0.5337809920310974,0.43650513887405396,0.5374923944473267,0.4353002905845642,0.5135842561721802,0.4522571563720703,0.21471913158893585,0.17915207147598267,0.17811936140060425,0.1784919947385788,0.1889382004737854,0.19370605051517487,0.19806112349033356,0.19476768374443054,0.21643266081809998,0.24414017796516418,0.24823950231075287,0.35597094893455505,0.38891902565956116,0.5345615744590759,0.5983105301856995,0.45077332854270935,0.44822633266448975,0.43115776777267456,0.410926878452301,0.41153961420059204,0.38288429379463196,0.4198790192604065,0.3979794681072235,0.8434662222862244,0.8510267734527588,1.166617751121521,1.1329210996627808,1.4774130582809448,1.4549059867858887,1.5217492580413818,1.5007476806640625,1.5583454370498657,1.5420259237289429
0.4307602246602376,0.4307602246602376,0.4299084663391113,0.4367226918538411,0.4460922559102376,0.4282048861185709,0.4426851272583008,0.4452404657999674,0.4418333371480306,0.4358709017435709,0.4529064814249674,0.4503511428833008,0.4460922559102376,0.4443886756896972,0.4588689168294271,0.4554618199666341,0.4520546913146973,0.4520546913146973,0.4639795939127604,0.4614242553710937,0.4571653683980306,0.4099809717248987,0.3857526143391927,0.3554671676070602,0.3357816060384114,0.3206388968008536,0.3448672541865596,0.3251817208749276,0.3357816060384114,0.3448672541865596,0.3539529023347078,0.3357816060384114,0.3494100782606337,0.3569814328794126,0.3675813462999132,0.3509243435329861,0.3630385222258391,0.3690956115722656,0.3812097902651186,0.3660670810275607,0.3751527009186921,0.3796955249927662,0.4469440142313639,0.4273531277974446,0.4086139996846517,0.3966890970865885,0.387319533030192,0.4052068710327148,0.3941337585449219,0.4009479840596517,0.4069104512532552,0.4128728866577148,0.4026515324910482,0.4086139996846517,0.4128728866577148,0.4213906606038411,0.4128728866577148,0.4171317736307779,0.4205389022827148,0.4307602246602376,0.4239459991455078,0.4256495475769043,0.4282048861185709,0.4508663601345486,0.4463235360604745,0.4448092707881221,0.4554091559516059,0.4629805388274016,0.4114952652542679,0.440266446714048,0.4569234494809751,0.4614662735550492,0.416038089328342,0.4478378013328269,0.4614662735550492,0.4629805388274016,0.4236094439471209,0.452380625406901,0.4644948040997541,0.4644948040997541,0.4342093573676215,0.4538948906792535,0.4629805388274016,0.4629805388274016,0.46241989731788635,0.4688270688056946,0.4767206609249115,0.48313796520233154,0.4486194849014282,0.4433850049972534,0.43697628378868103,0.49566251039505005,0.43140071630477905,0.48038485646247864,0.45241162180900574,0.5576760172843933,0.40204399824142456,0.5627132654190063,0.39401566982269287,0.45517775416374207,0.4289703667163849,0.43372952938079834,0.4331088960170746,0.4327828586101532,0.43813955783843994,0.43788453936576843,0.4365696310997009,0.5399655699729919,0.43340224027633667,0.5424726009368896,0.4405464828014374,0.5338956713676453,0.4371970295906067,0.53742915391922,0.43639373779296875,0.5159135460853577,0.45365095138549805,0.2148609161376953,0.17915767431259155,0.17806939780712128,0.17819659411907196,0.1892511397600174,0.1941414773464203,0.1986231952905655,0.19434383511543274,0.21710437536239624,0.24399150907993317,0.24849550426006317,0.35575950145721436,0.39069458842277527,0.5347633361816406,0.6011873483657837,0.4497707784175873,0.44600722193717957,0.4303492307662964,0.40686899423599243,0.4104999899864197,0.38014957308769226,0.41875991225242615,0.39563071727752686,0.8449777960777283,0.8534983992576599,1.1681797504425049,1.1358968019485474,1.4772372245788574,1.4572851657867432,1.5215973854064941,1.5028587579727173,1.5611780881881714,1.546942114830017
0.4300414085388183,0.4300414085388183,0.4291894912719726,0.4360047022501627,0.4453756014506022,0.4274856885274251,0.4428199132283528,0.4453756014506022,0.4419679959615071,0.4351528167724609,0.4521908124287923,0.4496351242065429,0.4453756014506022,0.4428199132283528,0.4581541379292806,0.4547465324401855,0.4513389269510905,0.4513389269510905,0.4624136288960774,0.4598579406738281,0.456450335184733,0.4099813108091001,0.3842349582248264,0.3554596229835793,0.3372857552987557,0.3236553333423755,0.3433437206127025,0.3236553333423755,0.3357712639702691,0.3448582119411892,0.3539451316550926,0.3357712639702691,0.3494016859266493,0.356974114312066,0.3660610622829861,0.3494016859266493,0.361517588297526,0.3690900449399595,0.381205975567853,0.3645465709544994,0.3736335189254195,0.3796914842393663,0.4445237159729004,0.4257818857828776,0.4070400555928548,0.395113468170166,0.3848906517028808,0.4036324501037597,0.3925577481587728,0.3985210418701171,0.4053362528483072,0.4112995783487955,0.4010767618815104,0.4070400555928548,0.4121514638264974,0.4198185920715332,0.4112995783487955,0.4155590693155924,0.4189666748046875,0.4283376057942708,0.4215223948160807,0.4232261975606282,0.4266338030497233,0.4493580570927373,0.4463290744357638,0.4463290744357638,0.4539015310781973,0.4599594963921441,0.4099813108091001,0.4387566177933304,0.455416022406684,0.4599594963921441,0.4130102934660735,0.4463290744357638,0.4584450050636574,0.4599594963921441,0.4205827501085069,0.4493580570927373,0.4614739877206308,0.4599594963921441,0.4296696698224103,0.450872548421224,0.4584450050636574,0.4599594963921441,0.46167904138565063,0.4679829776287079,0.47589313983917236,0.482256680727005,0.4476280212402344,0.44238895177841187,0.43603643774986267,0.4945504367351532,0.43020865321159363,0.47970050573349,0.4514633119106293,0.5567466616630554,0.4013528823852539,0.5624591112136841,0.39367392659187317,0.4540306627750397,0.42766669392585754,0.4337941110134125,0.43191978335380554,0.4329598546028137,0.4367729425430298,0.4375453293323517,0.43505337834358215,0.5403891205787659,0.4336910545825958,0.5429297685623169,0.4405515789985657,0.5355304479598999,0.4383605122566223,0.5384981036186218,0.437956303358078,0.5211243629455566,0.4552852213382721,0.21514448523521423,0.1791740357875824,0.1780579537153244,0.17804279923439026,0.18961818516254425,0.19459602236747742,0.1991630643606186,0.19416527450084686,0.2177315652370453,0.2439637929201126,0.24899865686893463,0.35544198751449585,0.3923150897026062,0.5350182056427002,0.604698121547699,0.447794109582901,0.4454795718193054,0.42186179757118225,0.40468743443489075,0.4036851227283478,0.3791239559650421,0.41481879353523254,0.39477208256721497,0.8461609482765198,0.8552546501159668,1.168170690536499,1.1364917755126953,1.476250171661377,1.4575495719909668,1.5202370882034302,1.5029520988464355,1.5611495971679688,1.5486736297607422
0.4292697270711263,0.4301212310791015,0.4292697270711263,0.4360818227132161,0.4445969581604004,0.4267151832580566,0.4420424143473307,0.4445969581604004,0.4420424143473307,0.4343788146972656,0.4514090538024902,0.4497060457865397,0.4454484621683756,0.4420424143473307,0.4573696454366048,0.4548151016235351,0.4505575497945149,0.4505575497945149,0.4616272290547689,0.4599241892496745,0.4556666374206543,0.4144184536404079,0.387170014558015,0.3584078188295717,0.3387284172905816,0.3220766138147424,0.3447836134168837,0.3251042118778935,0.3372146041304977,0.3462973983199508,0.3553802207664207,0.3357008192274305,0.3508388095431857,0.3584078188295717,0.3674906130190248,0.3508388095431857,0.3629492300528067,0.3705182110821759,0.3811148184317129,0.3659768281159578,0.3750596223054109,0.3811148184317129,0.4428939501444499,0.424160639444987,0.4062788963317871,0.3935061772664388,0.383288033803304,0.4028728485107422,0.390951665242513,0.3969122568766276,0.4037243525187174,0.4088334401448568,0.3986152648925781,0.405427360534668,0.4105364481608073,0.4173485438028971,0.4088334401448568,0.4139424959818522,0.4182000796000162,0.4258636792500814,0.4190515836079915,0.4216061274210612,0.4250121752421061,0.4507496586552372,0.4462082474320023,0.4477220605920862,0.4537772567183883,0.4583186679416232,0.4083632292570891,0.4371254532425492,0.4537772567183883,0.4583186679416232,0.4113908273202402,0.4431806493688512,0.4568048547815393,0.4583186679416232,0.417446051703559,0.4477220605920862,0.4598324528446904,0.4583186679416232,0.4265288458930121,0.4492358454951533,0.4583186679416232,0.4568048547815393,0.4609205424785614,0.46729615330696106,0.4751383364200592,0.48149144649505615,0.4469979703426361,0.4416133165359497,0.4355444610118866,0.49364885687828064,0.42944926023483276,0.4789716899394989,0.45043694972991943,0.5558487772941589,0.40088126063346863,0.5621983408927917,0.39338192343711853,0.4521183669567108,0.42689773440361023,0.43213653564453125,0.4313071370124817,0.43203288316726685,0.4357599914073944,0.4366641640663147,0.4339161813259125,0.540763258934021,0.43399307131767273,0.5432533025741577,0.44055700302124023,0.5360652804374695,0.439554363489151,0.5390311479568481,0.4392264783382416,0.5210010409355164,0.4568879306316376,0.21567651629447937,0.17948181927204132,0.17818683385849,0.17807157337665558,0.19023895263671875,0.1951468586921692,0.19963981211185455,0.19416987895965576,0.2181449681520462,0.24397261440753937,0.24970592558383942,0.3549128472805023,0.39242830872535706,0.5354573130607605,0.6055391430854797,0.4470078647136688,0.44558414816856384,0.41804006695747375,0.40345922112464905,0.4001922607421875,0.37854355573654175,0.4125317633152008,0.3941866159439087,0.8463306427001953,0.8560885190963745,1.1682336330413818,1.1383525133132935,1.4758368730545044,1.4596527814865112,1.5194482803344727,1.5049279928207397,1.5611252784729004,1.5510436296463013
0.429714552561442,0.429714552561442,0.4288626988728841,0.4356775919596354,0.4441962242126465,0.4263071060180664,0.4416406313578288,0.4441962242126465,0.4407887776692708,0.4339738845825195,0.4510111172993978,0.4493074099222819,0.4450480779012044,0.4416406313578288,0.4569741566975911,0.4544185638427734,0.4501592636108398,0.4493074099222819,0.4620853424072265,0.4595297495524088,0.4552704493204753,0.4157737166793258,0.3869996812608507,0.3582256740993924,0.3370237562391493,0.3203651145652488,0.3461102803548177,0.3264227973090278,0.3385381910536024,0.3476247151692708,0.3567112392849392,0.3370237562391493,0.3521679913556134,0.3597400806568287,0.3673121982150608,0.3521679913556134,0.3642833568431713,0.3718554744014034,0.3824564333315249,0.3673121982150608,0.3763987505877459,0.3824564333315249,0.4416406313578288,0.4237515131632487,0.4058623949686686,0.393084462483724,0.382862122853597,0.4024549484252929,0.3896770159403483,0.3956400553385417,0.4024549484252929,0.4084179878234863,0.3973437945048014,0.4041586875915527,0.4092698415120442,0.4160847663879394,0.4084179878234863,0.4126773198445638,0.4169366200764974,0.4246033986409505,0.4177884737650553,0.420344066619873,0.4237515131632487,0.4506054348415799,0.4475765934696904,0.4490910000271267,0.4536342762134693,0.4581775523998119,0.4082015991210937,0.4369756345395689,0.4536342762134693,0.4581775523998119,0.4097160339355469,0.4430333172833478,0.4566631175853587,0.4581775523998119,0.4157737166793258,0.4460621586552373,0.4596919589572482,0.4581775523998119,0.4248602407949942,0.4475765934696904,0.4566631175853587,0.4581775523998119,0.4605458974838257,0.46726685762405396,0.47493526339530945,0.4812801778316498,0.446879118680954,0.44121983647346497,0.4355429410934448,0.4931177794933319,0.4292029142379761,0.47851359844207764,0.44992777705192566,0.5549464821815491,0.40070876479148865,0.5615766644477844,0.3928470015525818,0.45031440258026123,0.4263816773891449,0.43011006712913513,0.43057096004486084,0.4310928285121918,0.4347679913043976,0.4359186291694641,0.4329322874546051,0.5412443280220032,0.43444496393203735,0.543795645236969,0.4404480755329132,0.5376541018486023,0.4407656490802765,0.5401836633682251,0.44079887866973877,0.5245758295059204,0.45915648341178894,0.21677610278129578,0.18003077805042267,0.17845824360847473,0.17821605503559113,0.1913570761680603,0.196088969707489,0.2003893405199051,0.1941835880279541,0.21861684322357178,0.24415433406829834,0.2506783902645111,0.3547379672527313,0.3922359049320221,0.535839855670929,0.6058278679847717,0.4458468556404114,0.44535526633262634,0.41329342126846313,0.40257999300956726,0.39604833722114563,0.3781698942184448,0.40928947925567627,0.3937007784843445,0.8470970392227173,0.8578901886940002,1.1689541339874268,1.1426540613174438,1.4758262634277344,1.4627715349197388,1.5193634033203125,1.507710337638855,1.561730980873108,1.553725004196167
0.42880646387736,0.429658285776774,0.42880646387736,0.4356209754943848,0.4441390991210937,0.4262510299682617,0.4415836652119954,0.4441390991210937,0.4407318433125813,0.4330655415852865,0.4501017570495605,0.4483981450398763,0.4441390991210937,0.4407318433125813,0.4569162686665853,0.4535090128580729,0.4501017570495605,0.4483981450398763,0.4611753145853678,0.4586198806762695,0.4543608347574869,0.4157547844780816,0.3884967945240162,0.356695810953776,0.3370094864456742,0.3218661838107639,0.3460955019350405,0.3264091774269386,0.3385238364890769,0.3476098237214265,0.356695810953776,0.3370094864456742,0.3521528173376013,0.3597244827835648,0.3688104700159143,0.3521528173376013,0.3642674763997396,0.3718391418457031,0.3824394508644386,0.3672961482295283,0.3763821354618779,0.3824394508644386,0.4407318433125813,0.4228438059488932,0.4049557367960611,0.3930303891499837,0.3828086217244466,0.4015484809875488,0.3896231333414713,0.395585823059082,0.4024003028869629,0.4075111707051595,0.3972894350687663,0.4041039148966471,0.4092148145039876,0.4160292943318684,0.4075111707051595,0.4126220385233561,0.4168811162312825,0.4245474179585775,0.4177329063415527,0.420288340250651,0.4228438059488932,0.4505844116210937,0.447555739791305,0.4490700898347077,0.4536130834508825,0.4581560770670573,0.408183119032118,0.4369554307725694,0.4536130834508825,0.4596703988534433,0.409697440818504,0.4430127461751302,0.4581560770670573,0.4596703988534433,0.4157547844780816,0.446041418004919,0.4596703988534433,0.4596703988534433,0.4248407717104311,0.447555739791305,0.4566417552806713,0.4581560770670573,0.46000540256500244,0.46718037128448486,0.47471487522125244,0.4810961186885834,0.4466676414012909,0.44078224897384644,0.43548691272735596,0.49284303188323975,0.4290909171104431,0.47818878293037415,0.44950050115585327,0.5544400811195374,0.40050166845321655,0.5610584616661072,0.3923967480659485,0.4489750564098358,0.4258052706718445,0.42878293991088867,0.4296592175960541,0.43004363775253296,0.4336761236190796,0.43506717681884766,0.43189534544944763,0.5416825413703918,0.4345894753932953,0.5443000197410583,0.4398002326488495,0.5382858514785767,0.4406984746456146,0.5407232642173767,0.4406954348087311,0.5248307585716248,0.45904767513275146,0.21756082773208618,0.1802731454372406,0.17855972051620483,0.1782783716917038,0.19218972325325012,0.19685199856758118,0.2009938806295395,0.19422507286071777,0.21908129751682281,0.24434413015842438,0.25147712230682373,0.35462486743927,0.39228734374046326,0.5360721349716187,0.6057141423225403,0.44483885169029236,0.44529739022254944,0.41075316071510315,0.40217047929763794,0.39392930269241333,0.37828919291496277,0.4076342284679413,0.39375314116477966,0.8484970927238464,0.8600276112556458,1.170001745223999,1.1461166143417358,1.4760594367980957,1.4672821760177612,1.51937997341156,1.5118876695632935,1.5622838735580444,1.558630108833313
0.4284517288208008,0.4293035825093587,0.4293035825093587,0.4352667172749837,0.4437854766845703,0.4258961041768392,0.4412298520406087,0.4437854766845703,0.4403779665629069,0.4327110926310221,0.4497485796610514,0.4488967259724934,0.4446373303731282,0.4403779665629069,0.4565635681152343,0.4540079434712727,0.4497485796610514,0.4480448404947916,0.4608229637145996,0.458267339070638,0.4540079434712727,0.4157469572844329,0.3884869610821759,0.3566836604365596,0.336995866563585,0.3203369988335503,0.3460825319643373,0.3263947663483796,0.3385103296350549,0.3460825319643373,0.3566836604365596,0.336995866563585,0.3521403277361834,0.3597125300654658,0.3687991954662181,0.3521403277361834,0.364255862765842,0.3718280933521412,0.3824291935673466,0.367284760651765,0.3763714260525174,0.3824291935673466,0.4412298520406087,0.4233404795328776,0.4054511070251465,0.3926729838053385,0.3824504852294922,0.4011917114257812,0.3892654736836751,0.3952286084493001,0.402043596903483,0.4071548461914062,0.3969323476155599,0.4037473360697428,0.408858585357666,0.4156736056009928,0.408006731669108,0.4122660954793294,0.4165254592895507,0.4241923332214355,0.4173773447672526,0.4199329694112142,0.4233404795328776,0.450579184072989,0.447550286187066,0.4490647210015191,0.4536080537018953,0.4581513864022714,0.4081747549551505,0.4369491859718605,0.4536080537018953,0.4596658212167245,0.4096891897696036,0.4430069534866898,0.4581513864022714,0.4596658212167245,0.4157469572844329,0.4460358513726128,0.4596658212167245,0.4596658212167245,0.4248336226851852,0.4460358513726128,0.4566369515878183,0.4581513864022714,0.45985737442970276,0.4670413136482239,0.4743962585926056,0.480846107006073,0.4467090964317322,0.44048160314559937,0.43542003631591797,0.49260038137435913,0.42883843183517456,0.4780789613723755,0.44956713914871216,0.5539770722389221,0.40014952421188354,0.5607518553733826,0.39196762442588806,0.4475816786289215,0.4257156252861023,0.42766037583351135,0.4297746419906616,0.4284439980983734,0.43351656198501587,0.43365755677223206,0.4316072463989258,0.5419861078262329,0.4346386194229126,0.5446656346321106,0.4396241307258606,0.5387979745864868,0.44115954637527466,0.5410363078117371,0.4416521489620209,0.5254371762275696,0.4590684175491333,0.217718705534935,0.18028393387794495,0.1785632222890854,0.17827437818050385,0.19243702292442322,0.19719645380973816,0.20133298635482788,0.19424016773700714,0.21952633559703827,0.2443784922361374,0.2519165277481079,0.35450059175491333,0.3923593759536743,0.5361390709877014,0.6056223511695862,0.44391298294067383,0.4450550377368927,0.409097284078598,0.40170225501060486,0.3928474485874176,0.3780367076396942,0.40663501620292664,0.3936447203159332,0.8489605188369751,0.8612779974937439,1.1706117391586304,1.1503175497055054,1.4760732650756836,1.47184419631958,1.519300103187561,1.5157614946365356,1.5648387670516968,1.5661853551864624
0.4284317970275879,0.4292837142944335,0.4292837142944335,0.4352469762166341,0.4437659581502278,0.4258761088053385,0.4412102699279785,0.4437659581502278,0.4412102699279785,0.4326912879943848,0.4505811373392741,0.4488773345947265,0.4446178436279296,0.4403583526611328,0.4565443992614746,0.4539887110392253,0.4497292200724284,0.4488773345947265,0.4608038902282715,0.4582482020060221,0.4539887110392253,0.4156605190700955,0.3883998446994358,0.3565956963433159,0.3369074221010561,0.3202481022587529,0.3459943135579427,0.3278205023871527,0.338421885172526,0.3475088048864294,0.3565956963433159,0.3369074221010561,0.3520522506148726,0.3596246507432725,0.3687115704571759,0.3520522506148726,0.3656825878002025,0.3717405248571325,0.3823419076425058,0.3671970791286892,0.3777984619140625,0.3823419076425058,0.4412102699279785,0.4233204205830892,0.4054306030273437,0.392652161916097,0.3824293772379557,0.4011711120605469,0.3892445564270019,0.3952078501383463,0.4020229975382487,0.4079862912495931,0.39691162109375,0.4037268002827962,0.4088381767272949,0.4156533559163411,0.4079862912495931,0.4122457822163899,0.416505241394043,0.4241723378499349,0.4173571586608887,0.419912846883138,0.4233204205830892,0.4504936500831886,0.4474646674262152,0.4489791587547019,0.4535226044831452,0.4580660502115885,0.4080881189416956,0.436863284640842,0.4535226044831452,0.4595805415400752,0.4096026102701823,0.442921221697772,0.4580660502115885,0.4595805415400752,0.4156605190700955,0.4459502043547453,0.4595805415400752,0.4595805415400752,0.4247474387839988,0.4474646674262152,0.4565515871401186,0.4580660502115885,0.4599284827709198,0.467142790555954,0.47438207268714905,0.4809880554676056,0.4468978941440582,0.44036853313446045,0.43543344736099243,0.4924587905406952,0.42872509360313416,0.4780506193637848,0.449722558259964,0.5535122752189636,0.39976006746292114,0.5606482625007629,0.3914368748664856,0.4470183551311493,0.4257446229457855,0.4276154935359955,0.4299109876155853,0.4277990460395813,0.43358081579208374,0.43294885754585266,0.4317088723182678,0.542061448097229,0.4346471130847931,0.5446271300315857,0.43951570987701416,0.5390371680259705,0.44152650237083435,0.5412930846214294,0.4424867630004883,0.525953471660614,0.4589140713214874,0.21779470145702362,0.18029281497001648,0.1785614937543869,0.1782670021057129,0.1925685554742813,0.19741010665893555,0.20152896642684937,0.1942550539970398,0.21976609528064728,0.24442341923713684,0.25210148096084595,0.35429149866104126,0.39252227544784546,0.5361390113830566,0.6058517098426819,0.44350865483283997,0.4450407028198242,0.40806975960731506,0.40135636925697327,0.39213064312934875,0.377782940864563,0.4059585928916931,0.3936159908771515,0.8489870429039001,0.8613082766532898,1.172410488128662,1.1529407501220703,1.4788414239883423,1.4746509790420532,1.5210905075073242,1.518900990486145,1.572596549987793,1.5689789056777954
0.4284849802652994,0.4293363253275553,0.4293363253275553,0.4352957089742025,0.444660472869873,0.4259309450785319,0.4412551244099935,0.4438091278076171,0.4412551244099935,0.4327416737874349,0.4506198883056641,0.4489171981811523,0.444660472869873,0.4404037793477376,0.4565792719523112,0.4531738917032877,0.4497685432434082,0.4480658531188964,0.4608359972635905,0.4582819620768229,0.4540252367655436,0.4161666022406684,0.3874101426866319,0.3571401807996961,0.3374647352430555,0.32081623783818,0.3465456927264178,0.3268702471697772,0.3389782093189381,0.3465456927264178,0.3556267067238136,0.3374647352430555,0.352599702058015,0.3586536831325955,0.3677346688729745,0.3510861997251157,0.3647076642071759,0.3722751758716724,0.382869635687934,0.3677346688729745,0.3768156546133536,0.382869635687934,0.4412551244099935,0.4225255648295085,0.405498727162679,0.392728583017985,0.3816611289978027,0.4012420018513997,0.3901745796203613,0.3961339632670084,0.4029446919759115,0.4080527623494466,0.3978366533915202,0.4037960370381673,0.4089041074117024,0.4157148361206054,0.4080527623494466,0.4131608009338379,0.4165661811828613,0.4242282549540201,0.4174175262451172,0.4199715614318847,0.4233769098917643,0.4509770428692853,0.4479500382034866,0.449463540536386,0.4540040475350839,0.458544526276765,0.4085991188331886,0.4373555501302083,0.4540040475350839,0.4600580286096643,0.410112621166088,0.4434095594618055,0.4570310239438657,0.458544526276765,0.4161666022406684,0.4464365641276042,0.4600580286096643,0.458544526276765,0.4252475879810474,0.4464365641276042,0.4570310239438657,0.458544526276765,0.4598786532878876,0.4672383666038513,0.474388986825943,0.4811148941516876,0.44709327816963196,0.4404274523258209,0.43552568554878235,0.49239596724510193,0.42879244685173035,0.4779098629951477,0.44988176226615906,0.5533632040023804,0.3993731439113617,0.5603693723678589,0.39109742641448975,0.446450412273407,0.4257625937461853,0.42736831307411194,0.43021899461746216,0.4270647168159485,0.4337983727455139,0.4322245419025421,0.4317357838153839,0.542212724685669,0.43465253710746765,0.5446304082870483,0.4392617344856262,0.5391858220100403,0.44153615832328796,0.5415517687797546,0.4424642324447632,0.5256562829017639,0.45903173089027405,0.21816711127758026,0.18036291003227234,0.17857305705547333,0.17826774716377258,0.19303452968597412,0.19791670143604279,0.20194566249847412,0.19426336884498596,0.22004100680351257,0.24468864500522614,0.25242045521736145,0.3542499542236328,0.39295297861099243,0.5361312627792358,0.6058861613273621,0.44305428862571716,0.4447624981403351,0.4073779582977295,0.4006287157535553,0.39182013273239136,0.37769994139671326,0.40567126870155334,0.3934740722179413,0.8490029573440552,0.8614550828933716,1.1728730201721191,1.153175711631775,1.4795200824737549,1.4751883745193481,1.521286964416504,1.5190365314483643,1.573773980140686,1.5701258182525635
0.4282084465026855,0.4299098650614421,0.4290591557820638,0.4358648618062337,0.4452226956685384,0.4256563186645508,0.4409691492716471,0.4443719863891601,0.4418198585510254,0.4333127339680989,0.4503269831339518,0.4494762738545735,0.4452226956685384,0.4409691492716471,0.4571326573689778,0.4537298202514648,0.4503269831339518,0.4486255327860514,0.4605355262756347,0.4588341077168782,0.4545805295308431,0.41805419921875,0.3893190171983507,0.3590714631257233,0.3409229419849537,0.3257991366916232,0.3454600581416377,0.3257991366916232,0.3378981696234809,0.3469724301938657,0.3560467190212674,0.3378981696234809,0.3515095746075665,0.3590714631257233,0.3681457236961082,0.3530219466597946,0.3651209795916522,0.371170496057581,0.3832695007324219,0.3681457236961082,0.3772200125235098,0.3832695007324219,0.4418198585510254,0.4231041590372721,0.405239200592041,0.3924785296122233,0.3814192454020182,0.401836363474528,0.3899263699849447,0.3958813667297363,0.4026870727539062,0.4077913284301758,0.3975827852884928,0.4035377820332845,0.4086420694986979,0.4154477437337239,0.4077913284301758,0.4128956158955892,0.416298484802246,0.4239548683166504,0.4171491940816244,0.4197013219197591,0.4231041590372721,0.4513265256528501,0.4483017532913773,0.4498141536006221,0.4528388977050781,0.4573760421187789,0.4074675665961371,0.4362027486165364,0.4528388977050781,0.4588884141710069,0.4089799386483652,0.4422522650824653,0.4573760421187789,0.4588884141710069,0.4150294551142939,0.4467893812391493,0.4588884141710069,0.4588884141710069,0.4241037156846788,0.4467893812391493,0.4573760421187789,0.4588884141710069,0.4600028991699219,0.46737727522850037,0.4744798243045807,0.48124927282333374,0.44712764024734497,0.44059067964553833,0.4356510043144226,0.4924524128437042,0.4288944602012634,0.47794774174690247,0.4499221742153168,0.5533152222633362,0.3991820514202118,0.5600373148918152,0.3908917009830475,0.4457511603832245,0.42591503262519836,0.4266431927680969,0.43087631464004517,0.42627719044685364,0.4343276023864746,0.43161121010780334,0.43196162581443787,0.5423144698143005,0.4346751868724823,0.5446784496307373,0.43929263949394226,0.5394344329833984,0.4414973258972168,0.5418374538421631,0.44235390424728394,0.5255101323127747,0.4589506685733795,0.2181698977947235,0.18029572069644928,0.17840737104415894,0.17809736728668213,0.19311225414276123,0.19807319343090057,0.20213893055915833,0.19416001439094543,0.2202339917421341,0.24475501477718353,0.25245603919029236,0.35423994064331055,0.39346790313720703,0.5361202955245972,0.6058071851730347,0.44221001863479614,0.4445916414260864,0.4067617952823639,0.3991134762763977,0.3915521800518036,0.3768485188484192,0.4052966833114624,0.39301466941833496,0.8490872383117676,0.861997127532959,1.1738322973251343,1.153100609779358,1.4812555313110352,1.4756525754928589,1.5223203897476196,1.519711971282959,1.5770820379257202,1.570540189743042
0.4289223035176595,0.4297737121582031,0.4297737121582031,0.4365849494934082,0.4450990041097005,0.4263680775960286,0.4425447781880696,0.4459504127502441,0.4425447781880696,0.4331793149312337,0.451058832804362,0.4502074241638183,0.4450990041097005,0.4408419609069824,0.457870070139567,0.4544644673665364,0.4502074241638183,0.4485046068827311,0.4612757047017415,0.4587214787801106,0.4544644673665364,0.416162363688151,0.3889174002188223,0.3586452060275608,0.3389682628490306,0.3238321657533999,0.346536311396846,0.3268593964753327,0.3389682628490306,0.346536311396846,0.3556179753056279,0.337454675745081,0.3525907728407118,0.3601588213885272,0.3677268699363425,0.3525907728407118,0.3662132545753762,0.3722676877622251,0.3828629670319733,0.3692404570402922,0.3783221209490741,0.3828629670319733,0.441693369547526,0.4229624430338541,0.4050829251607259,0.393163267771403,0.3812435785929361,0.4016773223876953,0.3897576332092285,0.3957174936930338,0.4025287310282389,0.4084885597229004,0.3974202791849772,0.4042315483093261,0.409339968363444,0.4161512056986491,0.4076371510823567,0.4127456029256185,0.4170026143391927,0.4246652603149414,0.4178540229797363,0.4204082489013672,0.4229624430338541,0.4509754039623119,0.447948173240379,0.4494617886013455,0.454002606427228,0.4570298371491609,0.4070806997793692,0.4358393068666811,0.454002606427228,0.4585434525101273,0.410107930501302,0.4418937400535301,0.4570298371491609,0.4585434525101273,0.416162363688151,0.4464345578794126,0.4585434525101273,0.4585434525101273,0.4252440275969328,0.4464345578794126,0.4570298371491609,0.4585434525101273,0.46008774638175964,0.4674544036388397,0.47458285093307495,0.48129257559776306,0.44716745615005493,0.44071123003959656,0.43574705719947815,0.4925398528575897,0.4289741814136505,0.47801223397254944,0.45001059770584106,0.5532926321029663,0.39906349778175354,0.5596906542778015,0.39082086086273193,0.445791095495224,0.426014244556427,0.4266757667064667,0.4310833215713501,0.4261070191860199,0.4347509741783142,0.4314133822917938,0.4322470426559448,0.5424135327339172,0.43468016386032104,0.5447892546653748,0.43920692801475525,0.539854109287262,0.4411933124065399,0.5422666668891907,0.4418819844722748,0.5255922675132751,0.4589267075061798,0.21811443567276,0.1801377683877945,0.17818613350391388,0.17794719338417053,0.1931096911430359,0.19808264076709747,0.2021709382534027,0.19407305121421814,0.22034893929958344,0.244758740067482,0.25246426463127136,0.35423097014427185,0.39411526918411255,0.535986065864563,0.606111466884613,0.4416921138763428,0.4445192813873291,0.4066113233566284,0.39838969707489014,0.39147648215293884,0.3762610852718353,0.4052543640136719,0.39275628328323364,0.8492377400398254,0.8623082041740417,1.1740514039993286,1.1528337001800537,1.4814363718032837,1.4752984046936035,1.5224395990371704,1.5194952487945557,1.576903223991394,1.569825530052185
0.4290613492329915,0.4307634353637695,0.4299124081929524,0.4367207845052083,0.4452312469482422,0.4273592631022135,0.4435291608174642,0.4460822741190592,0.4418270428975423,0.4341676394144694,0.452039623260498,0.4503375053405761,0.4460822741190592,0.4418270428975423,0.4579969406127929,0.4545927683512369,0.4511885643005371,0.4494864781697591,0.461401112874349,0.4588479995727539,0.455443795522054,0.4176204822681568,0.3888740256980613,0.3586145754213686,0.3389459398057726,0.3223032633463542,0.3465107953106915,0.3283551534016927,0.3404589335123698,0.3480237890172887,0.3555886445222077,0.3389459398057726,0.3525626853660301,0.360127540870949,0.3692053900824653,0.3540756790726273,0.3661794309262876,0.3722313209816261,0.3843351010923032,0.3692053900824653,0.3782832110369647,0.3843351010923032,0.4418270428975423,0.4239550908406576,0.4052320480346679,0.3924663543701172,0.3822538057963053,0.4018278757731119,0.3899132092793783,0.3958705266316731,0.402678902943929,0.408636220296224,0.3975726445515951,0.404380989074707,0.4094872792561849,0.4162956555684408,0.408636220296224,0.4128914833068847,0.4171467145284017,0.4248061180114746,0.4179977416992187,0.4205508867899576,0.4239550908406576,0.4524188288935908,0.44939289799443,0.4509058634440104,0.4539317943431712,0.4584707189489294,0.4085426613136574,0.4357761524341724,0.4539317943431712,0.4599836843985098,0.4100556267632378,0.4433410079390914,0.4584707189489294,0.4599836843985098,0.4161075168185764,0.4463669388382523,0.4599836843985098,0.4599836843985098,0.4251853377730758,0.4478799042878327,0.4584707189489294,0.4599836843985098,0.46022769808769226,0.4676758646965027,0.47484320402145386,0.481748104095459,0.4473695158958435,0.4407845139503479,0.43580788373947144,0.49261611700057983,0.42903801798820496,0.4781963527202606,0.4502469599246979,0.553295373916626,0.39906278252601624,0.5597366094589233,0.3907063603401184,0.4461718797683716,0.42602911591529846,0.42699748277664185,0.4311535656452179,0.42641952633857727,0.43484219908714294,0.43166106939315796,0.43228986859321594,0.5424315333366394,0.4346775412559509,0.5450448989868164,0.4392012059688568,0.5398498773574829,0.4410853683948517,0.5422464609146118,0.441624253988266,0.5254783630371094,0.4588521718978882,0.21804174780845642,0.179930180311203,0.1779756397008896,0.17787452042102814,0.19309782981872559,0.19808292388916016,0.2021784782409668,0.1939961165189743,0.22033798694610596,0.2447594255208969,0.2524588704109192,0.35422489047050476,0.39417219161987305,0.5359714031219482,0.6063747406005859,0.4415719509124756,0.44442880153656006,0.4068796932697296,0.39850008487701416,0.3914544880390167,0.3760787546634674,0.4051292836666107,0.3925773501396179,0.8492408394813538,0.8623728156089783,1.1748536825180054,1.153581976890564,1.4835373163223267,1.476104974746704,1.5242794752120972,1.5202518701553345,1.579850435256958,1.5706725120544434
0.4298978487650553,0.4307490030924479,0.4307490030924479,0.4375582695007324,0.4469209988911947,0.4281955401102701,0.4443675359090169,0.4469209988911947,0.4435163815816244,0.4358559608459472,0.4528791109720866,0.4511768023173014,0.4469209988911947,0.4435163815816244,0.4596883773803711,0.4554325739542643,0.452027956644694,0.4511768023173014,0.4622418403625488,0.4596883773803711,0.4554325739542643,0.4160834983543113,0.3903596100983796,0.3616093953450521,0.3434513798466435,0.3298328540943287,0.347990897849754,0.3298328540943287,0.3404250533492476,0.347990897849754,0.3585830688476562,0.3404250533492476,0.3555567423502604,0.3616093953450521,0.3706884313512731,0.3570699055989583,0.3676620765968605,0.373714757848669,0.3858201203522858,0.372201594599971,0.3812806023491753,0.3873332836009838,0.4426652272542318,0.4247909228006998,0.4060654322306315,0.393298085530599,0.3830841700236002,0.4026608149210612,0.3907445907592773,0.3967027028401693,0.4035119692484538,0.4094700813293457,0.3984050114949544,0.4052142779032389,0.4103212356567383,0.4171305020650228,0.4086189270019531,0.4137258529663086,0.4179816563924153,0.4256420771280924,0.4188328107198079,0.4213862737019856,0.4247909228006998,0.4539127208568431,0.4508863943594473,0.4523995576081452,0.4569390756112558,0.4614785653573495,0.4100308171025029,0.4387810318558304,0.4569390756112558,0.4629917286060475,0.4130571718569155,0.4448337131076388,0.4614785653573495,0.4629917286060475,0.4191098248517071,0.4493732311107494,0.4629917286060475,0.4645049201117621,0.4281888608579282,0.4493732311107494,0.4614785653573495,0.4629917286060475,0.4605821669101715,0.46798083186149597,0.47530049085617065,0.48238080739974976,0.44773414731025696,0.44113782048225403,0.4358716607093811,0.492784321308136,0.4291384518146515,0.47832435369491577,0.45065945386886597,0.5532988905906677,0.39907705783843994,0.559842050075531,0.39042600989341736,0.4464283585548401,0.4260117709636688,0.42713138461112976,0.4311935305595398,0.42667120695114136,0.43489015102386475,0.4318835437297821,0.43235090374946594,0.5424379110336304,0.4346722364425659,0.5450809597969055,0.43919938802719116,0.539885938167572,0.4410528540611267,0.5422507524490356,0.44155052304267883,0.5254440903663635,0.4587952494621277,0.21777279675006866,0.17976276576519012,0.17788554728031158,0.17787116765975952,0.19290870428085327,0.19792352616786957,0.20204830169677734,0.19405315816402435,0.22016175091266632,0.24474486708641052,0.2523042559623718,0.3542744815349579,0.3944525420665741,0.5359660387039185,0.6064351201057434,0.4414302408695221,0.4447948932647705,0.4074397087097168,0.39914917945861816,0.3917887508869171,0.37623369693756104,0.40516743063926697,0.3925866186618805,0.8491297960281372,0.8623427748680115,1.1748384237289429,1.1534416675567627,1.483480453491211,1.4758639335632324,1.5240461826324463,1.5200406312942505,1.5793774127960205,1.5702931880950928
0.431361707051595,0.4305101712544759,0.4305101712544759,0.4381741841634115,0.4475413004557291,0.4296586036682129,0.444986629486084,0.4475413004557291,0.444986629486084,0.4373226165771484,0.4543537457784017,0.4526506423950195,0.4483928680419922,0.444986629486084,0.4603146553039551,0.4569084167480469,0.4526506423950195,0.4517990748087565,0.4637208620707194,0.4611661911010742,0.4569084167480469,0.4201374760380498,0.3974292896412037,0.3686655962908709,0.3489851774992766,0.3399019029405382,0.3535268147786458,0.335360265661169,0.3459574098940249,0.3520129451045283,0.3641239590115017,0.3474713078251591,0.3610962196632667,0.3686655962908709,0.3762350011754919,0.3626100893373842,0.3732072335702401,0.3792627405237268,0.391373782687717,0.3777488708496094,0.3853182757342303,0.391373782687717,0.444986629486084,0.4262523651123047,0.4066665649414062,0.3938932100931803,0.3836745262145996,0.4049634615580241,0.3913385391235351,0.3972994486490885,0.404111893971761,0.4109243392944336,0.3990025520324707,0.4058149973551432,0.4117759068806966,0.4185883522033691,0.4092212359110514,0.4143305778503418,0.4194399197896322,0.4271039326985677,0.4194399197896322,0.4219945907592773,0.4254008293151855,0.4579844439471209,0.454956704598886,0.4579844439471209,0.4625260812264901,0.4700954861111111,0.417109708432798,0.4443595321090133,0.4625260812264901,0.4700954861111111,0.4201374760380498,0.4519289369936342,0.4700954861111111,0.4700954861111111,0.4261929829915364,0.4564705742730034,0.4716093557852286,0.4716093557852286,0.4352762575502749,0.4564705742730034,0.4685815881799768,0.4685815881799768,0.4609454572200775,0.46849390864372253,0.47613775730133057,0.48317500948905945,0.4482138752937317,0.4417427182197571,0.4361034035682678,0.49306780099868774,0.42944586277008057,0.47843441367149353,0.4509851336479187,0.5532944202423096,0.39908748865127563,0.5610520839691162,0.38978976011276245,0.4470255970954895,0.42599624395370483,0.4276321828365326,0.43124741315841675,0.4268355667591095,0.4349272847175598,0.43193742632865906,0.4323858320713043,0.5423775315284729,0.4345211386680603,0.5450408458709717,0.43916723132133484,0.5396823287010193,0.44039854407310486,0.541977047920227,0.4405149221420288,0.5248123407363892,0.4580768644809723,0.21717067062854767,0.17946085333824158,0.17772851884365082,0.17785494029521942,0.19238872826099396,0.19740457832813263,0.20157968997955322,0.1941096931695938,0.21919208765029907,0.2446560263633728,0.2514304220676422,0.35426899790763855,0.394104927778244,0.5364485383033752,0.6064156889915466,0.4433356821537018,0.44717416167259216,0.41428157687187195,0.40304768085479736,0.39568448066711426,0.37864118814468384,0.4083400070667267,0.39511844515800476,0.8481698632240295,0.8611534833908081,1.1735382080078125,1.1532198190689087,1.4827759265899658,1.475807785987854,1.523209810256958,1.5199246406555176,1.5789966583251953,1.5694910287857056
0.4302733421325683,0.4302733421325683,0.431978702545166,0.4413581530253092,0.4532956759134928,0.4311260223388672,0.447326914469401,0.4481795946756998,0.4456215540568033,0.4388001124064127,0.4558537165323893,0.4532956759134928,0.4481795946756998,0.447326914469401,0.4609697977701822,0.457559076944987,0.4532956759134928,0.4541483561197916,0.4652331988016764,0.4626751581827799,0.4584117571512858,0.4257186041937934,0.4014646176938657,0.3741788510923032,0.3514407122576678,0.3438613609031394,0.36356771963614,0.3453772368254485,0.3559883400245949,0.362051843713831,0.3756947270146122,0.3590200918692129,0.3711470992476852,0.3787264788592303,0.3878217343930845,0.3741788510923032,0.3847899825484664,0.3908534862377025,0.4029804936161748,0.3878217343930845,0.3969169899269386,0.4029804936161748,0.4507376352945964,0.4311260223388672,0.4098090171813965,0.3961661338806152,0.3850812911987304,0.4055456161499023,0.3927554130554199,0.3987241744995117,0.4046929359436035,0.412367057800293,0.4004295349121093,0.4072509765625,0.412367057800293,0.4200411796569824,0.4115143775939941,0.4157777786254882,0.4200411796569824,0.4302733421325683,0.4225992202758789,0.4243045806884765,0.4277153015136719,0.4681631300184461,0.4681631300184461,0.4742266054506655,0.4757424813729745,0.4802901091399016,0.4302662319607205,0.4560361226399739,0.4742266054506655,0.4818059850622107,0.4317821078830295,0.4636155022515191,0.4818059850622107,0.4848377369068287,0.4393614874945746,0.4681631300184461,0.4833218609845197,0.4848377369068287,0.4484567430284288,0.4711948818630642,0.4818059850622107,0.4833218609845197,0.46165838837623596,0.46941059827804565,0.4774378836154938,0.48421943187713623,0.44909706711769104,0.442783385515213,0.4365951120853424,0.49349913001060486,0.42991000413894653,0.47865578532218933,0.4514159560203552,0.5532593131065369,0.3990945816040039,0.5631862282752991,0.3887200951576233,0.4482353627681732,0.4266291856765747,0.4280366003513336,0.43205440044403076,0.42702752351760864,0.4352121353149414,0.43208566308021545,0.43261995911598206,0.5423557162284851,0.43452367186546326,0.5451813340187073,0.43933579325675964,0.5397910475730896,0.4405509829521179,0.5421226620674133,0.44053253531455994,0.5247775316238403,0.4585196375846863,0.21663235127925873,0.1793893277645111,0.17772448062896729,0.1779053658246994,0.19191507995128632,0.19683045148849487,0.20100706815719604,0.19435077905654907,0.21822988986968994,0.2444768249988556,0.2507539391517639,0.3542516231536865,0.3936363458633423,0.5380768775939941,0.6065791249275208,0.4502328336238861,0.45079371333122253,0.4272342324256897,0.40874552726745605,0.40905168652534485,0.383298397064209,0.42014384269714355,0.40111789107322693,0.8477005958557129,0.8605836629867554,1.1709169149398804,1.1523374319076538,1.4806917905807495,1.4756373167037964,1.5214985609054565,1.5197747945785522,1.5746091604232788,1.5694351196289062
0.4276156107584635,0.4310287793477376,0.4327353795369466,0.4438282330830892,0.4566276550292968,0.4344419797261556,0.4515078862508138,0.4515078862508138,0.4472414016723632,0.4421216328938802,0.4600408554077148,0.4557743708292643,0.4506546020507812,0.4489480018615722,0.4643073399861653,0.4591875712076823,0.4549210866292317,0.4549210866292317,0.4668672243754069,0.4634540239969889,0.4591875712076823,0.4420479103370949,0.4162593982837818,0.3874369585955584,0.3677163300690828,0.3586144906503183,0.3798520971227575,0.3631654244882089,0.3722672356499566,0.3798520971227575,0.3919878641764323,0.3768181694878472,0.3874369585955584,0.3950217918113426,0.4071575588650173,0.3919878641764323,0.4026066532841435,0.4086745368109809,0.4238442597565827,0.4101915147569444,0.4162593982837818,0.4208103038646557,0.4600408554077148,0.4378551483154297,0.4156694412231445,0.4011634190877278,0.3917771657307943,0.411402956644694,0.3986035346984863,0.4037233034769694,0.4096963882446289,0.4173760414123535,0.4062831878662109,0.4122562726338704,0.4173760414123535,0.4250556945800781,0.4156694412231445,0.4207892417907715,0.4250556945800781,0.4335886637369792,0.4259090105692545,0.4284688949584961,0.4318820953369141,0.483006117078993,0.4890740288628472,0.4921079282407407,0.4966588338216146,0.5012097394024885,0.4526666994448061,0.4784552114981192,0.4981758400245949,0.5042436952944155,0.4557006270797164,0.4875570226598669,0.5057607014973958,0.5087946008752894,0.4632854885525174,0.4921079282407407,0.5087946008752894,0.5103116070782697,0.4708703500253183,0.4936249344437211,0.5087946008752894,0.5103116070782697,0.4622749090194702,0.47036486864089966,0.47869035601615906,0.4852033853530884,0.44991961121559143,0.4436843991279602,0.43709897994995117,0.49429044127464294,0.43069562315940857,0.47906196117401123,0.4517097473144531,0.5532190799713135,0.39939865469932556,0.5678694248199463,0.38582488894462585,0.4542970657348633,0.42681828141212463,0.43317991495132446,0.43239620327949524,0.43049442768096924,0.43567177653312683,0.43613749742507935,0.4337312579154968,0.5423343181610107,0.4344872534275055,0.5451840162277222,0.43929916620254517,0.5397903323173523,0.4405730664730072,0.5421766042709351,0.44054269790649414,0.5240618586540222,0.45846641063690186,0.21473011374473572,0.17906169593334198,0.17762477695941925,0.17790035903453827,0.19086378812789917,0.19576795399188995,0.1999250203371048,0.19454628229141235,0.2171427309513092,0.2428366243839264,0.24921785295009613,0.35420089960098267,0.3928546607494354,0.5408419370651245,0.6065220832824707,0.46383005380630493,0.4616979658603668,0.4434022605419159,0.4260801374912262,0.4212324917316437,0.39586585760116577,0.43132710456848145,0.41202428936958313,0.8462309837341309,0.8596289157867432,1.1687201261520386,1.1515647172927856,1.4765980243682861,1.4755200147628784,1.5176478624343872,1.5196536779403687,1.5671637058258057,1.568750023841858
0.4279901504516601,0.4322603543599446,0.4373846054077148,0.4493412017822266,0.4630058924357096,0.4399467468261718,0.4570275942484538,0.4553194999694824,0.4501952489217122,0.4467790921529134,0.4638599077860514,0.4587356567382812,0.4527573903401692,0.4527573903401692,0.4672760963439941,0.4612977981567382,0.4570275942484538,0.4578816413879394,0.4681301434834798,0.4647139549255371,0.4604437510172526,0.464395989312066,0.4385849564163773,0.4067006994176794,0.3884811401367187,0.3839262503164786,0.4082190054434317,0.3930360299569589,0.3991092258029514,0.4036641156231915,0.4234019809299045,0.4082190054434317,0.417328785083912,0.4234019809299045,0.4416215402108651,0.4264385647243923,0.4325117605703848,0.437066650390625,0.456804515697338,0.4431398462366174,0.4476947360568576,0.4507313198513455,0.4689841588338216,0.4493412017822266,0.425428040822347,0.4109093030293783,0.4006608009338379,0.4177416483561197,0.4066390991210937,0.4117633501688639,0.4168876012166341,0.4237199465433756,0.4134714444478353,0.4194497426350911,0.425428040822347,0.4314063390096028,0.4228658994038899,0.4279901504516601,0.4331144014994303,0.442508856455485,0.433968448638916,0.4356765429178874,0.4382386525472005,0.5023534138997395,0.5084265814887152,0.519054667154948,0.5251278912579572,0.5296827528211806,0.4841338546187789,0.5099448875144675,0.5296827528211806,0.5403108384874132,0.4871704666702836,0.519054667154948,0.5403108384874132,0.5479023121021412,0.4932436342592592,0.5251278912579572,0.5448657565646702,0.5509389241536459,0.5038717199254918,0.5281644467954283,0.5418291445131656,0.5479023121021412,0.46293702721595764,0.4713934361934662,0.47992196679115295,0.48603346943855286,0.4511958062648773,0.4451855421066284,0.4384407103061676,0.4950202405452728,0.4320720136165619,0.4794187545776367,0.45212289690971375,0.5530988574028015,0.39995136857032776,0.5780777335166931,0.37730497121810913,0.4662938416004181,0.4261693060398102,0.44077885150909424,0.4324069917201996,0.4362313449382782,0.4366034269332886,0.442496657371521,0.43515703082084656,0.5423299074172974,0.4345186948776245,0.5463263392448425,0.4405151605606079,0.5402889847755432,0.4408811628818512,0.5430009365081787,0.4405896067619324,0.5239892601966858,0.4584594666957855,0.21128378808498383,0.178325816988945,0.177207812666893,0.1776435226202011,0.18826894462108612,0.1932011991739273,0.19712601602077484,0.19455109536647797,0.21482765674591064,0.24038106203079224,0.24669149518013,0.3537105917930603,0.392027348279953,0.5435263514518738,0.6064692735671997,0.4931451380252838,0.4868951439857483,0.47860264778137207,0.4564829468727112,0.4558930993080139,0.42482635378837585,0.4647720456123352,0.4383166432380676,0.8424639701843262,0.8575911521911621,1.1601954698562622,1.144524097442627,1.4679722785949707,1.474035620689392,1.509390950202942,1.5189683437347412,1.5588016510009766,1.5674442052841187
0.4237608909606933,0.4305996576944987,0.4382932662963867,0.4511159261067708,0.4656483014424642,0.4434223175048828,0.4630837440490722,0.4570998509724935,0.4519707679748535,0.4494062423706054,0.4682128270467122,0.4605192184448242,0.4545352935791015,0.4519707679748535,0.4690676689147949,0.4622289021809896,0.4570998509724935,0.4553901354471842,0.4673579851786295,0.4639385859171549,0.4579546928405761,0.4970297354239004,0.468154963740596,0.4362407543041088,0.4210435090241609,0.4210435090241609,0.4453590958206742,0.4347210354275174,0.4362407543041088,0.4407999391908999,0.4651155259874132,0.4514379995840567,0.4575169033474392,0.4620760599772135,0.4863916467737268,0.4727141486273871,0.4757536146375868,0.4787930523907697,0.5000691731770833,0.4894310845269097,0.4894310845269097,0.4909508034035011,0.4844548861185709,0.4630837440490722,0.4408577919006348,0.4237608909606933,0.4126479148864746,0.429744815826416,0.4177769660949707,0.4211963653564453,0.4254705746968587,0.4365835507710774,0.4254705746968587,0.4305996576944987,0.4365835507710774,0.4459868431091308,0.4374383926391602,0.4408577919006348,0.4451320012410482,0.4570998509724935,0.4485514005025228,0.4494062423706054,0.4502610842386881,0.522865069354022,0.5304636637369792,0.5426214712637442,0.560858154296875,0.5699765240704572,0.5274242259837963,0.5532595033998843,0.5775751184534144,0.5897329259801793,0.5319833826135706,0.5638975920500578,0.5866934882269965,0.5942920826099537,0.5380622581199364,0.5699765240704572,0.5897329259801793,0.5958118014865451,0.5471806278935185,0.57301596182364,0.5866934882269965,0.5912526448567709,0.4643370807170868,0.47298192977905273,0.4816311299800873,0.48714521527290344,0.4530276358127594,0.4474349319934845,0.44086119532585144,0.4966372549533844,0.4338430166244507,0.4807555079460144,0.4536127746105194,0.5529845356941223,0.3999527394771576,0.5909298658370972,0.3700213134288788,0.4796581268310547,0.4245310425758362,0.4520937204360962,0.4337691068649292,0.445353627204895,0.43859413266181946,0.45079168677330017,0.43684059381484985,0.5423271656036377,0.43443208932876587,0.5466960668563843,0.4405495822429657,0.5403167009353638,0.4407753646373749,0.5430507659912109,0.4402429759502411,0.5239789485931396,0.45825958251953125,0.20695774257183075,0.17693446576595306,0.17602689564228058,0.1762646585702896,0.1843702495098114,0.1888332962989807,0.19302603602409363,0.1940135508775711,0.21126511693000793,0.23562106490135193,0.24165703356266022,0.3535236120223999,0.39150169491767883,0.5509263873100281,0.6064883470535278,0.5282189249992371,0.5050206780433655,0.5267652273178101,0.484780877828598,0.5079258680343628,0.45234736800193787,0.5123150944709778,0.46625223755836487,0.8416360020637512,0.8574110269546509,1.158807635307312,1.1424471139907837,1.4642021656036377,1.4739947319030762,1.5058900117874146,1.5189419984817505,1.5547925233840942,1.5673120021820068
0.4134982744852701,0.4263285954793294,0.4383035659790039,0.4536999384562174,0.469096310933431,0.4460017522176107,0.4656749089558919,0.4588320732116699,0.4528445879618327,0.4494231541951497,0.4682409604390462,0.4613981246948242,0.4536999384562174,0.4502785046895345,0.4665302594502767,0.4605427742004394,0.455410639444987,0.4519892374674479,0.4631088256835937,0.4596874237060547,0.4545552889506022,0.5394365663881655,0.5090239348234954,0.4786113032588252,0.4679669132939091,0.4710081594961661,0.4922970241970486,0.4862144752785011,0.4877350983796296,0.4892557214807581,0.5135858606409144,0.50446206552011,0.5075033117223668,0.5090239348234954,0.5348746405707465,0.5242302223488137,0.5257509019639757,0.5257509019639757,0.5500809846100984,0.5424778125904225,0.5409571894892939,0.5409571894892939,0.4981783866882324,0.4785052299499511,0.4596874237060547,0.4460017522176107,0.4331714312235514,0.4468571027119954,0.4331714312235514,0.4340267817179362,0.4383035659790039,0.4536999384562174,0.4442910194396973,0.4468571027119954,0.4511338869730631,0.4639642079671224,0.4562659899393717,0.4571213404337565,0.4596874237060547,0.4759391466776529,0.469096310933431,0.4682409604390462,0.4682409604390462,0.5516016077112269,0.5592047797309028,0.5698491979528356,0.5911379778826679,0.6109061912254051,0.5759316903573496,0.6033030192057292,0.624591855649595,0.6397981996889468,0.5835348623770255,0.613947437427662,0.6337156507703993,0.6413188227900752,0.5911379778826679,0.621550609447338,0.6367568969726562,0.6443600689923322,0.5987411499023437,0.621550609447338,0.6306744045681424,0.6367568969726562,0.46489113569259644,0.4748355746269226,0.48327723145484924,0.48807939887046814,0.4543796181678772,0.4489268362522125,0.4425414502620697,0.49853524565696716,0.4352862536907196,0.48134759068489075,0.4541793167591095,0.5533844828605652,0.39999935030937195,0.6011574268341064,0.3614300787448883,0.4928455352783203,0.4229172170162201,0.465923935174942,0.4355617165565491,0.4563320279121399,0.4402594268321991,0.4624916613101959,0.4378625154495239,0.5422543883323669,0.43425077199935913,0.5475485324859619,0.44040438532829285,0.541354775428772,0.4403725564479828,0.544577956199646,0.4396190643310547,0.5240505337715149,0.457593709230423,0.20469407737255096,0.17564807832241058,0.17510166764259338,0.1752924919128418,0.1810387521982193,0.184698686003685,0.18887858092784882,0.1938387155532837,0.20607441663742065,0.2339124232530594,0.23787181079387665,0.35483381152153015,0.39143842458724976,0.5559107065200806,0.6079285740852356,0.5615783929824829,0.5270165205001831,0.5853004455566406,0.5179903507232666,0.5683776140213013,0.4859289228916168,0.5627161860466003,0.4920635223388672,0.8416669368743896,0.8574109673500061,1.1593220233917236,1.1398093700408936,1.4640644788742065,1.4723360538482666,1.505496859550476,1.5180655717849731,1.5552785396575928,1.5665473937988281
0.4066179275512695,0.4237356185913086,0.4382856369018554,0.4545474052429199,0.4690974235534668,0.4434209187825521,0.4665297826131185,0.461394468943278,0.4554032961527506,0.4442768096923828,0.4639621416727701,0.4588268280029297,0.4519797643025716,0.4425650596618652,0.4605386098225911,0.4571150779724121,0.4502679824829101,0.4417091687520345,0.4545474052429199,0.4528356552124023,0.4477003415425618,0.5758850662796585,0.5530614782262732,0.5302379466869213,0.5271947790075231,0.5332811143663194,0.5500183670609086,0.5515399509006076,0.5484967832212095,0.5484967832212095,0.5743634824399595,0.5713203712745949,0.5667556197554977,0.5667556197554977,0.5926223189742477,0.588057623969184,0.5834929289641204,0.5819713451244213,0.6078380443431713,0.6032733493381076,0.597187070493345,0.5956654866536458,0.5127474784851074,0.4930621782938639,0.4742327372233073,0.4622503598531087,0.4494121233622233,0.4656738917032877,0.4562591870625814,0.453691546122233,0.4545474052429199,0.475088628133138,0.4656738917032877,0.4656738917032877,0.4665297826131185,0.4862151145935058,0.478512159983317,0.4759444872538249,0.4759444872538249,0.4990533510843912,0.4922062873840332,0.4896386464436849,0.4870709737141927,0.588057623969184,0.6017517654984086,0.6154459070276331,0.6367479112413195,0.6550067477756076,0.6306616323965567,0.6565283316153067,0.6793518631546586,0.6930460046838831,0.6413126062463831,0.6717440004701968,0.690002837004485,0.6976106996889467,0.6489204689308449,0.6778302793149595,0.6930460046838831,0.6991322835286459,0.6519635800962095,0.6747871681495949,0.6823950308340567,0.6854381419994213,0.46646440029144287,0.4779036343097687,0.4852965176105499,0.489939421415329,0.4566899538040161,0.45096972584724426,0.44503462314605713,0.5004020929336548,0.43670108914375305,0.4822796583175659,0.4557604491710663,0.5551165342330933,0.40018558502197266,0.6089735627174377,0.358307808637619,0.5071532726287842,0.4178885221481323,0.4837764799594879,0.4363931715488434,0.47096118330955505,0.4402352273464203,0.4770469069480896,0.43752557039260864,0.5421428680419922,0.43406566977500916,0.5475979447364807,0.4387746751308441,0.5416479706764221,0.43944522738456726,0.5451130270957947,0.43852466344833374,0.5240440368652344,0.456903338432312,0.2032608836889267,0.1747252345085144,0.174515962600708,0.17479540407657623,0.1784059703350067,0.18107828497886658,0.18461500108242035,0.19380830228328705,0.2012471705675125,0.2320394515991211,0.23445920646190643,0.35682159662246704,0.39120301604270935,0.5608660578727722,0.6087587475776672,0.5928484797477722,0.5619893074035645,0.6432640552520752,0.5773084759712219,0.6275700330734253,0.5406587719917297,0.6145824193954468,0.5346739292144775,0.8416489958763123,0.8570095896720886,1.1595145463943481,1.137887954711914,1.4633108377456665,1.4704582691192627,1.504921555519104,1.5166418552398682,1.5553584098815918,1.5664002895355225
0.4000310579935709,0.4179956436157226,0.4359601974487305,0.451358413696289,0.4650457064310709,0.4359601974487305,0.4564911524454753,0.4641902287801107,0.467612075805664,0.4325383822123209,0.4539247830708822,0.4590575218200683,0.4607684135437012,0.4299720128377278,0.4487920443216959,0.4522138595581054,0.451358413696289,0.425694719950358,0.4410929361979167,0.4436593055725097,0.4436593055725097,0.614000165020978,0.6003128616898148,0.5881464075159144,0.5972712764033565,0.6063961452907987,0.6170418068214699,0.626166675708912,0.6231250339084201,0.618562599464699,0.6368123372395833,0.6459372061270254,0.6368123372395833,0.6276874683521412,0.6550620750144676,0.6596245094581886,0.6504996405707465,0.6428955643265336,0.6672285291883681,0.67027017098886,0.6641869439019097,0.6565828676576968,0.5283494313557943,0.5103848457336426,0.4915648142496744,0.4812993685404459,0.467612075805664,0.4889984766642252,0.4804438908894857,0.4761666297912598,0.474455706278483,0.4992639223734538,0.4915648142496744,0.4872875531514485,0.4855766296386719,0.5112403233846029,0.5035412152608235,0.4992639223734538,0.4949866612752279,0.5232166926066081,0.5172285079956055,0.5129512151082357,0.5103848457336426,0.6322499027958622,0.6489787914134838,0.6672285291883681,0.6915614940502025,0.7037280047381366,0.6854782669632523,0.7128528736255787,0.7326234040436921,0.7493522926613136,0.6961239284939236,0.728060969599971,0.7447898582175926,0.7554355197482638,0.7006863629376446,0.7311025548864294,0.7478315000180845,0.7584771615487558,0.7006863629376446,0.72349853515625,0.7311025548864294,0.7341441966869213,0.46854546666145325,0.4802275002002716,0.4868868887424469,0.4917750954627991,0.45905983448028564,0.45295289158821106,0.4476308822631836,0.5025660395622253,0.43823155760765076,0.4839330315589905,0.45829156041145325,0.5576232671737671,0.40085726976394653,0.6112516522407532,0.3587844967842102,0.5230599045753479,0.41221535205841064,0.5057975649833679,0.4342454969882965,0.49322617053985596,0.4388742446899414,0.49536746740341187,0.43611660599708557,0.5420284867286682,0.4341954290866852,0.5443845391273499,0.43806150555610657,0.5396251082420349,0.4388704001903534,0.5433624982833862,0.437721312046051,0.5214884877204895,0.4565887153148651,0.20169636607170105,0.17414528131484985,0.17410722374916077,0.17444638907909393,0.1768396943807602,0.17890110611915588,0.18178950250148773,0.19357776641845703,0.19862651824951172,0.2298923283815384,0.2310192584991455,0.3593469262123108,0.39003047347068787,0.5631185173988342,0.5978115797042847,0.6356250047683716,0.6016055345535278,0.6971997618675232,0.6328902244567871,0.6775848269462585,0.6041236519813538,0.6588225960731506,0.5886190533638,0.8416863083839417,0.8559005260467529,1.159700870513916,1.135680913925171,1.4615168571472168,1.4703238010406494,1.5030410289764404,1.516628623008728,1.5525550842285156,1.5663120746612549
0.3944317817687988,0.4132572809855143,0.4320827802022298,0.4449183464050293,0.4568981806437174,0.4269485473632812,0.442351214090983,0.4526196797688802,0.4611767133076985,0.4201029141743977,0.4389284133911132,0.4483411471048991,0.4543310801188151,0.4158243815104167,0.4337941805521647,0.4414955139160156,0.4457740465799967,0.4124015808105469,0.4252371470133463,0.4329384803771973,0.4372169812520345,0.654961253978588,0.6503975197120949,0.647354973687066,0.6656100237811053,0.679301283094618,0.6808225278501158,0.699077577944155,0.7021200674551504,0.7005988226996528,0.699077577944155,0.7158113267686632,0.7112475925021702,0.7036413122106482,0.7142900820131655,0.7279813413266782,0.7218963057906539,0.7127688372576678,0.7218963057906539,0.7355876216182002,0.7325450755931713,0.7264600965711806,0.5441799799601237,0.5262102127075196,0.5090961456298828,0.5013948122660319,0.4902706464131673,0.5116632461547852,0.5048176129659017,0.5005390803019206,0.4971162796020508,0.5227874120076498,0.5159417788187662,0.5108075459798177,0.507384713490804,0.5339115778605144,0.5287773132324218,0.5236431121826172,0.5185088793436686,0.5441799799601237,0.5399014790852864,0.5364786783854166,0.5313444455464681,0.674737548828125,0.6929925424081308,0.7127688372576678,0.7355876216182002,0.7523213704427083,0.7371088663736979,0.7660126297562211,0.7873101693612558,0.8010014286747685,0.7462363349066841,0.7766613995587385,0.7964376378942419,0.8101289537217882,0.7508001256872107,0.7797038890697338,0.7979589391637731,0.8116501984772859,0.7492788809317129,0.7720976087782118,0.7842676233362269,0.7949163931387442,0.4707340598106384,0.482342392206192,0.48842689394950867,0.49364644289016724,0.46110689640045166,0.4546657204627991,0.4496377408504486,0.5047734379768372,0.43980100750923157,0.4861471951007843,0.4611632525920868,0.5603103637695312,0.40255117416381836,0.6127854585647583,0.358658105134964,0.5395856499671936,0.4074460566043854,0.530245840549469,0.4261592924594879,0.5137495398521423,0.434166818857193,0.5136088132858276,0.43299779295921326,0.5416929125785828,0.43512052297592163,0.5413809418678284,0.43959367275238037,0.5385803580284119,0.4397599399089813,0.5427355170249939,0.43871450424194336,0.5191798210144043,0.45658349990844727,0.19948822259902954,0.17347320914268494,0.17352284491062164,0.17388059198856354,0.17555710673332214,0.17739664018154144,0.1801065057516098,0.19327864050865173,0.19790072739124298,0.22757698595523834,0.22870804369449615,0.3635185658931732,0.39000123739242554,0.5700653791427612,0.5856226086616516,0.6748876571655273,0.6456357836723328,0.7430259585380554,0.6960582733154297,0.7277477979660034,0.662941038608551,0.7078023552894592,0.6463877558708191,0.8389524817466736,0.8496035933494568,1.1617377996444702,1.1315099000930786,1.4615252017974854,1.469208002090454,1.5021388530731201,1.5158933401107788,1.5529743432998657,1.5657020807266235
0.3888217290242513,0.4068153699239095,0.4239521344502767,0.4350910504659017,0.4453731218973795,0.4162405967712402,0.4273795127868652,0.4385184288024902,0.4470868110656738,0.4085290273030599,0.4222384770711263,0.4333773930867513,0.4419457753499349,0.4025311470031738,0.4145269076029459,0.4256658236185709,0.4325205485026042,0.3965332667032877,0.4042448361714681,0.4136700630187988,0.4213816324869792,0.6912127459490741,0.6942593044704861,0.7003523649992767,0.7247246636284722,0.7445271809895834,0.7384341204607928,0.7628064190899885,0.771946038140191,0.776515875922309,0.7521435207790799,0.776515875922309,0.7795624344437211,0.778039155183015,0.7628064190899885,0.7826089364510995,0.7871787742332176,0.7841322157118056,0.7673762568721065,0.7856554949725115,0.7963183932834201,0.7993648952907986,0.5576190948486328,0.5404823303222657,0.525059191385905,0.5182044982910157,0.5079223950703938,0.531057071685791,0.5267728805541992,0.5224886894226074,0.519918155670166,0.5430528004964192,0.5379117965698242,0.5327707608540853,0.5276297251383464,0.5533348719278971,0.5490507125854492,0.5439096450805664,0.5396254857381185,0.563616943359375,0.5619033177693685,0.55847593943278,0.5541917165120442,0.7125385425708912,0.7308177806712963,0.7490970187717014,0.774992596661603,0.7932718347620081,0.7810856571903935,0.8085045143410011,0.8298303109628183,0.8435397677951388,0.7871787742332176,0.8191674126519097,0.8389699300130208,0.8542026661060474,0.7887020534939236,0.8191674126519097,0.8404932092737268,0.8572491681134259,0.7871787742332176,0.8100277936017072,0.8283070317021123,0.8435397677951388,0.4721122682094574,0.4837227761745453,0.48965883255004883,0.49501127004623413,0.46270817518234253,0.4561281204223633,0.4512538015842438,0.5068120360374451,0.4415184557437897,0.48745208978652954,0.46284154057502747,0.561600387096405,0.40429577231407166,0.6146048307418823,0.3562537729740143,0.5569942593574524,0.3980952203273773,0.5520551800727844,0.4108542203903198,0.5334081053733826,0.4244352877140045,0.5312617421150208,0.42574113607406616,0.5397471785545349,0.4352169632911682,0.5393052697181702,0.44105082750320435,0.5380741357803345,0.44166797399520874,0.5423955321311951,0.442232221364975,0.5189553499221802,0.4549552798271179,0.19781851768493652,0.172735795378685,0.17288798093795776,0.1732638031244278,0.17443528771400452,0.17619793117046356,0.17873941361904144,0.19303308427333832,0.19695185124874115,0.2267012596130371,0.22788506746292114,0.36635616421699524,0.38985690474510193,0.5781010389328003,0.5775882005691528,0.7151380181312561,0.6829459071159363,0.7850862741470337,0.7413192391395569,0.7662620544433594,0.715286910533905,0.7464760541915894,0.695282518863678,0.8394812941551208,0.8497723340988159,1.1745905876159668,1.1334209442138672,1.4681183099746704,1.471322774887085,1.506376028060913,1.5179024934768677,1.5656825304031372,1.571164846420288
0.3840393384297689,0.401180617014567,0.4174648284912109,0.4251784006754557,0.4346060752868652,0.4071800549825032,0.414893627166748,0.4226071993509928,0.4294637044270833,0.3977523485819498,0.4071800549825032,0.4157506942749023,0.4226071993509928,0.3908958435058594,0.3994664827982584,0.4080371220906575,0.4157506942749023,0.3840393384297689,0.3891817092895507,0.3934670448303222,0.3986094156901041,0.7244335033275463,0.7366228456850406,0.7488121880425347,0.7747145476164641,0.7975696139865451,0.7884275648328993,0.8143299809208623,0.8295666164822049,0.8387086656358507,0.7975696139865451,0.8249956484194155,0.8371849907769098,0.84327963369864,0.8021405820493345,0.8265193232783565,0.8402323404947917,0.8478506582754629,0.8051879317672165,0.8234719735604745,0.8371849907769098,0.8508980079933449,0.5700221379597982,0.5537379582722982,0.5383108139038086,0.5314542770385742,0.5211695035298666,0.547738520304362,0.5443102518717448,0.5400249481201171,0.5365966796875,0.5597373962402343,0.5545949935913086,0.5494525909423829,0.5451672871907552,0.5691651026407878,0.5657368342081706,0.561451530456543,0.5571661631266276,0.5785928090413411,0.5785928090413411,0.5768786748250325,0.5743074417114258,0.7442412199797453,0.7625252052589699,0.782332921911169,0.8097589563440394,0.8280429981372974,0.8189009489836516,0.8478506582754629,0.8661347000687211,0.8813713921440972,0.8249956484194155,0.8554690325701678,0.8752766927083333,0.8920370596426505,0.8265193232783565,0.8539453577112268,0.8737530178493924,0.8905133847837094,0.8219482987015335,0.8417560153537327,0.8600400006329572,0.8768003675672743,0.4736994504928589,0.48550286889076233,0.49133577942848206,0.4969768226146698,0.464486688375473,0.4578496813774109,0.45305824279785156,0.5087729692459106,0.4437010884284973,0.48893803358078003,0.4645841717720032,0.5634714365005493,0.40474584698677063,0.6133086681365967,0.35647064447402954,0.5699854493141174,0.3897484540939331,0.569649338722229,0.3971603214740753,0.5478729605674744,0.41221192479133606,0.5436198711395264,0.41645392775535583,0.5394492745399475,0.4352370798587799,0.5392780303955078,0.4417545199394226,0.5359694957733154,0.4416273832321167,0.5396668910980225,0.4421118199825287,0.5162111520767212,0.45489513874053955,0.19592858850955963,0.17190250754356384,0.17221194505691528,0.1726740449666977,0.1732771396636963,0.17496955394744873,0.17717911303043365,0.19287589192390442,0.19549444317817688,0.22578756511211395,0.22653880715370178,0.36994534730911255,0.38928142189979553,0.5873240232467651,0.578969419002533,0.7495911121368408,0.722939133644104,0.8203793168067932,0.7875747084617615,0.8034799098968506,0.7716094255447388,0.7837583422660828,0.7497690320014954,0.8430623412132263,0.8520638942718506,1.1850444078445435,1.134354591369629,1.4801894426345825,1.473257303237915,1.5177576541900635,1.5194779634475708,1.578209400177002,1.5750529766082764
0.3799432754516602,0.3962204933166504,0.4107843081156412,0.4167811711629232,0.4236347198486328,0.3970771789550781,0.4022173563639323,0.4082142194112142,0.4133543650309245,0.3867968241373697,0.3927936871846517,0.4005039532979329,0.4073575019836425,0.3790865898132324,0.3842267354329427,0.3910803159077962,0.3970771789550781,0.3730897267659505,0.374803098042806,0.3782298723856608,0.3816566467285156,0.755085923936632,0.7703160603841146,0.7870691935221354,0.8144834730360243,0.8388516461407697,0.8236215096932871,0.8540817825882523,0.8708349157262731,0.8845420554832176,0.8297135529694734,0.8601738258644387,0.8769270155164931,0.8891111020688658,0.8312366061740452,0.8586508291739005,0.8769270155164931,0.8891111020688658,0.8297135529694734,0.8495127360026041,0.8662659256546585,0.8799730088975695,0.5786965052286784,0.5632760365804036,0.5487122217814128,0.542715326944987,0.5341484069824218,0.5607059478759766,0.5581358591715495,0.553852399190267,0.5504255930582682,0.5718429565429688,0.5684162139892578,0.5632760365804036,0.5581358591715495,0.5812665939331054,0.5786965052286784,0.5744130452473958,0.5709863026936849,0.5889768600463867,0.5898335774739584,0.5881202061971028,0.5864067713419596,0.7718390570746527,0.7885921902126736,0.8083913732458043,0.8358056527596933,0.8571278324833622,0.847989739312066,0.8784500122070312,0.8952031453450521,0.9104332817925348,0.8525587858977142,0.8845420554832176,0.9043412385163484,0.919571374963831,0.8525587858977142,0.8799730088975695,0.9012951886212384,0.9180483782732928,0.8464667426215278,0.8647428724500869,0.8814960621021412,0.898249195240162,0.4762934148311615,0.48816660046577454,0.4936889410018921,0.500396192073822,0.46739208698272705,0.460549533367157,0.4555007815361023,0.51186603307724,0.44665253162384033,0.4911814332008362,0.4672446548938751,0.5662657618522644,0.40553244948387146,0.6110637784004211,0.35691291093826294,0.5825662016868591,0.3804990351200104,0.5844618082046509,0.3828585743904114,0.5638678073883057,0.40086761116981506,0.5573209524154663,0.407787948846817,0.5394179224967957,0.43527841567993164,0.5394265055656433,0.441739946603775,0.5348328351974487,0.4416056275367737,0.5375835299491882,0.4420759379863739,0.514421820640564,0.4549417197704315,0.19436195492744446,0.17133384943008423,0.1718084216117859,0.17235812544822693,0.1724303811788559,0.17396195232868195,0.17589187622070312,0.1927945613861084,0.19391611218452454,0.22503231465816498,0.22537748515605927,0.37375667691230774,0.38873544335365295,0.5916680693626404,0.5772542357444763,0.7685600519180298,0.7514790892601013,0.8379716277122498,0.8211413621902466,0.823857307434082,0.8089136481285095,0.8033324480056763,0.7858479022979736,0.855316698551178,0.8619608879089355,1.199053168296814,1.1444144248962402,1.4990148544311523,1.4856444597244263,1.5341523885726929,1.5318838357925415,1.6034623384475708,1.5890365839004517
0.3764756202697754,0.3910412470499674,0.4047500928243001,0.4090341250101725,0.4150317509969075,0.3893276532491048,0.3918980598449707,0.3970388730367025,0.4013229052225748,0.3790460268656412,0.3833300272623698,0.390184466044108,0.3953252792358398,0.3713347752888997,0.3756188074747721,0.3807596206665039,0.3859004338582357,0.3653371810913086,0.3670507748921712,0.3696211814880371,0.3713347752888997,0.7778925012659144,0.797694170916522,0.8174958405671297,0.8464367336697048,0.8692847922996239,0.854052734375,0.8814704612449363,0.8997489081488715,0.9149809660734952,0.8570991798683449,0.8875632957175926,0.9058417426215276,0.9195505777994792,0.8570991798683449,0.8845168502242476,0.9027952971281828,0.9165041888201678,0.854052734375,0.8738544040256077,0.8890864619502314,0.9027952971281828,0.5846787134806315,0.5701130549112956,0.5555473963419596,0.5504065831502278,0.5418385823567708,0.5701130549112956,0.5666858673095703,0.5624018351236979,0.5581178029378255,0.5803946812947591,0.5769674936930339,0.570969835917155,0.5666858673095703,0.5881059010823567,0.5855354944864909,0.5803946812947591,0.5761106491088868,0.5941035588582356,0.5932467142740886,0.5915331522623698,0.5881059010823567,0.7946477819372106,0.8114030060944734,0.8312046757450811,0.8586223461009838,0.8799472384982638,0.8723312377929687,0.901272130895544,0.9195505777994792,0.9332594129774304,0.8769008495189525,0.9058417426215276,0.9256434122721354,0.942398636429398,0.87537762677228,0.9027952971281828,0.9210738005461516,0.9363058584707754,0.8723312377929687,0.8890864619502314,0.9027952971281828,0.9165041888201678,0.47899433970451355,0.4909629821777344,0.49635133147239685,0.5038930773735046,0.47056645154953003,0.4636235535144806,0.458037793636322,0.5148142576217651,0.44964176416397095,0.4933631718158722,0.46962931752204895,0.5681869983673096,0.40632349252700806,0.6096454858779907,0.3623558282852173,0.5889230966567993,0.3788486421108246,0.5915692448616028,0.3765111565589905,0.5720453858375549,0.3942335844039917,0.5658903121948242,0.40335264801979065,0.5392321348190308,0.4352615177631378,0.5396274328231812,0.44090861082077026,0.5329030752182007,0.4399315416812897,0.5354077816009521,0.44073566794395447,0.5090129375457764,0.45082157850265503,0.1936051845550537,0.17106857895851135,0.17166993021965027,0.17231135070323944,0.17187464237213135,0.17322856187820435,0.17500723898410797,0.19283261895179749,0.19258271157741547,0.22496196627616882,0.22450204193592072,0.3770644962787628,0.38767433166503906,0.5979674458503723,0.5774059891700745,0.7904980182647705,0.7755962610244751,0.8619247078895569,0.8420355319976807,0.8503668904304504,0.8352017402648926,0.8280916213989258,0.8124198913574219,0.8601132035255432,0.8635605573654175,1.2011252641677856,1.1469255685806274,1.5085216760635376,1.491043210029602,1.5448731184005737,1.53948974609375,1.614552617073059,1.5924042463302612
0.3729891777038574,0.385844071706136,0.3986989339192708,0.4021269162495931,0.4072688738505045,0.3824160893758138,0.3849870681762695,0.390129025777181,0.3935569763183594,0.3721321741739908,0.3764171282450358,0.3832730929056803,0.3884150187174479,0.3652762413024902,0.3695611953735351,0.3747031529744466,0.3798451105753581,0.3609912872314453,0.363562266031901,0.3661332448323567,0.3687042236328125,0.7993544401945891,0.8191604614257812,0.8389665391710069,0.867913818359375,0.8922904685691551,0.8755315144856771,0.9044787936740452,0.922761309588397,0.9349496346932872,0.8785785816333912,0.9075259173357928,0.9242848714192708,0.9364731965241608,0.8770550763165509,0.9029552883572048,0.9197142424406828,0.9303790057146992,0.8740079526548032,0.8938140304000289,0.9075259173357928,0.9197142424406828,0.5880942026774089,0.5752393086751302,0.5623844146728516,0.5572425206502278,0.5521005630493164,0.5769533157348633,0.5735253651936849,0.5683834075927734,0.563241449991862,0.5855232238769531,0.5812383015950521,0.5743823369344075,0.5692403793334961,0.5906651814778646,0.5872372309366862,0.5812383015950521,0.5760963439941407,0.5932361602783203,0.5898082097371419,0.5863801956176757,0.5812383015950521,0.8115427652994792,0.8283017193829572,0.846584235297309,0.8755315144856771,0.8983846593786169,0.8877198395905671,0.9166671187789353,0.9334260728624132,0.9486615216290508,0.8922904685691551,0.9212377477575232,0.939520263671875,0.9547556559244792,0.8922904685691551,0.918190680609809,0.9349496346932872,0.9486615216290508,0.8907669067382813,0.9090494226526332,0.922761309588397,0.9334260728624132,0.48099762201309204,0.49309101700782776,0.4984651207923889,0.5063565969467163,0.47274237871170044,0.46580970287323,0.4599842429161072,0.516936719417572,0.4516908526420593,0.49511274695396423,0.47138288617134094,0.5694014430046082,0.40741080045700073,0.6036441326141357,0.3678169846534729,0.5916652083396912,0.3767344057559967,0.5927141308784485,0.3712156414985657,0.5758122205734253,0.3863217234611511,0.570848286151886,0.39698493480682373,0.5380322933197021,0.4351901710033417,0.538931667804718,0.43837717175483704,0.5304174423217773,0.4363260269165039,0.5323564410209656,0.4374595284461975,0.5058495998382568,0.4458790123462677,0.19346503913402557,0.17098397016525269,0.17163494229316711,0.17230696976184845,0.1715976744890213,0.1728128045797348,0.17446736991405487,0.1928471475839615,0.19176724553108215,0.225036159157753,0.2241692990064621,0.3803723454475403,0.38576656579971313,0.6048062443733215,0.5833786725997925,0.8078007102012634,0.7942412495613098,0.8831344246864319,0.8611359000205994,0.8749663829803467,0.8577409982681274,0.8510878086090088,0.8340978622436523,0.8630210161209106,0.8635916113853455,1.2035075426101685,1.1491836309432983,1.5114729404449463,1.497226595878601,1.54730224609375,1.5465997457504272,1.6210505962371826,1.6008063554763794
0.3689636548360189,0.3809605598449707,0.3929574330647786,0.3972420374552409,0.4015266418457031,0.3775328636169434,0.3809605598449707,0.3852451642354329,0.3886728286743164,0.368106746673584,0.3723913510640462,0.379246711730957,0.3843882242838541,0.362108294169108,0.3663928985595703,0.3732482592264811,0.3783898035685221,0.3586806297302246,0.3629652341206869,0.367249838511149,0.3715344429016113,0.8113711886935764,0.8311755710177952,0.8525034021448206,0.8829717000325521,0.9058229234483508,0.8905887745044849,0.9210570723922163,0.9362912213360822,0.948478529188368,0.8936356155960649,0.9225804646809896,0.9362912213360822,0.943908295808015,0.8921121667932581,0.9180102313006364,0.9271506980613424,0.9347677725332756,0.8875419334129051,0.907346315737124,0.9164868390118636,0.9225804646809896,0.5891923268636068,0.5789092381795248,0.5677693049112956,0.5643416086832682,0.5617708206176758,0.5814800262451172,0.577195421854655,0.5720539093017578,0.566055425008138,0.5874784469604493,0.5823369344075521,0.57633851369222,0.5711969375610352,0.5900492350260417,0.5849077224731445,0.5797661463419597,0.5746246337890625,0.5909061431884766,0.5866215387980144,0.583193842569987,0.5780523300170899,0.820511711968316,0.838792645489728,0.8616438689055266,0.8875419334129051,0.9119165491174768,0.8982058489764179,0.9256273057725696,0.9423848470052084,0.957618995949074,0.9012526900679976,0.9286741468641492,0.9469550803855612,0.9606658935546876,0.9012526900679976,0.9256273057725696,0.9408614547164352,0.9545722113715278,0.8982058489764179,0.9164868390118636,0.9286741468641492,0.9393380059136284,0.48278453946113586,0.49498796463012695,0.5003448128700256,0.5083511471748352,0.4749155342578888,0.4680863320827484,0.46208488941192627,0.518750786781311,0.4539632201194763,0.496517539024353,0.47294291853904724,0.5699127316474915,0.40834036469459534,0.5977356433868408,0.3741092383861542,0.5917209386825562,0.3744956851005554,0.5918534994125366,0.3691851794719696,0.5772794485092163,0.38293564319610596,0.5734814405441284,0.3921865224838257,0.5371134281158447,0.4350651502609253,0.538765549659729,0.4362196624279022,0.5290154218673706,0.4326149821281433,0.5299776792526245,0.4326743185520172,0.5057212114334106,0.4450886845588684,0.19364018738269806,0.17100471258163452,0.17170624434947968,0.17249585688114166,0.17155668139457703,0.17263948917388916,0.1741529107093811,0.19313815236091614,0.1909785121679306,0.22517827153205872,0.2242409735918045,0.38104426860809326,0.38436806201934814,0.6093001365661621,0.593513011932373,0.8160807490348816,0.8050531148910522,0.8888087272644043,0.8726857304573059,0.8866658210754395,0.8713117241859436,0.8647035956382751,0.8486782908439636,0.8626001477241516,0.8630582690238953,1.203043818473816,1.149038314819336,1.5092214345932007,1.496362566947937,1.544554591178894,1.5446642637252808,1.6212199926376343,1.6039538383483887
0.3677861531575521,0.378924020131429,0.3900618553161621,0.3926321347554525,0.3969159444173177,0.3737834612528483,0.3772104899088541,0.3814942677815755,0.3849213282267252,0.3652158737182617,0.3694996515909831,0.3763537406921386,0.3823510487874349,0.3609320640563965,0.3660726229349772,0.3729266802469889,0.3780672391255696,0.3583617846171061,0.3635023434956868,0.3686429023742675,0.3729266802469889,0.8172367802372685,0.8385605423538773,0.861407470703125,0.8903468944408276,0.914716875994647,0.8949162235966435,0.9223325376157409,0.9375638043438946,0.9512719048394096,0.8949162235966435,0.9223325376157409,0.9345175283926505,0.9436562997323495,0.8933931138780382,0.9162400422272858,0.9253788135669848,0.9314713089554398,0.8888237282081887,0.9071012708875869,0.9131937662760417,0.9192862616644966,0.5888299306233724,0.5794055938720704,0.5708379745483398,0.5691244761149089,0.5674109141031901,0.5836893717447916,0.578548812866211,0.5742650349934896,0.5691244761149089,0.587973149617513,0.5828325907389323,0.5768353144327799,0.5716947555541992,0.5888299306233724,0.584546152750651,0.578548812866211,0.5734082539876302,0.5888299306233724,0.5854028701782227,0.5811190923055013,0.5759785334269206,0.8263755515769676,0.8446530942563657,0.8674999660915799,0.8933931138780382,0.9162400422272858,0.899485609266493,0.9269019232855904,0.9421331900137442,0.9573644567418982,0.9025318852177372,0.9269019232855904,0.9451794094509548,0.9604106761791088,0.901008775499132,0.923855647334346,0.9390869140625,0.9512719048394096,0.899485609266493,0.9162400422272858,0.9284250330041957,0.9375638043438946,0.48384329676628113,0.4960974156856537,0.5014654994010925,0.5092779994010925,0.4761800765991211,0.4694599211215973,0.4635160267353058,0.5200290679931641,0.4559548795223236,0.49751752614974976,0.4741819202899933,0.5706227421760559,0.40933817625045776,0.5931558609008789,0.3808697462081909,0.5910136699676514,0.3739553391933441,0.5899474024772644,0.36877456307411194,0.5780632495880127,0.37980782985687256,0.5747938752174377,0.3882509171962738,0.5364845991134644,0.43512916564941406,0.5374396443367004,0.4345126152038574,0.5277753472328186,0.42743033170700073,0.5286877751350403,0.4262566566467285,0.5047932863235474,0.44133976101875305,0.19374138116836548,0.17100858688354492,0.1717303991317749,0.17255769670009613,0.17152637243270874,0.17255538702011108,0.17399519681930542,0.1932893991470337,0.19054701924324036,0.22526153922080994,0.22416941821575165,0.3821689486503601,0.3833657205104828,0.6136707663536072,0.6005984544754028,0.8243951797485352,0.8098528385162354,0.8974179029464722,0.8761488199234009,0.8954078555107117,0.876454770565033,0.8744821548461914,0.8548462986946106,0.8637579679489136,0.8631429672241211,1.2037523984909058,1.14983332157135,1.508909821510315,1.4951324462890625,1.5436471700668335,1.5431888103485107,1.6239229440689087,1.604163408279419
0.3675785382588704,0.3787197748819987,0.3890040397644043,0.3907180786132812,0.3941461563110351,0.3727206548055013,0.3770057360331217,0.3804338455200195,0.3838619232177734,0.365007464090983,0.3701495806376139,0.3770057360331217,0.3821478843688964,0.3607223510742187,0.36672150293986,0.3727206548055013,0.3787197748819987,0.3590083122253418,0.3641504287719727,0.3692925771077474,0.3735776583353678,0.8171834309895833,0.8385137487340857,0.8644148084852431,0.8933630484121817,0.9162169279875578,0.8948866667570892,0.9207877265082464,0.9360236273871528,0.9497359664351852,0.8948866667570892,0.9192641081633393,0.9314528853804976,0.9421179877387152,0.8918394865813078,0.9131697478117766,0.9223112883391203,0.9299292670355904,0.8872686880606192,0.9040282072844328,0.9116461859809027,0.9162169279875578,0.5878328323364258,0.5784055709838867,0.5698354085286458,0.5672643025716145,0.5655502955118815,0.5818336486816407,0.5775485356648763,0.5724064509073893,0.568121337890625,0.5861187616984049,0.5809766769409179,0.5758345286051433,0.5706923802693685,0.5869757970174153,0.582690684000651,0.5775485356648763,0.5724064509073893,0.5878328323364258,0.5844047546386719,0.5801196416219075,0.5749774932861328,0.8263250280309606,0.8446081090856481,0.8674619886610243,0.8948866667570892,0.9162169279875578,0.9009810271086516,0.926882086859809,0.9436416060836228,0.9573539451316552,0.9025045889395256,0.9284057052047164,0.9451651679144966,0.96192468713831,0.9025045889395256,0.9253584685149016,0.9405944259078416,0.9543067084418404,0.9009810271086516,0.9177405463324652,0.9284057052047164,0.939070807562934,0.48496901988983154,0.497268408536911,0.5026405453681946,0.5103427171707153,0.47737646102905273,0.47066277265548706,0.4647371172904968,0.5210788249969482,0.45714032649993896,0.49858924746513367,0.47524166107177734,0.5711860656738281,0.4100925624370575,0.5905492305755615,0.38416168093681335,0.5899295210838318,0.3734937310218811,0.5889759659767151,0.36904382705688477,0.5773725509643555,0.37908798456192017,0.5744530558586121,0.38659724593162537,0.5358636975288391,0.4351923167705536,0.5357497930526733,0.4337036907672882,0.5255688428878784,0.42503657937049866,0.5263206958770752,0.42326819896698,0.5027681589126587,0.44061538577079773,0.1938355565071106,0.17102855443954468,0.17177949845790863,0.17264589667320251,0.1715279370546341,0.17251577973365784,0.17389394342899323,0.19340264797210693,0.19028440117835999,0.22533534467220306,0.22410671412944794,0.38189011812210083,0.38292357325553894,0.612788200378418,0.60612952709198,0.8223516345024109,0.8121654987335205,0.8949404954910278,0.8772109150886536,0.8937987685203552,0.8771013021469116,0.8728359937667847,0.8561667799949646,0.8632166981697083,0.8630804419517517,1.2041609287261963,1.1502015590667725,1.509003758430481,1.4946187734603882,1.543657898902893,1.5420726537704468,1.6229497194290161,1.605254054069519
0.3684118270874023,0.3795575459798177,0.3898459116617838,0.3924180030822753,0.39584747950236,0.3744133631388346,0.3795575459798177,0.3838443756103515,0.3881312052408854,0.36669708887736,0.3718412717183431,0.3795575459798177,0.3855591138203939,0.3632676442464193,0.3692691802978515,0.3752707163492838,0.3821296374003092,0.3606955210367839,0.3658397356669108,0.3718412717183431,0.376128101348877,0.8156409369574653,0.8369797883210359,0.8613670631691261,0.8903268884729456,0.9131899798357928,0.8933753119574652,0.9192867702907986,0.9345288311993636,0.948246595594618,0.8933753119574652,0.9192867702907986,0.9299561677155672,0.9406256216543692,0.8903268884729456,0.9116657398365162,0.9208109537760416,0.928431984230324,0.8857542815031829,0.9025205258969908,0.9101415563512733,0.9147141633210358,0.5870397567749024,0.5776087443033854,0.5681777318318685,0.5647482554117839,0.5621761322021485,0.580180803934733,0.5758939743041992,0.5716071446736654,0.5673203150431315,0.5844676335652669,0.580180803934733,0.5758939743041992,0.5707497914632161,0.5861823399861653,0.5818955103556315,0.5776087443033854,0.5724645614624023,0.5870397567749024,0.5836102803548177,0.5793234507242838,0.57503662109375,0.8247861508969907,0.8430765787760417,0.8659396701388888,0.8918511284722223,0.9147141633210358,0.8994721024124711,0.9269078007450812,0.9436740451388888,0.9589161060474536,0.9025205258969908,0.928431984230324,0.946722412109375,0.9634886565031828,0.9009963424117476,0.9238593772605612,0.9406256216543692,0.9558676260489004,0.8994721024124711,0.9162383468062788,0.9299561677155672,0.9406256216543692,0.4860106110572815,0.498471736907959,0.5038793087005615,0.5116350054740906,0.4785127341747284,0.47180917859077454,0.4658740758895874,0.5222623348236084,0.4582309424877167,0.4996481239795685,0.4762108027935028,0.5718141198158264,0.4108065068721771,0.5897333025932312,0.3859643042087555,0.5899695158004761,0.3733905255794525,0.5890147686004639,0.3699283301830292,0.5771719813346863,0.3799198269844055,0.5744717121124268,0.38706129789352417,0.5356600880622864,0.43532079458236694,0.5348387956619263,0.4316883981227875,0.5246318578720093,0.4230334460735321,0.5252211093902588,0.42071953415870667,0.5025178790092468,0.4401721954345703,0.1939079910516739,0.1710347980260849,0.17180687189102173,0.17271502315998077,0.17149467766284943,0.1724325567483902,0.1737482249736786,0.1934954822063446,0.18992021679878235,0.22537079453468323,0.22404640913009644,0.38175123929977417,0.38203904032707214,0.6121863722801208,0.6079756021499634,0.8203010559082031,0.8130800127983093,0.8933112621307373,0.8786819577217102,0.8930105566978455,0.8770776987075806,0.8718376755714417,0.855803370475769,0.8629544377326965,0.8625403046607971,1.2054380178451538,1.151631474494934,1.508777141571045,1.496167778968811,1.542914867401123,1.5420888662338257,1.6243964433670044,1.6113027334213257
0.3687087059020996,0.3798516273498535,0.3909945170084635,0.3944231033325195,0.3978516896565755,0.3772801717122396,0.3832802136739095,0.3892802238464355,0.3944231033325195,0.3695658683776855,0.3764230410257975,0.3849945068359375,0.3918516794840495,0.3661372820536295,0.3729944547017415,0.3807087580362955,0.3875659306844075,0.3635658582051595,0.3695658683776855,0.3755658785502115,0.3815659205118815,0.8157749317310474,0.8355845133463542,0.8584417272497107,0.8873942057291667,0.9102514761465568,0.8919656824182581,0.919394373010706,0.9346325344509548,0.9468230070891204,0.8934894703052662,0.919394373010706,0.9300610577618634,0.9392039546260128,0.8904418380172164,0.9117752640335648,0.919394373010706,0.9270134254738136,0.8858704178421586,0.9011085792824074,0.9087276317455152,0.9117752640335648,0.5872809727986653,0.5778523763020833,0.5684237798055013,0.5649951934814453,0.5624237696329752,0.5804238001505534,0.5761381149291992,0.5709952036539714,0.5658523559570312,0.5847095489501953,0.5804238001505534,0.5752809524536133,0.5701380411783854,0.5855667114257812,0.5821381251017252,0.5769952138264974,0.5727095286051432,0.5864238103230794,0.5829952239990235,0.5795667012532552,0.5744237899780273,0.8249177720811632,0.8432035658094618,0.8660608362268518,0.8919656824182581,0.9148228963216146,0.8995847348813657,0.9254896375868056,0.9437753748010708,0.9590135362413196,0.9026323671694156,0.9285372698748552,0.9468230070891204,0.9635849564163772,0.9026323671694156,0.9254896375868056,0.9407277425130208,0.9574896918402778,0.9011085792824074,0.9178705286096644,0.9300610577618634,0.9422515869140624,0.4874325096607208,0.4997180104255676,0.5051272511482239,0.5129796266555786,0.4796961545944214,0.47292423248291016,0.46694764494895935,0.5234969854354858,0.4593167304992676,0.5010305047035217,0.47757571935653687,0.5726646780967712,0.41163769364356995,0.5896901488304138,0.38620758056640625,0.5900742411613464,0.3733415901660919,0.5888382196426392,0.3706792891025543,0.5771140456199646,0.38126859068870544,0.574612021446228,0.3880690932273865,0.5353244543075562,0.43533265590667725,0.5336523056030273,0.42992883920669556,0.52358078956604,0.4221203029155731,0.52463299036026,0.42001819610595703,0.5004186034202576,0.43870899081230164,0.1939675211906433,0.17105594277381897,0.17184820771217346,0.17279647290706635,0.17149212956428528,0.17240244150161743,0.17368774116039276,0.1935424506664276,0.18972082436084747,0.22542253136634827,0.2240477055311203,0.3824462592601776,0.381482869386673,0.6128675937652588,0.6076043248176575,0.8208560943603516,0.8096554279327393,0.8929643034934998,0.8758958578109741,0.8921267986297607,0.8735887408256531,0.8708162307739258,0.8515523672103882,0.8628259897232056,0.8606105446815491,1.2048702239990234,1.1520262956619263,1.5080897808074951,1.4975528717041016,1.54225492477417,1.542980670928955,1.6237744092941284,1.6133902072906494
0.3695085843404134,0.3806531588236491,0.3917977015177409,0.3952267964680989,0.398655891418457,0.37893861134847,0.3849395116170247,0.3917977015177409,0.396941343943278,0.3720804214477539,0.3797958691914876,0.3883686065673828,0.3952267964680989,0.3686513264973958,0.3763667742411296,0.3849395116170247,0.3917977015177409,0.3669367790222168,0.3737949689229329,0.3797958691914876,0.3857968012491862,0.8143773396809896,0.8341899165400752,0.8555265073423033,0.8844833374023438,0.9073439986617476,0.8890554357458044,0.9149641814055266,0.930204603407118,0.9423969410083912,0.8905795062029803,0.9164882518627026,0.9271565190067996,0.9378248426649306,0.8890554357458044,0.910392083062066,0.9195363362630208,0.9271565190067996,0.8860073513454861,0.8997237594039352,0.9073439986617476,0.9134401674623842,0.5881134668986002,0.5786834716796875,0.5701107025146485,0.5666816075642903,0.5641098022460938,0.5812552769978842,0.5769688924153645,0.5709679921468099,0.565824317932129,0.5863989512125651,0.5812552769978842,0.5752543767293294,0.569253412882487,0.5872561772664388,0.582969856262207,0.5769688924153645,0.5726825714111328,0.5881134668986002,0.5838270823160807,0.579540761311849,0.5752543767293294,0.823521649395978,0.8418101557978878,0.866194831000434,0.8921035201461227,0.9149641814055266,0.8981997454607928,0.9256325050636576,0.9423969410083912,0.9576374195240162,0.9012478298611112,0.9286805894639756,0.9469690958658854,0.9637335883246528,0.9012478298611112,0.9241084346064816,0.9408729270652488,0.9561133490668404,0.8997237594039352,0.9164882518627026,0.9286805894639756,0.9408729270652488,0.48842155933380127,0.5006420612335205,0.5059666633605957,0.5136471390724182,0.48068705201148987,0.47385960817337036,0.4679294228553772,0.5242395997047424,0.4603041112422943,0.5020275712013245,0.4785594940185547,0.5732251405715942,0.41246235370635986,0.5899602174758911,0.3860376179218292,0.5905193090438843,0.373952716588974,0.5890523791313171,0.3719603717327118,0.5771605968475342,0.38290485739707947,0.5746792554855347,0.38956278562545776,0.5352619290351868,0.43534550070762634,0.5332067608833313,0.4300767779350281,0.5229751467704773,0.4222193658351898,0.5237798094749451,0.4202105700969696,0.500442624092102,0.4387323558330536,0.19397030770778656,0.1710588037967682,0.17185765504837036,0.1728200912475586,0.17146851122379303,0.1723605990409851,0.173629492521286,0.19359131157398224,0.18959899246692657,0.22543565928936005,0.2239200323820114,0.3826921284198761,0.3811149001121521,0.6140891313552856,0.6074307560920715,0.8226951360702515,0.8098576068878174,0.8947558403015137,0.8754404783248901,0.8936657309532166,0.8732779026031494,0.8724295496940613,0.8511885404586792,0.8632810711860657,0.8605695366859436,1.2042744159698486,1.151841402053833,1.5098012685775757,1.497149109840393,1.5449780225753784,1.54263436794281,1.6250686645507812,1.611589789390564
0.3703801472981771,0.3815240224202474,0.391810671488444,0.3952395757039388,0.3986684481302897,0.3798095703125,0.385810120900472,0.3926678975423177,0.397811222076416,0.3729517936706543,0.3815240224202474,0.3892390251159668,0.3969539960225423,0.3703801472981771,0.3780951499938965,0.3866673469543457,0.3935251235961914,0.3686656951904297,0.3755234718322754,0.3815240224202474,0.3875245730082194,0.8129127785011574,0.8327241120515047,0.8555833604600694,0.8830144811559606,0.9073976304796006,0.8891102543583622,0.9150174176251448,0.9302568788881656,0.9439724392361112,0.890634211787471,0.9165413750542536,0.9287329214590568,0.9394005669487848,0.8891102543583622,0.9104455453378184,0.9195892333984376,0.9287329214590568,0.8860623395001447,0.901301857277199,0.9089215879087096,0.9150174176251448,0.5889716466267904,0.5795422236124674,0.5709699630737305,0.5675411224365234,0.5658266703287761,0.5829710642496745,0.5778277715047201,0.5718271891276042,0.5658266703287761,0.587257194519043,0.5821138381958008,0.5761133193969726,0.569255510965983,0.5889716466267904,0.5838282903035482,0.5778277715047201,0.5726844151814778,0.5898288726806641,0.5855427424112956,0.5803993860880534,0.5752560933430989,0.8235804239908854,0.8433917575412326,0.8662510059497974,0.8936821266456887,0.9165413750542536,0.8997778998480903,0.9272090205439816,0.9424484818070024,0.9561639856409144,0.9028258147063078,0.9287329214590568,0.9470203540943288,0.9622598153573496,0.901301857277199,0.9256850631148726,0.9409245243778936,0.9546401412398728,0.8997778998480903,0.9165413750542536,0.9287329214590568,0.9394005669487848,0.48940759897232056,0.5016087293624878,0.5068809390068054,0.5144698619842529,0.481648713350296,0.4747563302516937,0.46884211897850037,0.525079071521759,0.4610482156276703,0.5029100179672241,0.47946879267692566,0.5736464262008667,0.4129136800765991,0.5900815725326538,0.3858919143676758,0.5905066132545471,0.3745465874671936,0.5896966457366943,0.37296903133392334,0.5772438645362854,0.38401854038238525,0.5743635892868042,0.390608012676239,0.5352479219436646,0.435369074344635,0.5333110094070435,0.430215060710907,0.523268461227417,0.4223644435405731,0.5241791009902954,0.4205983579158783,0.500718355178833,0.43761441111564636,0.1939994841814041,0.17110241949558258,0.17193195223808289,0.17295381426811218,0.17148053646087646,0.17237262427806854,0.1736387461423874,0.19380071759223938,0.18952783942222595,0.22545507550239563,0.22393743693828583,0.3836991488933563,0.38090071082115173,0.6160058975219727,0.607517421245575,0.8240467309951782,0.8101149797439575,0.8952685594558716,0.8758096694946289,0.8936485052108765,0.8731001615524292,0.8726968169212341,0.8510770201683044,0.8642242550849915,0.8606559038162231,1.2043246030807495,1.1517951488494873,1.5093255043029785,1.49710214138031,1.5447560548782349,1.5426205396652222,1.6236132383346558,1.6117913722991943
0.3712598482767741,0.3824029604593912,0.3926889101664225,0.3961175600687662,0.39954620997111,0.3806886355082194,0.3866887728373209,0.3926889101664225,0.3978318850199381,0.3729741732279459,0.3815457979838053,0.3892602602640788,0.3961175600687662,0.3704026858011881,0.3789743105570475,0.3866887728373209,0.3935460726420084,0.3686883608500163,0.3755456606547038,0.3815457979838053,0.3875459353129069,0.8144335711443865,0.8342435483579282,0.8555773699725115,0.8845304135923032,0.9073880230938948,0.8891019467954282,0.9165310895001448,0.9317695335105614,0.9439602887188948,0.8906257911964699,0.9165310895001448,0.928721844708478,0.9409125999168112,0.8906257911964699,0.910435711895978,0.9211026227032696,0.9302456891095195,0.8875781023943866,0.901292645489728,0.9089118674949364,0.9165310895001448,0.5889790217081706,0.5795502344767253,0.5709786732991536,0.5684071858723958,0.566692860921224,0.583836046854655,0.5786930720011393,0.5726929982503255,0.566692860921224,0.5889790217081706,0.582978884379069,0.5761215845743816,0.5692643483479818,0.5915505091349283,0.5855503718058268,0.5786930720011393,0.5726929982503255,0.5915505091349283,0.5864075342814128,0.5821217219034831,0.5761215845743816,0.8235766375506366,0.8418627703631366,0.8662442807798032,0.8936734799985533,0.9165310895001448,0.8982449566876447,0.9256741559063948,0.942436444317853,0.9561511004412616,0.901292645489728,0.928721844708478,0.9454841331199364,0.9591987892433448,0.8997688010886863,0.924150311505353,0.937864911114728,0.9500557228370948,0.8982449566876447,0.9165310895001448,0.9271980003074364,0.9363410667136864,0.4902005195617676,0.5023815035820007,0.5075737833976746,0.5151206254959106,0.4824712872505188,0.47552692890167236,0.46961674094200134,0.5259019136428833,0.4616747200489044,0.5036630034446716,0.48012349009513855,0.5742121934890747,0.4131050109863281,0.5901500582695007,0.38587486743927,0.5905272960662842,0.37506067752838135,0.5899308323860168,0.3737437427043915,0.5774065256118774,0.38482004404067993,0.5742528438568115,0.39129766821861267,0.5352319478988647,0.43536576628685,0.5333539247512817,0.4303196668624878,0.5228462815284729,0.4221442937850952,0.5232697129249573,0.4205140173435211,0.5006818771362305,0.4369423985481262,0.194032222032547,0.17114444077014923,0.17201195657253265,0.1730944663286209,0.1714874804019928,0.17237313091754913,0.17363707721233368,0.19416193664073944,0.18952955305576324,0.22556626796722412,0.22396047413349152,0.3849521577358246,0.38090333342552185,0.6179575324058533,0.6081130504608154,0.8261400461196899,0.8110365271568298,0.8970244526863098,0.8765982985496521,0.8960108160972595,0.8740199208259583,0.8755398988723755,0.8524592518806458,0.8666765093803406,0.8617165088653564,1.2045289278030396,1.1517515182495117,1.5096502304077148,1.4968633651733398,1.544997215270996,1.5424120426177979,1.623398780822754,1.6109623908996582
0.3719445864359538,0.3830850601196289,0.394225533803304,0.3985103607177734,0.4027951558430989,0.3822280883789062,0.3873698552449544,0.3933685938517252,0.3976533889770507,0.374515438079834,0.3822280883789062,0.3907977104187011,0.3967964172363281,0.3710876146952311,0.3796572049458822,0.3873698552449544,0.3933685938517252,0.3693737030029297,0.3762293815612793,0.3822280883789062,0.388226826985677,0.8144995230215567,0.8343048095703125,0.8571571067527488,0.8845798633716725,0.9089556093569156,0.8906737716109664,0.91809652822989,0.9333314118561922,0.9455192848488136,0.8921972769278067,0.91809652822989,0.9302844012225115,0.9409488254123264,0.8906737716109664,0.9120025634765624,0.921143482349537,0.9302844012225115,0.8876268174913194,0.9013381958007812,0.9089556093569156,0.9165730229130498,0.5896125793457031,0.5801860173543294,0.5716164271036784,0.5690455118815104,0.5673315684000652,0.5844708124796549,0.5793290456136068,0.573330307006836,0.5673315684000652,0.5904695510864257,0.5844708124796549,0.5767581939697266,0.5699024836222331,0.593040402730306,0.5870416641235352,0.5801860173543294,0.573330307006836,0.593040402730306,0.5887556076049805,0.5836138407389323,0.5776151021321615,0.822116936577691,0.8419222231264467,0.8647745203088831,0.8921972769278067,0.915049574110243,0.8982912416811343,0.9257139417860244,0.9424722742151332,0.9546601472077546,0.9013381958007812,0.9287609524197048,0.9439957795319732,0.9561836525245948,0.899814690483941,0.9241904929832176,0.9363783659758392,0.9470427336516204,0.8982912416811343,0.9165730229130498,0.9272374471028646,0.9348548606589988,0.4906388819217682,0.5029528737068176,0.5081201791763306,0.5155848264694214,0.4828763008117676,0.4759151339530945,0.4700683057308197,0.5263871550559998,0.46196404099464417,0.5040947794914246,0.4803474545478821,0.5744274258613586,0.4131541848182678,0.5903703570365906,0.38570329546928406,0.5911390781402588,0.3753648102283478,0.5909833312034607,0.373990923166275,0.5783900618553162,0.38514938950538635,0.5749205946922302,0.391827255487442,0.535287618637085,0.4353979527950287,0.5344969630241394,0.43084245920181274,0.5229620933532715,0.4224376380443573,0.5232122540473938,0.420791357755661,0.5008814334869385,0.43713411688804626,0.19406020641326904,0.17118655145168304,0.17208170890808105,0.17321722209453583,0.17148441076278687,0.17235898971557617,0.17361252009868622,0.19447369873523712,0.18948519229888916,0.22560518980026245,0.22397184371948242,0.38526034355163574,0.38089296221733093,0.6178280115127563,0.6092525720596313,0.8248257637023926,0.8142367005348206,0.8959142565727234,0.8794763088226318,0.8955215811729431,0.8774229884147644,0.8748616576194763,0.8562855124473572,0.8679022192955017,0.8627087473869324,1.2047419548034668,1.151628017425537,1.5096709728240967,1.4967464208602905,1.5450881719589233,1.5423290729522705,1.6230989694595337,1.611386775970459
0.3732109705607096,0.3843523661295573,0.3963507970174154,0.3997789065043131,0.4049210866292317,0.3834953308105469,0.3886375109354655,0.3946367263793945,0.3989218711853027,0.3757820765177408,0.3826383272806803,0.3903515815734863,0.3972078323364257,0.3714969317118327,0.3792101860046387,0.3869234720865885,0.3937796910603841,0.3697828610738118,0.3757820765177408,0.3826383272806803,0.3886375109354655,0.8131102950484664,0.834440838849103,0.8572949444806134,0.8847199051468461,0.9090976856372974,0.8908143785264757,0.9182393391927084,0.9334754096137152,0.945664299858941,0.8938615587022569,0.9197629575376156,0.931951791268808,0.9426170631691262,0.8908143785264757,0.913668484157986,0.922810137713397,0.931951791268808,0.8877671418366608,0.9030032122576678,0.9106213039822048,0.9182393391927084,0.5900396347045899,0.580612309773763,0.5711849212646485,0.5694709142049154,0.5677568435668945,0.5848974227905274,0.580612309773763,0.5737560272216797,0.5677568435668945,0.5917537053426106,0.5857544581095377,0.5771841684977214,0.5694709142049154,0.5943247477213541,0.588325564066569,0.580612309773763,0.5737560272216797,0.5943247477213541,0.5900396347045899,0.5840403874715169,0.5780412038167317,0.8222519486038773,0.8405352557146991,0.863389417860243,0.8908143785264757,0.9151921025028936,0.8969087953920718,0.9258573744032118,0.9426170631691262,0.9548059534143518,0.8999560320818866,0.9289046110930266,0.9426170631691262,0.9548059534143518,0.8999560320818866,0.9243337560583044,0.9349990279586228,0.945664299858941,0.8969087953920718,0.916715720847801,0.9258573744032118,0.931951791268808,0.4910401403903961,0.5033727884292603,0.5085796117782593,0.5159735083580017,0.4830959439277649,0.47612178325653076,0.4703314006328583,0.5267031788825989,0.4620126187801361,0.504535436630249,0.48057693243026733,0.574601411819458,0.41323715448379517,0.5906911492347717,0.3860880136489868,0.591575026512146,0.37546905875205994,0.591673731803894,0.37451818585395813,0.5792726278305054,0.38611534237861633,0.5756906867027283,0.39283791184425354,0.535566508769989,0.435560017824173,0.5358014702796936,0.4333378076553345,0.52324378490448,0.42313042283058167,0.5233302116394043,0.42134472727775574,0.5022770762443542,0.43759778141975403,0.194074809551239,0.17122617363929749,0.1721353977918625,0.17331355810165405,0.1714860200881958,0.17236000299453735,0.17361333966255188,0.19467885792255402,0.18948936462402344,0.22565849125385284,0.22398588061332703,0.38517841696739197,0.38089707493782043,0.6175513863563538,0.6100199222564697,0.8239583969116211,0.8137677907943726,0.8949888348579407,0.8798544406890869,0.8948294520378113,0.8772761821746826,0.8737813830375671,0.8555111885070801,0.8681597709655762,0.8631758689880371,1.2046263217926025,1.1507198810577393,1.5102285146713257,1.4961384534835815,1.545844316482544,1.5418648719787598,1.6237319707870483,1.6111528873443604
0.3736646334330241,0.3856640497843424,0.3968063990275065,0.4002347946166992,0.4053774197896321,0.3848069508870442,0.3899495760599772,0.3950921694437663,0.399377695719401,0.3770930290222168,0.383949851989746,0.3916637738545735,0.3985205968221029,0.3728075345357259,0.3805214564005534,0.3882353782653808,0.3942350705464681,0.3710933367411295,0.3770930290222168,0.3830927530924479,0.389092477162679,0.8132361518012152,0.834568504050926,0.8574245311595775,0.8863755402741609,0.9092315673828124,0.892470465766059,0.9198977435076678,0.9351351137514468,0.945801289876302,0.8955179850260416,0.9214214748806424,0.9336113823784722,0.9427537706163196,0.892470465766059,0.9138028180157696,0.9244689376265914,0.9320876510054976,0.8894230030201099,0.9031366418909144,0.9122790866427952,0.9183740121346932,0.5905113855997721,0.5802261988321941,0.5716551462809245,0.5699409484863281,0.5682267506917318,0.585368792215983,0.5802261988321941,0.5742265065511067,0.5673696517944335,0.5922255833943685,0.5862258911132813,0.5776549021402995,0.5699409484863281,0.5947969436645508,0.5887971878051758,0.5810832977294922,0.5742265065511067,0.595654042561849,0.5905113855997721,0.585368792215983,0.5785120010375977,0.819331133807147,0.8391396981698496,0.8619957252785012,0.8894230030201099,0.9138028180157696,0.8955179850260416,0.9244689376265914,0.9412300392433448,0.9534200032552084,0.9000891791449652,0.9290401882595486,0.9427537706163196,0.9534200032552084,0.8985654477719908,0.9244689376265914,0.9351351137514468,0.944277501989294,0.8970417163990162,0.9153265493887442,0.9244689376265914,0.9305639196325232,0.49138301610946655,0.5037133693695068,0.5089496374130249,0.5163363218307495,0.48332878947257996,0.47631052136421204,0.47057560086250305,0.5269338488578796,0.46200767159461975,0.5049020648002625,0.48078808188438416,0.5747203230857849,0.41323336958885193,0.5909331440925598,0.3863776922225952,0.5918102264404297,0.3757701814174652,0.5922925472259521,0.37497204542160034,0.5796924829483032,0.38694918155670166,0.5759643912315369,0.39375749230384827,0.5359227061271667,0.43565839529037476,0.5378733277320862,0.4348272681236267,0.5244433879852295,0.42359474301338196,0.5241162776947021,0.42182713747024536,0.5045014023780823,0.43763551115989685,0.19415399432182312,0.17128118872642517,0.17219941318035126,0.17341908812522888,0.17149093747138977,0.1723664402961731,0.17362025380134583,0.19484877586364746,0.18950115144252777,0.22581331431865692,0.22406679391860962,0.38537779450416565,0.380939245223999,0.6172943711280823,0.6106261014938354,0.8222885131835938,0.8138647675514221,0.8932826519012451,0.8798006176948547,0.8929846882820129,0.8765547871589661,0.8715162873268127,0.854555070400238,0.869027853012085,0.8641900420188904,1.2047557830810547,1.150681495666504,1.5105314254760742,1.4960448741912842,1.5462040901184082,1.54180908203125,1.6237750053405762,1.61081063747406
0.3747408231099446,0.3858879089355468,0.3978924751281738,0.401322333017985,0.4056096712748209,0.385030460357666,0.3901752471923828,0.3961775461832682,0.4004648844401041,0.377313232421875,0.385030460357666,0.3927476565043131,0.3987499237060546,0.3738833427429199,0.3816005706787109,0.3884603182474772,0.3953200658162435,0.3721684137980143,0.3781707127888997,0.3841729799906412,0.3901752471923828,0.8147381252712673,0.8345551667390047,0.857420970775463,0.886384356463397,0.9107745700412326,0.8924819381148726,0.9199209142614294,0.9351647836190684,0.947359890407986,0.8955307006835938,0.9214452672887732,0.933640374077691,0.9443111278392652,0.8940062911422164,0.915347742151331,0.9244940863715276,0.933640374077691,0.8894331190321181,0.904676988389757,0.91229897958261,0.9199209142614294,0.5908228556315104,0.580533218383789,0.5719585418701172,0.5702435811360677,0.568528683980306,0.5856780370076498,0.580533218383789,0.5745309193929037,0.5676712036132813,0.5925377527872722,0.5865355173746745,0.5779607772827149,0.5702435811360677,0.5951101938883464,0.589107894897461,0.5813906987508138,0.5745309193929037,0.5959676106770834,0.5908228556315104,0.5856780370076498,0.5788182576497396,0.8193112973813658,0.839128338849103,0.8619941428855613,0.8894331190321181,0.9138233326099536,0.8955307006835938,0.9244940863715276,0.9412623087565104,0.9534574155454284,0.8985794632523149,0.9275428489402489,0.9427867182978876,0.9534574155454284,0.8985794632523149,0.9244940863715276,0.9351647836190684,0.9458354808666088,0.8970550537109375,0.915347742151331,0.9244940863715276,0.9321160210503472,0.4915393590927124,0.5038516521453857,0.5091227293014526,0.5164304971694946,0.4833778738975525,0.47633683681488037,0.47066938877105713,0.5269866585731506,0.4619283974170685,0.5051289200782776,0.48092859983444214,0.574736475944519,0.413231760263443,0.5911252498626709,0.38666775822639465,0.5921338200569153,0.3760453164577484,0.5929339528083801,0.3750210106372833,0.5801115036010742,0.3875264525413513,0.5762506723403931,0.39452067017555237,0.5360538959503174,0.4356815218925476,0.5380521416664124,0.43483105301856995,0.5249910950660706,0.4236617088317871,0.524649441242218,0.42196598649024963,0.5055205225944519,0.43768560886383057,0.194385826587677,0.17140766978263855,0.17232675850391388,0.17358049750328064,0.17153213918209076,0.17240183055400848,0.17364509403705597,0.19495651125907898,0.1895238161087036,0.22604024410247803,0.22421850264072418,0.3854008913040161,0.3809374272823334,0.6170279383659363,0.6111153960227966,0.8216329216957092,0.8141533136367798,0.892497718334198,0.8800130486488342,0.8918997645378113,0.875902533531189,0.8701158165931702,0.8538438677787781,0.8697671890258789,0.865068793296814,1.204781174659729,1.1515864133834839,1.5108643770217896,1.4974932670593262,1.5465871095657349,1.5434030294418335,1.6243165731430054,1.6129390001296997
0.3757251421610514,0.3868680000305176,0.3980108896891276,0.4014394442240397,0.4057251612345378,0.3851537068684896,0.3911537170410156,0.3962965965270996,0.4005823135375976,0.3774394035339355,0.3851537068684896,0.3928680102030436,0.3988680203755697,0.3740108489990234,0.3817251523335774,0.3894394238789876,0.3954394340515136,0.3722965558369954,0.3782965660095215,0.3842965761820475,0.3902965863545736,0.8147065904405382,0.8345161155418114,0.8588971173321759,0.8878495392975984,0.912230541087963,0.8939448038736979,0.9213733814380788,0.935087698477286,0.948802015516493,0.895468591760706,0.9213733814380788,0.9335639105902778,0.9442305953414352,0.8939448038736979,0.9152781733760128,0.9244210137261284,0.9335639105902778,0.88937338369864,0.9046114886248552,0.912230541087963,0.9198495935510708,0.5908683141072592,0.5805825551350912,0.5711539586385092,0.569439697265625,0.5677254358927409,0.5857254028320312,0.5805825551350912,0.5745825449625651,0.5685825347900391,0.5925825754801433,0.5865825653076172,0.578868293762207,0.5711539586385092,0.5960111618041992,0.5891539891560872,0.581439717610677,0.5745825449625651,0.5968683242797852,0.5917254130045573,0.5857254028320312,0.5797254562377929,0.8208018550166377,0.8390875922309028,0.8619447496202257,0.8908971715856482,0.9152781733760128,0.8969924361617477,0.92594485812717,0.9411829630533854,0.953373435691551,0.9000400684497974,0.92899249041522,0.9427067509403936,0.953373435691551,0.8985162240487558,0.9244210137261284,0.935087698477286,0.9442305953414352,0.8969924361617477,0.9152781733760128,0.9244210137261284,0.932040066189236,0.49161863327026367,0.5039829015731812,0.5092965364456177,0.5165660977363586,0.4833892583847046,0.47631409764289856,0.47069254517555237,0.5270274877548218,0.4618399441242218,0.5052415728569031,0.4809189438819885,0.5747153759002686,0.4132169783115387,0.5912439227104187,0.3868260681629181,0.5924568772315979,0.37681689858436584,0.5934192538261414,0.3756262958049774,0.580388605594635,0.3888339400291443,0.5764513611793518,0.39616280794143677,0.5361718535423279,0.4356854557991028,0.5381786227226257,0.4348272979259491,0.5256801247596741,0.4237639605998993,0.5253632068634033,0.4220755994319916,0.5069195628166199,0.4377388656139374,0.19467857480049133,0.17154589295387268,0.17248201370239258,0.1737860143184662,0.17157182097434998,0.1724330484867096,0.1736634224653244,0.1951037496328354,0.18956111371517181,0.22639323770999908,0.22445769608020782,0.3853757679462433,0.38093939423561096,0.6168403625488281,0.6113265752792358,0.8212503790855408,0.8149813413619995,0.8917428255081177,0.8805610537528992,0.8907175064086914,0.8766016364097595,0.8688904047012329,0.8546932935714722,0.8710755705833435,0.8658679723739624,1.2056068181991577,1.1530497074127197,1.5134460926055908,1.4979194402694702,1.5494672060012817,1.5435816049575806,1.6269898414611816,1.6136159896850586
0.375795300801595,0.3877992947896321,0.3989458719889323,0.4015181541442871,0.4058053016662598,0.3860844294230143,0.3912289937337239,0.3963735898335774,0.4006607055664062,0.3783675829569499,0.3852270126342773,0.3929438591003418,0.3989458719889323,0.3740804354349772,0.3809398651123047,0.3886567115783691,0.3955161412556966,0.3723655700683593,0.377510134379069,0.3835121472676595,0.38951416015625,0.8147409509729456,0.836081384729456,0.8589461715133102,0.8879082008644387,0.912297284161603,0.894005443431713,0.9214431762695312,0.9351620144314235,0.9473565560800058,0.8955297964590567,0.9214431762695312,0.9336377179181136,0.9443079630533854,0.8924811469184027,0.9153459337022568,0.9244918258101852,0.9336377179181136,0.8879082008644387,0.904675688566985,0.912297284161603,0.9183945267288772,0.5910098393758138,0.5807207107543946,0.5712889989217123,0.5695741653442383,0.5670018513997396,0.5858652750651042,0.5807207107543946,0.574718729654948,0.5687166849772135,0.5935821533203125,0.5867226918538412,0.5790058771769205,0.5712889989217123,0.5970118840535482,0.5901524225870768,0.5824355443318685,0.5755761464436849,0.5978693008422852,0.5927247365315755,0.5867226918538412,0.5807207107543946,0.8208382500542535,0.8391300342701099,0.8619948210539641,0.8909568504050925,0.9153459337022568,0.8955297964590567,0.9244918258101852,0.9412593135127316,0.95345379864728,0.898578389485677,0.9275404753508392,0.9427836100260416,0.95345379864728,0.898578389485677,0.9229674727828414,0.9351620144314235,0.9427836100260416,0.8970540929723669,0.9153459337022568,0.9244918258101852,0.9305890683774596,0.49172353744506836,0.5041303634643555,0.5094760656356812,0.5167350172996521,0.4833635985851288,0.4762749671936035,0.47067293524742126,0.5270317196846008,0.4617641866207123,0.5053952932357788,0.48093560338020325,0.5747252702713013,0.4132344424724579,0.5913536548614502,0.38695332407951355,0.5926939249038696,0.37783536314964294,0.5938004851341248,0.37618330121040344,0.580720841884613,0.3900500535964966,0.5766996145248413,0.39770886301994324,0.536365807056427,0.4357669949531555,0.5382537245750427,0.4348907470703125,0.5258915424346924,0.42387497425079346,0.5254409313201904,0.42223531007766724,0.5079182982444763,0.43780094385147095,0.19474706053733826,0.17159852385520935,0.17254263162612915,0.17384515702724457,0.17157858610153198,0.17244064807891846,0.17366890609264374,0.19512003660202026,0.1895717829465866,0.22645223140716553,0.22452184557914734,0.38509777188301086,0.3809608221054077,0.6167523264884949,0.6118652820587158,0.8206470012664795,0.8158738017082214,0.8906850814819336,0.8809602856636047,0.8894091248512268,0.8772976398468018,0.867639422416687,0.8554349541664124,0.8717083930969238,0.8663334250450134,1.2067351341247559,1.1539790630340576,1.5155047178268433,1.4980250597000122,1.5520944595336914,1.5436601638793945,1.6277542114257812,1.6133677959442139
0.3759831428527832,0.3879896163940429,0.3991385142008463,0.4017113367716471,0.4068569819132487,0.3862744013468424,0.391420046488444,0.3965656916300455,0.4008537292480468,0.378555965423584,0.3854167938232422,0.3931352615356445,0.3991385142008463,0.3742679278055826,0.3811287879943847,0.3888472239176432,0.394850476582845,0.3725527127583821,0.3776983578999837,0.3837016105651855,0.3897048314412435,0.8147820366753472,0.8361268785264757,0.8589964124891493,0.8879644323278356,0.9123586018880208,0.8925383391203704,0.9199817798755788,0.9352280793366607,0.9474251641167536,0.894062974717882,0.9215064154730904,0.9337034437391492,0.9443758929217304,0.8925383391203704,0.915407873083044,0.9245556866681134,0.9321788081416378,0.8879644323278356,0.9032107883029514,0.9123586018880208,0.9184571442780672,0.5912424087524414,0.5809511184692383,0.5715174357096354,0.5698022206624349,0.5663717905680339,0.5860967636108398,0.5809511184692383,0.5749478658040365,0.5689446131388346,0.5938152313232422,0.5869543711344402,0.5792359034220378,0.5715174357096354,0.5972456614176432,0.5903848012288412,0.5826663335164388,0.5758054733276368,0.5981032689412434,0.5929576237996419,0.5869543711344402,0.5809511184692383,0.8208805790653935,0.8407007853190104,0.863570319281684,0.8925383391203704,0.9169325086805556,0.8955876103153935,0.9245556866681134,0.9413266217267072,0.9535237630208332,0.8986368815104167,0.9276049578631366,0.9413266217267072,0.9519991274233216,0.8986368815104167,0.9245556866681134,0.9352280793366607,0.9428512573242188,0.8971122459129051,0.915407873083044,0.9245556866681134,0.9306541725441262,0.49185189604759216,0.5042859315872192,0.509597897529602,0.5167825818061829,0.48338231444358826,0.4762624204158783,0.47066354751586914,0.5269794464111328,0.461725652217865,0.5055330991744995,0.48099175095558167,0.5747399926185608,0.41322579979896545,0.5915567278862,0.3869219720363617,0.5929147005081177,0.37865838408470154,0.5941017270088196,0.3766174912452698,0.5810511112213135,0.3910035192966461,0.5770109295845032,0.39886030554771423,0.5366498231887817,0.4358852207660675,0.538937509059906,0.43488797545433044,0.5269596576690674,0.42413005232810974,0.5264593362808228,0.4227002263069153,0.5093443989753723,0.43785327672958374,0.1947694718837738,0.17162255942821503,0.17257118225097656,0.17387822270393372,0.1715826541185379,0.17244349420070648,0.17365993559360504,0.19513367116451263,0.1895715594291687,0.226494699716568,0.22454087436199188,0.38464224338531494,0.3810969889163971,0.6165629029273987,0.6125853061676025,0.8201906085014343,0.8161417245864868,0.889877200126648,0.8809525966644287,0.8884135484695435,0.8771204352378845,0.8667324781417847,0.8551226854324341,0.8723830580711365,0.8671339154243469,1.2071547508239746,1.1555516719818115,1.5166552066802979,1.5007705688476562,1.5535180568695068,1.5469504594802856,1.6288106441497803,1.615112066268921
0.376848030090332,0.3888547897338867,0.399146302541097,0.4025767962137858,0.4068649291992187,0.3871395428975423,0.3922852834065755,0.3965734163920084,0.4008615493774414,0.3794208844502767,0.385424264272054,0.3931429227193196,0.399146302541097,0.3751327514648437,0.3819937705993652,0.3888547897338867,0.3957157770792643,0.372559897104899,0.3785632769266764,0.3845666567484537,0.3897123972574869,0.8162668298791956,0.8360874882450811,0.8589575308340567,0.8879262288411458,0.9123209635416668,0.8925002486617477,0.9199443110713252,0.9351910061306424,0.9473883169668692,0.8940249407732929,0.9214689466688368,0.9336663140190972,0.9443389892578123,0.8925002486617477,0.9138455991391784,0.9245182743778936,0.9336663140190972,0.8879262288411458,0.903172923900463,0.9123209635416668,0.91841961895978,0.5912545522054037,0.5818206787109375,0.5715291976928711,0.5689563115437826,0.566383425394694,0.5861088434855143,0.5809630711873373,0.5749596913655599,0.5689563115437826,0.5946851094563802,0.5878240585327148,0.579247792561849,0.5723868052164713,0.597257932027181,0.5912545522054037,0.5835359573364258,0.5766749064127604,0.5989732106526693,0.5929698308308919,0.5878240585327148,0.5818206787109375,0.8193161575882523,0.8391368159541377,0.8635315506546586,0.8925002486617477,0.9168949268482348,0.8955495763708043,0.9245182743778936,0.9412896615487558,0.9519623933015048,0.8985989040798611,0.9275676586009838,0.9412896615487558,0.9519623933015048,0.8985989040798611,0.9245182743778936,0.9336663140190972,0.9428142971462674,0.8955495763708043,0.9138455991391784,0.9245182743778936,0.9306169863100404,0.492057740688324,0.5044476985931396,0.5097452402114868,0.516907274723053,0.48342034220695496,0.4762689471244812,0.47067171335220337,0.5269390940666199,0.4617029130458832,0.5057013034820557,0.4811103045940399,0.5747261643409729,0.4132240414619446,0.5917920470237732,0.3868774473667145,0.5931651592254639,0.3792814016342163,0.5945155024528503,0.3768133521080017,0.5814669132232666,0.3916396200656891,0.5773470997810364,0.3996466100215912,0.5370283126831055,0.43611040711402893,0.539789617061615,0.43493276834487915,0.5276504158973694,0.42419740557670593,0.527008593082428,0.422724187374115,0.5101333260536194,0.4378935396671295,0.1948501169681549,0.17167699337005615,0.17262515425682068,0.1739472895860672,0.17159555852413177,0.17245551943778992,0.17366589605808258,0.1951453536748886,0.18959222733974457,0.22651107609272003,0.22462798655033112,0.38403093814849854,0.38111069798469543,0.6163305044174194,0.6127916574478149,0.8197099566459656,0.8153782486915588,0.8893573880195618,0.8800952434539795,0.8878471851348877,0.876152753829956,0.8663215637207031,0.8540729880332947,0.8723403811454773,0.8672828674316406,1.2080833911895752,1.156069278717041,1.5174933671951294,1.5017993450164795,1.554235577583313,1.548087239265442,1.62997567653656,1.6163684129714966
0.3778038342793782,0.3889598846435547,0.4001159032185872,0.4026903788248698,0.4069811503092448,0.3872435569763183,0.3923925081888834,0.3975414276123047,0.4009740511576334,0.3795201619466146,0.385527229309082,0.3932506561279297,0.399257755279541,0.3752293586730957,0.3820946057637532,0.3898180325826009,0.3958251317342122,0.3726548830668131,0.3786619822184244,0.3846690813700358,0.3898180325826009,0.8161570796260127,0.8359900015371817,0.8588742291485821,0.8878608421043114,0.9122706095377604,0.8924376876265915,0.9198987042462384,0.9351547806351274,0.9473597208658854,0.8939632839626737,0.9214243005823206,0.9336291842990452,0.9443084716796876,0.8924376876265915,0.9153218587239584,0.924475493254485,0.9336291842990452,0.8878608421043114,0.9031169750072338,0.9122706095377604,0.9183730513961228,0.5923430124918619,0.5820451100667318,0.5717472712198893,0.5691727956136068,0.5657401402791341,0.5863359451293946,0.5811869939168294,0.5751798629760743,0.5691727956136068,0.5949174880981445,0.588052241007487,0.5794706344604492,0.5726053873697917,0.5983500798543294,0.5914848327636719,0.583761469523112,0.5768962224324544,0.5992082595825196,0.5940593083699545,0.588052241007487,0.5820451100667318,0.819208272298177,0.8390412507233797,0.8634510181568287,0.8924376876265915,0.9168474550600404,0.8954888802987558,0.924475493254485,0.9412572790075232,0.951936509874132,0.8985401294849537,0.9275267424406828,0.9412572790075232,0.951936509874132,0.8985401294849537,0.924475493254485,0.9336291842990452,0.9427828753436052,0.8970145331488715,0.9153218587239584,0.924475493254485,0.9305779916268808,0.4921513497829437,0.5045228600502014,0.5098182559013367,0.516946017742157,0.4834059774875641,0.4762522280216217,0.47065800428390503,0.5269039869308472,0.4616195261478424,0.5057880282402039,0.4811730980873108,0.5747144818305969,0.41322436928749084,0.5919858813285828,0.3868492841720581,0.5934612154960632,0.37975606322288513,0.5949528217315674,0.3770359456539154,0.5818824768066406,0.3921387791633606,0.5777415037155151,0.40020552277565,0.5372936129570007,0.43624696135520935,0.5401721596717834,0.4349348843097687,0.5280600786209106,0.4242362678050995,0.5274339318275452,0.42281490564346313,0.5104410648345947,0.4379589259624481,0.19487586617469788,0.171691432595253,0.17263491451740265,0.17396233975887299,0.1716011017560959,0.17246094346046448,0.17367084324359894,0.19513031840324402,0.18960458040237427,0.22654172778129578,0.22475329041481018,0.3837072253227234,0.381120890378952,0.6162899732589722,0.6128631830215454,0.819347083568573,0.8146964311599731,0.8886544108390808,0.8793262243270874,0.887682318687439,0.8753465414047241,0.8662030100822449,0.853268563747406,0.872471034526825,0.8675512671470642,1.2097904682159424,1.1574045419692993,1.5188173055648804,1.5038655996322632,1.5554569959640503,1.550294041633606,1.6308460235595703,1.6179956197738647
0.3778258959452311,0.3889815966288248,0.4001372655232747,0.4027116775512695,0.407002321879069,0.3872653325398763,0.392414124806722,0.3975628852844238,0.4018535296122233,0.3795421600341797,0.3855490684509277,0.3932722409566243,0.3992791493733724,0.3752515157063802,0.3821165402730306,0.3898397127787272,0.3958466211954752,0.3726771354675293,0.3786840438842773,0.3846909523010254,0.3898397127787272,0.8162356341326679,0.8360679343894676,0.8589514273184317,0.8879371360496239,0.9123461688006366,0.8925138120298033,0.9199739809389468,0.9352296052155672,0.9474341498480904,0.895564948187934,0.9214995207609954,0.9337040653935184,0.945908553512008,0.8925138120298033,0.9153973049587674,0.9245506569191262,0.9337040653935184,0.8879371360496239,0.9047183566623264,0.9123461688006366,0.9184484411168982,0.5923583348592122,0.5820608139038086,0.5717632293701171,0.5691888809204102,0.5666144688924154,0.5872095743815104,0.5820608139038086,0.5760538736979167,0.5700469970703125,0.594932746887207,0.5880676905314127,0.5803445180257162,0.5726214090983073,0.5983652750651042,0.5923583348592122,0.5837770462036133,0.5769120534261067,0.6000815073649088,0.5940746307373047,0.5880676905314127,0.5820608139038086,0.8177611739547165,0.8391190705475984,0.8635281032986111,0.8925138120298033,0.916922844780816,0.895564948187934,0.9245506569191262,0.93980633770978,0.9520108823423032,0.8986160843460648,0.927601793077257,0.9413318775318288,0.9504852294921876,0.8970905445240162,0.9230251170970776,0.9337040653935184,0.9413318775318288,0.895564948187934,0.9138717086226852,0.9230251170970776,0.9291273894133392,0.4921697676181793,0.504539966583252,0.5098454356193542,0.5169330835342407,0.4833822250366211,0.4762287735939026,0.4706343412399292,0.526873767375946,0.4614497125148773,0.5058247447013855,0.4811701476573944,0.5746853947639465,0.4132266044616699,0.5923095345497131,0.3868445158004761,0.5939744114875793,0.38009387254714966,0.5957193374633789,0.3771859407424927,0.5824057459831238,0.3925076127052307,0.578170657157898,0.40061065554618835,0.5375545620918274,0.43648579716682434,0.5404255986213684,0.43504276871681213,0.5284396409988403,0.4245854616165161,0.5279008150100708,0.42334744334220886,0.5105835795402527,0.43812790513038635,0.19489508867263794,0.17173083126544952,0.17268000543117523,0.17401932179927826,0.17160232365131378,0.17246346175670624,0.17366695404052734,0.19513869285583496,0.1896151453256607,0.22656524181365967,0.22479215264320374,0.3834504783153534,0.381201833486557,0.6158857941627502,0.6129263639450073,0.8192963004112244,0.8142058253288269,0.8871210217475891,0.8788159489631653,0.8865078091621399,0.8747804164886475,0.8651223182678223,0.8527030944824219,0.8729279041290283,0.8683611750602722,1.2106146812438965,1.1591695547103882,1.5196962356567383,1.5058261156082153,1.5562567710876465,1.5524702072143555,1.631762146949768,1.619228482246399
