left_landmark_x_0,left_landmark_x_1,left_landmark_x_2,left_landmark_x_3,left_landmark_x_4,left_landmark_x_5,left_landmark_x_6,left_landmark_x_7,left_landmark_x_8,left_landmark_x_9,left_landmark_x_10,left_landmark_x_11,left_landmark_x_12,left_landmark_x_13,left_landmark_x_14,left_landmark_x_15,left_landmark_x_16,left_landmark_x_17,left_landmark_x_18,left_landmark_x_19,left_landmark_x_20,left_landmark_y_0,left_landmark_y_1,left_landmark_y_2,left_landmark_y_3,left_landmark_y_4,left_landmark_y_5,left_landmark_y_6,left_landmark_y_7,left_landmark_y_8,left_landmark_y_9,left_landmark_y_10,left_landmark_y_11,left_landmark_y_12,left_landmark_y_13,left_landmark_y_14,left_landmark_y_15,left_landmark_y_16,left_landmark_y_17,left_landmark_y_18,left_landmark_y_19,left_landmark_y_20,right_landmark_x_0,right_landmark_x_1,right_landmark_x_2,right_landmark_x_3,right_landmark_x_4,right_landmark_x_5,right_landmark_x_6,right_landmark_x_7,right_landmark_x_8,right_landmark_x_9,right_landmark_x_10,right_landmark_x_11,right_landmark_x_12,right_landmark_x_13,right_landmark_x_14,right_landmark_x_15,right_landmark_x_16,right_landmark_x_17,right_landmark_x_18,right_landmark_x_19,right_landmark_x_20,right_landmark_y_0,right_landmark_y_1,right_landmark_y_2,right_landmark_y_3,right_landmark_y_4,right_landmark_y_5,right_landmark_y_6,right_landmark_y_7,right_landmark_y_8,right_landmark_y_9,right_landmark_y_10,right_landmark_y_11,right_landmark_y_12,right_landmark_y_13,right_landmark_y_14,right_landmark_y_15,right_landmark_y_16,right_landmark_y_17,right_landmark_y_18,right_landmark_y_19,right_landmark_y_20,pose_landmark_x_0,pose_landmark_x_1,pose_landmark_x_2,pose_landmark_x_3,pose_landmark_x_4,pose_landmark_x_5,pose_landmark_x_6,pose_landmark_x_7,pose_landmark_x_8,pose_landmark_x_9,pose_landmark_x_10,pose_landmark_x_11,pose_landmark_x_12,pose_landmark_x_13,pose_landmark_x_14,pose_landmark_x_15,pose_landmark_x_16,pose_landmark_x_17,pose_landmark_x_18,pose_landmark_x_19,pose_landmark_x_20,pose_landmark_x_21,pose_landmark_x_22,pose_landmark_x_23,pose_landmark_x_24,pose_landmark_x_25,pose_landmark_x_26,pose_landmark_x_27,pose_landmark_x_28,pose_landmark_x_29,pose_landmark_x_30,pose_landmark_x_31,pose_landmark_x_32,pose_landmark_y_0,pose_landmark_y_1,pose_landmark_y_2,pose_landmark_y_3,pose_landmark_y_4,pose_landmark_y_5,pose_landmark_y_6,pose_landmark_y_7,pose_landmark_y_8,pose_landmark_y_9,pose_landmark_y_10,pose_landmark_y_11,pose_landmark_y_12,pose_landmark_y_13,pose_landmark_y_14,pose_landmark_y_15,pose_landmark_y_16,pose_landmark_y_17,pose_landmark_y_18,pose_landmark_y_19,pose_landmark_y_20,pose_landmark_y_21,pose_landmark_y_22,pose_landmark_y_23,pose_landmark_y_24,pose_landmark_y_25,pose_landmark_y_26,pose_landmark_y_27,pose_landmark_y_28,pose_landmark_y_29,pose_landmark_y_30,pose_landmark_y_31,pose_landmark_y_32
0.3959867159525553,0.4089075088500976,0.4201054890950521,0.4226896603902181,0.4252737998962402,0.4080461184183756,0.4132144292195638,0.4183827400207519,0.4226896603902181,0.3994322776794433,0.4063233375549316,0.4132144292195638,0.4183827400207519,0.3934025764465332,0.4002936363220215,0.4071847279866536,0.4123530387878418,0.3908184051513672,0.3951253573099772,0.4002936363220215,0.4054619471232096,0.820363927770544,0.8372087831850406,0.8571163601345486,0.8846806844075521,0.9076509263780382,0.8938687359845197,0.9199016994900172,0.936746554904514,0.9505287452980324,0.8969314575195313,0.9244957817925348,0.9398092764395256,0.953591466833044,0.8969314575195313,0.9214330602575233,0.93215252911603,0.942871997974537,0.8954000967520255,0.912244952166522,0.9199016994900172,0.9260271425600404,0.611332893371582,0.6001349131266276,0.5897982915242513,0.5880755106608073,0.5854913711547851,0.60616455078125,0.6009962717692058,0.5949665705362955,0.5880755106608073,0.6147784550984701,0.607887331644694,0.5992734909057618,0.5915210088094075,0.6182239532470704,0.611332893371582,0.6035804112752279,0.5966893513997396,0.6190853754679362,0.613055674235026,0.607887331644694,0.6018576304117839,0.8111758196795428,0.8326147573965567,0.8540536385995371,0.8831493236400463,0.9076509263780382,0.8862119886610244,0.9153076737015337,0.9306211683485244,0.942871997974537,0.8877433494285301,0.9199016994900172,0.93215252911603,0.9398092764395256,0.8877433494285301,0.9137763129340276,0.9244957817925348,0.9306211683485244,0.8846806844075521,0.9030568440755208,0.9137763129340276,0.9183703952365452,0.5027492642402649,0.5115167498588562,0.5181835293769836,0.5235934257507324,0.4916636049747467,0.48567286133766174,0.47825708985328674,0.5314957499504089,0.4668542444705963,0.5153538584709167,0.4886252284049988,0.5872100591659546,0.4232308268547058,0.608184814453125,0.40125972032546997,0.6115208864212036,0.399362713098526,0.6151986718177795,0.3946571946144104,0.6022772192955017,0.41124868392944336,0.5963963270187378,0.4172099828720093,0.5556151270866394,0.4567658603191376,0.562735915184021,0.46185511350631714,0.5533320903778076,0.45840322971343994,0.554377019405365,0.4596564471721649,0.5321290493011475,0.46599528193473816,0.19504034519195557,0.1683748960494995,0.16971975564956665,0.17206627130508423,0.1686421036720276,0.1700945496559143,0.17268133163452148,0.19201940298080444,0.19344806671142578,0.2299555540084839,0.22970473766326904,0.3761679530143738,0.385111004114151,0.6077187061309814,0.6184214949607849,0.8108071684837341,0.8123798966407776,0.8787602782249451,0.8787732124328613,0.8777431845664978,0.8716622591018677,0.8564099073410034,0.8492245674133301,0.8234862685203552,0.8272062540054321,1.1335457563400269,1.108224868774414,1.3934094905853271,1.3951586484909058,1.4257500171661377,1.4366978406906128,1.4955189228057861,1.4910305738449097
0.3960366249084472,0.4089568138122558,0.4201543172200521,0.4227383295694987,0.4253223737080892,0.4080954551696777,0.4132635434468587,0.4184315999348958,0.4227383295694987,0.399481995900472,0.4063727696736653,0.4132635434468587,0.4184315999348958,0.3934525807698568,0.4003433545430501,0.4072341283162435,0.4124021848042806,0.3908685366312662,0.3951752662658691,0.4003433545430501,0.4055114428202311,0.8203572591145833,0.8372013798466436,0.8571080525716146,0.8846710770218461,0.907640301739728,0.8938587895146123,0.9198905662254052,0.9367346869574652,0.950516199182581,0.8969213415075231,0.9244844224717882,0.939797238950376,0.9535788076895254,0.8969213415075231,0.9214218704788774,0.9321408307110822,0.9413284866898148,0.895390037254051,0.9122341579861112,0.9198905662254052,0.9260156702112268,0.6113730748494466,0.6001755396525065,0.5898394266764323,0.588116709391276,0.5855326970418294,0.6062049865722656,0.6010368982950847,0.5950075149536133,0.588116709391276,0.6148184458414714,0.6079277038574219,0.5993142445882161,0.5915620803833008,0.6182638168334961,0.6113730748494466,0.603620974222819,0.5967301686604818,0.6191251754760743,0.6130957285563151,0.6079277038574219,0.6018982569376627,0.8111696031358507,0.8326075236002605,0.8540454440646701,0.8831398292824074,0.907640301739728,0.8862023812753183,0.915296709979022,0.93060952645761,0.9428597909432872,0.8877336855287905,0.9198905662254052,0.9321408307110822,0.939797238950376,0.8862023812753183,0.9137654622395832,0.9244844224717882,0.93060952645761,0.8846710770218461,0.9030464454933448,0.9137654622395832,0.9183592619719328,0.5025584101676941,0.5116932988166809,0.5184744596481323,0.5237022638320923,0.49169841408729553,0.4857276380062103,0.4784150719642639,0.5319423675537109,0.4682933986186981,0.5152697563171387,0.48864680528640747,0.5872313380241394,0.42325708270072937,0.6081693172454834,0.4012611508369446,0.6114157438278198,0.3994852602481842,0.6148989200592041,0.3953075408935547,0.6022193431854248,0.4111182391643524,0.59638911485672,0.41730374097824097,0.5555980205535889,0.4562767446041107,0.562212347984314,0.4574422538280487,0.5497444272041321,0.4488600790500641,0.5498104691505432,0.4487740099430084,0.5285304188728333,0.45861002802848816,0.19488729536533356,0.1684647649526596,0.17034834623336792,0.1728067398071289,0.16854102909564972,0.16990195214748383,0.17231385409832,0.19332033395767212,0.1927495002746582,0.22955968976020813,0.22839811444282532,0.3766374886035919,0.3851139545440674,0.6074562072753906,0.6167334318161011,0.8101702332496643,0.8125391006469727,0.8779330849647522,0.8789673447608948,0.8773888349533081,0.872893750667572,0.8562195897102356,0.8511399030685425,0.8468298316001892,0.8460326790809631,1.1718180179595947,1.1210448741912842,1.4495466947555542,1.4341868162155151,1.4817390441894531,1.4782510995864868,1.5583786964416504,1.537437915802002
0.3960198720296224,0.4089402834574381,0.4201379776000976,0.422722053527832,0.4253061294555664,0.40807892481486,0.4132470766703288,0.4184152603149414,0.422722053527832,0.3994653065999349,0.4063562075297037,0.4132470766703288,0.4184152603149414,0.3934357643127441,0.400326665242513,0.4072175661722819,0.4123857180277506,0.3908516883850098,0.3960198720296224,0.400326665242513,0.4054948170979818,0.8203206945348669,0.8371650978370949,0.8570721096462673,0.8846356427228009,0.907605263038918,0.8938234682436342,0.9198557535807292,0.9367001003689236,0.9504819516782408,0.8968861332646123,0.9244496663411458,0.9397627653899016,0.9535445601851852,0.8968861332646123,0.9213870578342014,0.9321061876085068,0.9412940696433738,0.8953547724971065,0.9121991757993344,0.9198557535807292,0.925980970594618,0.6104987462361654,0.6001623789469401,0.5898260752360026,0.5881033579508463,0.585519282023112,0.6061919530232748,0.601023801167806,0.5949942270914713,0.5881033579508463,0.614805539449056,0.6079146703084309,0.5993010203043619,0.5915487925211589,0.6182509740193685,0.6113601048787435,0.6036078770955403,0.5967169443766276,0.6191123326619467,0.6130828221638998,0.6079146703084309,0.6018851598103842,0.8111328125,0.8325711850766783,0.854009501139323,0.8831043384693287,0.907605263038918,0.8861669469762732,0.9152617843062788,0.9321061876085068,0.942825373896846,0.8876982512297453,0.9198557535807292,0.9321061876085068,0.9397627653899016,0.8876982512297453,0.9137304800528068,0.9244496663411458,0.9305748833550348,0.8846356427228009,0.9030113502785012,0.9137304800528068,0.918324449327257,0.5024458169937134,0.5119832754135132,0.5187960863113403,0.5238765478134155,0.4917544722557068,0.48576125502586365,0.47852811217308044,0.5323222279548645,0.469093918800354,0.5152724981307983,0.4886755645275116,0.5872588753700256,0.42332762479782104,0.6081495881080627,0.4012630581855774,0.6113942265510559,0.399892121553421,0.6147498488426208,0.39593076705932617,0.6020790338516235,0.41112032532691956,0.5963550209999084,0.4180026352405548,0.5556358098983765,0.4561222493648529,0.5621451139450073,0.4559233784675598,0.5489851236343384,0.4470578730106354,0.5486587882041931,0.44659528136253357,0.5283076167106628,0.4582727551460266,0.19485735893249512,0.16875481605529785,0.1710658222436905,0.17359459400177002,0.16853836178779602,0.16989818215370178,0.17230483889579773,0.19407770037651062,0.19273099303245544,0.2294345647096634,0.22778752446174622,0.377025842666626,0.3851156532764435,0.6070693135261536,0.6158343553543091,0.8094785213470459,0.8125631809234619,0.8777613043785095,0.879227876663208,0.8770541548728943,0.8741081953048706,0.8558443188667297,0.8528979420661926,0.859295666217804,0.8576136827468872,1.1857686042785645,1.1296265125274658,1.4716582298278809,1.4508581161499023,1.5048617124557495,1.495551586151123,1.5806623697280884,1.5556612014770508
0.3957115173339843,0.4086084365844726,0.4197857538859049,0.4223651568094889,0.425804328918457,0.4077486356099447,0.4137672106424967,0.4180661837259928,0.4223651568094889,0.3991506894429524,0.4060290336608886,0.4129074096679687,0.4180661837259928,0.3931321144104004,0.4000104904174805,0.4068888346354166,0.4120476086934407,0.3896929423014323,0.3957115173339843,0.4000104904174805,0.4060290336608886,0.818362483271846,0.836704734519676,0.8565755773473669,0.8856175175419561,0.9085453739872684,0.8947886714228878,0.9207735414858218,0.93605877911603,0.9513440167462384,0.8978456850405092,0.9253591466833044,0.9406443843135128,0.9544010868778936,0.8963172064887153,0.9223020765516492,0.931473230432581,0.9421729193793402,0.8932601363570601,0.9116024441189235,0.9192450629340276,0.9253591466833044,0.610660171508789,0.5994828542073568,0.5900250752766927,0.5883054733276367,0.5857261021931967,0.605501365661621,0.601202392578125,0.5943240483601888,0.5883054733276367,0.6140993118286133,0.608080800374349,0.5994828542073568,0.5917446772257487,0.6183982849121094,0.6115199406941731,0.602921994527181,0.5960436503092448,0.6192581176757812,0.6132395426432292,0.6072209676106771,0.601202392578125,0.8107198644567419,0.8321191858362269,0.8550470422815394,0.8840889824761284,0.9085453739872684,0.8856175175419561,0.9161879928023728,0.931473230432581,0.9437013979311344,0.8886745876736111,0.9192450629340276,0.931473230432581,0.9391158492476852,0.8871460526077836,0.9146594577365452,0.9238306116174768,0.9299446953667536,0.8856175175419561,0.9039598253038196,0.9131309226707176,0.9177165278682002,0.5022514462471008,0.5121563076972961,0.5189955234527588,0.5239452719688416,0.49177420139312744,0.4857729375362396,0.4786071181297302,0.5326288342475891,0.4697246253490448,0.5152217745780945,0.4886915981769562,0.5871983170509338,0.4233626127243042,0.6081453561782837,0.40126094222068787,0.6113991141319275,0.39998042583465576,0.6147709488868713,0.39637449383735657,0.6020320653915405,0.4111228585243225,0.5963501334190369,0.41831156611442566,0.5557067394256592,0.45599988102912903,0.5628613829612732,0.4533582031726837,0.5488768815994263,0.44465261697769165,0.5485097169876099,0.4443323314189911,0.5275781750679016,0.45567700266838074,0.1948639154434204,0.1691310703754425,0.17171306908130646,0.17426800727844238,0.16860738396644592,0.1699880063533783,0.17236027121543884,0.19484807550907135,0.1927480697631836,0.22943760454654694,0.22755634784698486,0.37740302085876465,0.38513779640197754,0.6067813038825989,0.6156874895095825,0.8080587387084961,0.81301349401474,0.8764665126800537,0.8799051642417908,0.8758067488670349,0.8747884035110474,0.854623019695282,0.853684663772583,0.8625428676605225,0.8621268272399902,1.1957725286483765,1.1438719034194946,1.4822063446044922,1.4679765701293945,1.513985514640808,1.5118833780288696,1.5916948318481445,1.5739258527755737
0.3957627614339192,0.4077923456827799,0.4198219617207845,0.4223997433980306,0.4258367538452148,0.4077923456827799,0.4138071695963541,0.4181034406026204,0.4223997433980306,0.3991997718811035,0.4060738245646159,0.4129479090372721,0.4181034406026204,0.3940442403157552,0.4000590324401855,0.4077923456827799,0.4129479090372721,0.390607198079427,0.3949035008748372,0.4000590324401855,0.4052145957946777,0.8182850590458622,0.836615894458912,0.8564743041992188,0.8854981033890336,0.9084116052698206,0.8946634928385416,0.9221597177010996,0.9374354044596356,0.9511835168909144,0.8977186414930556,0.9252148663556136,0.9404905531141492,0.9557662398726852,0.8977186414930556,0.9221597177010996,0.9328527379918982,0.9435457017686631,0.8946634928385416,0.9114667539243344,0.920632199887876,0.9267424406828704,0.6105770746866862,0.5994067509969075,0.589954948425293,0.5882364273071289,0.5856586456298828,0.6054215749104818,0.6002660115559896,0.5942511876424154,0.5882364273071289,0.6140141169230143,0.6071400960286458,0.5985474904378255,0.590814208984375,0.6174511591593425,0.6105770746866862,0.6028437932332357,0.5959697087605794,0.6183104197184245,0.6131548563639323,0.6071400960286458,0.6011252721150716,0.812174818250868,0.8320331714771412,0.8549467298719619,0.8854981033890336,0.9084116052698206,0.8870256777162905,0.9160494769061052,0.9313251636646412,0.9435457017686631,0.8885532520435474,0.9191046255606192,0.9313251636646412,0.9404905531141492,0.8885532520435474,0.9145219025788484,0.9252148663556136,0.9313251636646412,0.8854981033890336,0.9053565131293404,0.9145219025788484,0.9191046255606192,0.5017073154449463,0.5121442079544067,0.5190221667289734,0.5239269733428955,0.4917537569999695,0.4857547879219055,0.4786090552806854,0.5326845645904541,0.47001349925994873,0.5149638056755066,0.48869094252586365,0.5871694087982178,0.4234698414802551,0.6081576943397522,0.4012630879878998,0.611394464969635,0.40007656812667847,0.6147710084915161,0.39654484391212463,0.6020223498344421,0.41112345457077026,0.5963532328605652,0.41855689883232117,0.5556994080543518,0.4556736648082733,0.5616715550422668,0.4494565427303314,0.5467485785484314,0.4399842619895935,0.5466426610946655,0.4396708309650421,0.5243927240371704,0.4514641761779785,0.19485913217067719,0.16925878822803497,0.17193017899990082,0.1744713932275772,0.1687406599521637,0.1702386736869812,0.17257727682590485,0.19516338407993317,0.1928745061159134,0.22940675914287567,0.2272411286830902,0.3780433237552643,0.38512322306632996,0.6067532300949097,0.6155919432640076,0.8073581457138062,0.8133425116539001,0.8751345276832581,0.880251407623291,0.8746337890625,0.8751640915870667,0.8537523746490479,0.8540109395980835,0.8621459007263184,0.8618853092193604,1.1953524351119995,1.143161416053772,1.481368899345398,1.466987133026123,1.5124056339263916,1.509927749633789,1.5919981002807617,1.5747640132904053
0.3957399686177572,0.4077695210774739,0.4197990735371907,0.4223768552144368,0.4258138656616211,0.4077695210774739,0.4137843132019043,0.4180805842081705,0.4215175946553548,0.3991769790649414,0.4069102605183919,0.4129250526428222,0.4180805842081705,0.3940214474995931,0.4008955001831055,0.4077695210774739,0.4129250526428222,0.3905844370524088,0.3957399686177572,0.4008955001831055,0.4060509999593099,0.8182959662543403,0.8366267451533564,0.858012616192853,0.8870363588686343,0.9099498042353876,0.8962017483181424,0.9221702858253762,0.9374459160698784,0.9511940285011574,0.8992568404586226,0.926753008807147,0.9405010647243924,0.9557767514829284,0.8977292661313657,0.9221702858253762,0.9328632496021412,0.9435562133789064,0.8946741739908854,0.913004896375868,0.9206427114981192,0.928280583134404,0.6096942901611329,0.5993832270304362,0.5899314880371094,0.5882129669189453,0.5856351852416992,0.6053980509440104,0.6002424875895183,0.5942277272542318,0.5882129669189453,0.613131332397461,0.6071165720621745,0.5985240300496419,0.5907906850179037,0.6174275716145833,0.6105535507202149,0.6019610087076823,0.5950869878133138,0.6182868321736653,0.613131332397461,0.6071165720621745,0.6002424875895183,0.8106581511320892,0.8320440786856192,0.8564850983796296,0.8855087845413773,0.9084222299081308,0.8870363588686343,0.916060045030382,0.9313356752748844,0.9435562133789064,0.8900914510091146,0.9206427114981192,0.9328632496021412,0.9405010647243924,0.8900914510091146,0.916060045030382,0.92522543447989,0.9313356752748844,0.8870363588686343,0.9053670812536168,0.914532470703125,0.9206427114981192,0.5012890696525574,0.5121452212333679,0.5190765857696533,0.5239272713661194,0.4917454123497009,0.4857458174228668,0.478615403175354,0.5327328443527222,0.47024065256118774,0.5146006345748901,0.48867228627204895,0.5871614217758179,0.423679381608963,0.6081483960151672,0.4012778699398041,0.6113651394844055,0.40008097887039185,0.6147083640098572,0.3966309428215027,0.6019878387451172,0.4111177325248718,0.596354603767395,0.41861751675605774,0.5555486083030701,0.4548717737197876,0.5609744191169739,0.4493296444416046,0.5464807152748108,0.4407458007335663,0.5466119050979614,0.44070231914520264,0.5236990451812744,0.4520607590675354,0.1948668658733368,0.169463112950325,0.17225658893585205,0.174809068441391,0.16877920925617218,0.1702851504087448,0.17259179055690765,0.1954902708530426,0.19286519289016724,0.22940002381801605,0.22697016596794128,0.37837743759155273,0.38499027490615845,0.6063663363456726,0.6144557595252991,0.806574285030365,0.8133584260940552,0.8737632632255554,0.8804698586463928,0.8738999962806702,0.875231146812439,0.8532245755195618,0.8539937138557434,0.8614115118980408,0.8607320189476013,1.1909643411636353,1.141412377357483,1.4816787242889404,1.4671225547790527,1.5137869119644165,1.5104892253875732,1.5936439037322998,1.576009750366211
0.3957306861877441,0.4077607790629069,0.4197908719380697,0.4223687489827474,0.4258059501647949,0.4077607790629069,0.4137758255004883,0.4180722872416178,0.4215094566345215,0.3991678555806477,0.406901486714681,0.4129165331522623,0.4180722872416178,0.3940121014912923,0.4008864402770996,0.4077607790629069,0.4129165331522623,0.3905749320983886,0.3957306861877441,0.4008864402770996,0.406042194366455,0.8182221024124711,0.8365536725079572,0.8579405608000579,0.8869655467845775,0.9098800659179688,0.8961313318323206,0.9221011126482928,0.937377421061198,0.9511260986328124,0.8991865935149016,0.9266840051721644,0.9419603135850696,0.9557090476707176,0.8991865935149016,0.9221011126482928,0.9327945285373264,0.94348794442636,0.8961313318323206,0.9129353276005496,0.9221011126482928,0.9282116360134548,0.6096946716308593,0.5993831634521485,0.5899309158325196,0.5882123311360677,0.5856344858805339,0.6053982416788737,0.6002424240112305,0.594227409362793,0.5882123311360677,0.6131318410237631,0.6062575022379557,0.5985238393147786,0.5907902399698893,0.6165690104166667,0.6105539957682292,0.6019610087076823,0.595086669921875,0.6182875951131185,0.612272580464681,0.6062575022379557,0.6002424240112305,0.812111579047309,0.8319707799840856,0.8564129299587674,0.885437915943287,0.9083523785626448,0.8869655467845775,0.9159905892831308,0.931266897696036,0.94348794442636,0.8900208084671586,0.9205734818070024,0.9327945285373264,0.9404326827437788,0.8900208084671586,0.9159905892831308,0.9251563743308738,0.931266897696036,0.8869655467845775,0.906824747721354,0.9144629584418402,0.9205734818070024,0.5009839534759521,0.5121418237686157,0.5191035866737366,0.5239158272743225,0.49173787236213684,0.4857217073440552,0.4786175787448883,0.5326917767524719,0.4703405499458313,0.5142552852630615,0.4886525869369507,0.5871115922927856,0.42377007007598877,0.6081339716911316,0.40124282240867615,0.6112883687019348,0.40002158284187317,0.6146013736724854,0.3966718316078186,0.601955235004425,0.41111379861831665,0.5963541269302368,0.41862431168556213,0.5553349256515503,0.45442554354667664,0.5612224340438843,0.44982990622520447,0.546551525592804,0.4416338801383972,0.5467293858528137,0.44143614172935486,0.5244988799095154,0.4529202878475189,0.1949557662010193,0.1700427085161209,0.17283736169338226,0.17528055608272552,0.16899213194847107,0.17047224938869476,0.17267510294914246,0.19575920701026917,0.19286517798900604,0.2293914556503296,0.22677046060562134,0.37862899899482727,0.38491201400756836,0.6062130928039551,0.6141771078109741,0.8062884211540222,0.8137425780296326,0.8733002543449402,0.881162703037262,0.8738484978675842,0.8753843307495117,0.8532125949859619,0.8539987206459045,0.8605167269706726,0.8603981733322144,1.1934243440628052,1.1418635845184326,1.4870156049728394,1.468291163444519,1.5197808742523193,1.511509895324707,1.5984420776367188,1.5772148370742798
0.3957444190979003,0.4077743212381998,0.4198042233784994,0.4223820686340332,0.4258191744486491,0.4077743212381998,0.4137892723083496,0.4180856704711914,0.4223820686340332,0.3991815249125163,0.4069150288899739,0.4129299799601237,0.4180856704711914,0.3940258344014485,0.4009000778198242,0.4077743212381998,0.4129299799601237,0.3905887285868327,0.3957444190979003,0.4009000778198242,0.4060557683308919,0.8166470562970197,0.8365059746636285,0.8578924673574942,0.8869170012297454,0.9098311247649016,0.8960826732494213,0.922052001953125,0.9373280843098958,0.9510765923394098,0.8991378784179688,0.926634837962963,0.9419108638057002,0.9556593153211804,0.8991378784179688,0.922052001953125,0.932745248300058,0.9434384946469908,0.8960826732494213,0.9128863299334492,0.922052001953125,0.92816241229022,0.6097049713134766,0.5993935902913411,0.5899415334065755,0.5882229487101237,0.5856451034545899,0.6045492808024089,0.6002528508504231,0.5942378997802734,0.5882229487101237,0.6131420771280924,0.6071271260579427,0.5985343297322591,0.5908007939656575,0.6165791829427083,0.6105642318725586,0.601971435546875,0.5950972239176432,0.6182977676391601,0.6131420771280924,0.6071271260579427,0.6002528508504231,0.8120642202871817,0.8319231386537905,0.8563648930302372,0.8853894269024885,0.9083035504376448,0.8869170012297454,0.9159415351019964,0.9312176174587674,0.9434384946469908,0.8899722063982928,0.9205243711118344,0.932745248300058,0.9403832894784432,0.8884446320710359,0.9144139607747396,0.9251072071216724,0.9312176174587674,0.8869170012297454,0.9052482887550636,0.9144139607747396,0.9205243711118344,0.5008705258369446,0.5121657252311707,0.519163966178894,0.5239155888557434,0.49174270033836365,0.4857192933559418,0.4786432981491089,0.5326783061027527,0.47043660283088684,0.5140891671180725,0.4886516034603119,0.5870645046234131,0.4238188564777374,0.6081263422966003,0.4012099504470825,0.6112335920333862,0.40000972151756287,0.6145368814468384,0.39695116877555847,0.6018296480178833,0.4111246168613434,0.5963078141212463,0.41862407326698303,0.5552175045013428,0.4543565809726715,0.5611810088157654,0.4499300718307495,0.546630322933197,0.44169172644615173,0.5469443798065186,0.4414063096046448,0.5246664881706238,0.45339664816856384,0.19541501998901367,0.17102932929992676,0.17355811595916748,0.1757293939590454,0.16974136233329773,0.17116588354110718,0.17309978604316711,0.19576632976531982,0.19289734959602356,0.22940358519554138,0.22675810754299164,0.37871721386909485,0.3847914934158325,0.6059818267822266,0.6135956645011902,0.8062369227409363,0.8139937520027161,0.8731923699378967,0.8814204931259155,0.8738059997558594,0.8754305839538574,0.8532066345214844,0.8539880514144897,0.8594834208488464,0.8596011996269226,1.1944105625152588,1.1420304775238037,1.489470362663269,1.4669008255004883,1.5217692852020264,1.509899616241455,1.601981520652771,1.575398564338684
0.3957699775695801,0.407801882425944,0.4198337872823079,0.4224120457967122,0.4258497238159179,0.407801882425944,0.413817818959554,0.418114948272705,0.4224120457967122,0.3992076873779296,0.4069424629211425,0.4129583994547526,0.418114948272705,0.3940511385599772,0.4009265263875325,0.407801882425944,0.4129583994547526,0.3906134605407715,0.3957699775695801,0.4009265263875325,0.4060830434163411,0.8182616057219328,0.8365959450050636,0.8579859415690104,0.8870152791341146,0.9099331891095196,0.8961824770326967,0.9221560442889178,0.937434669777199,0.9511854383680556,0.8992381908275463,0.9267396714952256,0.9420182404694734,0.9557689525462963,0.8992381908275463,0.9221560442889178,0.9343789559823495,0.945073954264323,0.8961824770326967,0.9129889029043692,0.9221560442889178,0.9297953852900752,0.6097658793131511,0.5994527816772461,0.5899991989135742,0.5882803599039713,0.5848426183064779,0.6046092987060547,0.6003122329711914,0.5942962646484375,0.5882803599039713,0.6132035573323568,0.6071875890096029,0.5985933939615885,0.5908585866292317,0.6166412353515625,0.6106252670288086,0.6020310719807943,0.5951557159423828,0.6183600743611654,0.6123441060384115,0.6063282012939453,0.6003122329711914,0.8121501781322338,0.8320123177987558,0.8564580846715857,0.8854874222366899,0.908405332212095,0.8870152791341146,0.9160446166992188,0.9313232421875,0.943546097366898,0.8900709929289641,0.9191003304940684,0.9313232421875,0.9404903835720486,0.8885431360315393,0.914516759801794,0.9252118145978008,0.9313232421875,0.8870152791341146,0.9053496184172454,0.914516759801794,0.9206281873914932,0.5008473992347717,0.5122082233428955,0.5192347764968872,0.5239217877388,0.4917488396167755,0.48571687936782837,0.47865739464759827,0.5326560139656067,0.47047004103660583,0.5140637159347534,0.48865944147109985,0.5870139002799988,0.4239255487918854,0.6081260442733765,0.4011452794075012,0.6111409068107605,0.4000004231929779,0.6144961714744568,0.397049218416214,0.601679265499115,0.4111242890357971,0.59622722864151,0.4186336100101471,0.5552129745483398,0.4543413817882538,0.5607565641403198,0.44958779215812683,0.5477703213691711,0.44136640429496765,0.5490080118179321,0.4411677420139313,0.5248348116874695,0.4533454179763794,0.1959541141986847,0.17221491038799286,0.1743982434272766,0.1762942224740982,0.17087922990322113,0.17222505807876587,0.1738414466381073,0.19580048322677612,0.19305621087551117,0.22944526374340057,0.2267627716064453,0.3788020610809326,0.38478508591651917,0.6059742569923401,0.61320960521698,0.8063310980796814,0.8144035935401917,0.8732354640960693,0.8817974328994751,0.8738227486610413,0.8756297826766968,0.8532726168632507,0.854103684425354,0.8587868213653564,0.859425961971283,1.1955807209014893,1.14521062374115,1.4902160167694092,1.4745728969573975,1.5220309495925903,1.517326831817627,1.6039049625396729,1.586538314819336
0.3958210945129394,0.4078484853108724,0.4198758443196614,0.4224531491597493,0.4258895556131998,0.4078484853108724,0.4138621648152669,0.41815767288208,0.4224531491597493,0.3992575009663899,0.4069893836975097,0.4130030632019043,0.41815767288208,0.394102923075358,0.4009757041931152,0.4078484853108724,0.4130030632019043,0.3906665166219075,0.3958210945129394,0.4009757041931152,0.4061302820841471,0.8167542069046586,0.8366089432327836,0.8579909713179977,0.8870094016746238,0.9099186650028936,0.8946458039460359,0.9221369425455728,0.9374098036024304,0.9511553729021992,0.8992276792173033,0.9267188178168404,0.941991678873698,0.9557371916594328,0.8977003874602141,0.9221369425455728,0.9343552200882524,0.945046262387876,0.8946458039460359,0.9129732485170716,0.9221369425455728,0.9297734013310184,0.6097365697224935,0.5994274139404296,0.5899773279825846,0.5882591247558594,0.5856818517049154,0.6045820236206054,0.6002864837646484,0.5942728042602539,0.5882591247558594,0.613172976175944,0.6071592966715494,0.5985682805379232,0.5908363978068034,0.6166093826293946,0.610595703125,0.6020046869913737,0.5951319376627604,0.6183275858561198,0.6123139063517252,0.606300163269043,0.6002864837646484,0.8121723881474248,0.8320270679615162,0.8564636795609085,0.8854821099175347,0.9083913732458044,0.8870094016746238,0.91602783203125,0.931300636574074,0.943518970630787,0.8900639286747685,0.9190823590313948,0.9328279283311632,0.9404643871166088,0.8900639286747685,0.9145005402741608,0.9251915260597512,0.931300636574074,0.8870094016746238,0.905336789731626,0.91602783203125,0.9206096507884838,0.5008082985877991,0.5122243762016296,0.5192718505859375,0.5239211916923523,0.49175021052360535,0.4857116639614105,0.47866010665893555,0.5326154232025146,0.4704715311527252,0.5140367150306702,0.4886665642261505,0.5869705080986023,0.4239950478076935,0.6081249117851257,0.4010908007621765,0.611070990562439,0.4000033438205719,0.6144046187400818,0.39707261323928833,0.6015288233757019,0.41112273931503296,0.5961595177650452,0.41864559054374695,0.5550915002822876,0.4542487561702728,0.5602579116821289,0.44920113682746887,0.5476150512695312,0.44052374362945557,0.5488837957382202,0.44027307629585266,0.5243633389472961,0.4525568187236786,0.19613972306251526,0.17278054356575012,0.1747828722000122,0.17654477059841156,0.17156574130058289,0.17291958630084991,0.17435802519321442,0.19583776593208313,0.19325634837150574,0.22946463525295258,0.22676022350788116,0.3789702355861664,0.3847827911376953,0.605884850025177,0.6129453182220459,0.8063566088676453,0.8144210577011108,0.8732429146766663,0.8818496465682983,0.8738215565681458,0.8756316900253296,0.8532866835594177,0.8540727496147156,0.8586485981941223,0.8592725396156311,1.196311593055725,1.145690679550171,1.4902600049972534,1.4750361442565918,1.5225040912628174,1.5183990001678467,1.6017684936523438,1.5845495462417603
0.3958515803019206,0.4078757921854655,0.4198999722798665,0.4224766095479329,0.4259120941162109,0.4078757921854655,0.413887882232666,0.4181822458902994,0.4216177304585775,0.3992870648701985,0.40701691309611,0.4130290031433105,0.4181822458902994,0.3941338539123535,0.4010048230489095,0.4078757921854655,0.4130290031433105,0.3906983693440755,0.3958515803019206,0.4010048230489095,0.4061580340067545,0.8167646620008681,0.8366141425238716,0.8579904626916957,0.8870012071397569,0.9099044799804688,0.8946356314199942,0.922119536223235,0.937388328269676,0.9511302806712963,0.8992163198965567,0.9267001681857638,0.9419690167462385,0.9557109691478588,0.8976894237377026,0.922119536223235,0.9343345924660011,0.9450227525499132,0.8946356314199942,0.9129582157841436,0.922119536223235,0.9297539605034724,0.6097105662027995,0.5994040807088216,0.589956537882487,0.588238779703776,0.5856621424357097,0.6054161707560222,0.6002629597981771,0.5942508697509765,0.588238779703776,0.6131460189819335,0.6071339289347331,0.5985452016194661,0.5908153533935547,0.6165815353393554,0.610569445292155,0.601980717976888,0.5951097488403321,0.6182992299397786,0.6131460189819335,0.6071339289347331,0.6002629597981771,0.8121839735243056,0.832033454047309,0.8564635665328414,0.8854743674949364,0.9083775838216146,0.8870012071397569,0.916012008101852,0.9312808001482928,0.943495856391059,0.8900549994574652,0.9190657439055266,0.932807696307147,0.9404421205873844,0.8900549994574652,0.9144851119429976,0.9251732720269096,0.9312808001482928,0.8870012071397569,0.90532384801794,0.9144851119429976,0.9205926400643808,0.5007909536361694,0.5122847557067871,0.5193394422531128,0.5239329934120178,0.4917656183242798,0.4857144057750702,0.4787009358406067,0.5326186418533325,0.4705076813697815,0.5140334367752075,0.4886760711669922,0.5869529247283936,0.42407500743865967,0.6081289052963257,0.4009844958782196,0.61101895570755,0.4000030755996704,0.6143559217453003,0.3971163332462311,0.6014028191566467,0.41112348437309265,0.5960668325424194,0.41866835951805115,0.5550459623336792,0.45419687032699585,0.5601592659950256,0.4493521749973297,0.5476589202880859,0.4407038688659668,0.5489113926887512,0.4404814839363098,0.5244130492210388,0.45352351665496826,0.19649285078048706,0.1736254096031189,0.17542140185832977,0.17699675261974335,0.17240850627422333,0.17369377613067627,0.17489883303642273,0.19604873657226562,0.19344140589237213,0.22963881492614746,0.22678685188293457,0.3790314495563507,0.3847419023513794,0.6057088375091553,0.6128759384155273,0.8062746524810791,0.8145497441291809,0.8731145262718201,0.8819759488105774,0.8737031817436218,0.8756910562515259,0.8532130122184753,0.8540847897529602,0.8590754866600037,0.859836220741272,1.1952415704727173,1.1451975107192993,1.4905729293823242,1.4745301008224487,1.5232220888137817,1.5175812244415283,1.6015515327453613,1.5845537185668945
0.3958391825358073,0.4078635215759277,0.419887892405192,0.4224645296732585,0.4259000460306803,0.4078635215759277,0.4138757069905599,0.4181701024373372,0.421605650583903,0.3992746988932291,0.4070046424865722,0.4130168279012044,0.4181701024373372,0.3941214243570963,0.4009924888610839,0.4078635215759277,0.4130168279012044,0.3906858762105306,0.3958391825358073,0.4009924888610839,0.4061457633972168,0.8183435510706019,0.8366663614908855,0.8580429642288773,0.8870541042751736,0.9099576031720196,0.8946885850694445,0.9221728289568866,0.9374418470594618,0.9511839690031828,0.8992693300600405,0.9252266212745948,0.9404956393771702,0.9557646574797454,0.8977424339011864,0.9221728289568866,0.9328611585828992,0.9450763843677662,0.8946885850694445,0.9130114520037615,0.9221728289568866,0.929807366265191,0.6097008387247721,0.5993942260742188,0.5899465560913086,0.5882287343343099,0.5856520970662434,0.605406379699707,0.6002531051635742,0.594240951538086,0.5882287343343099,0.613136355082194,0.6071242014567058,0.5985353469848633,0.5908054351806641,0.6165718714396159,0.6105597178141277,0.6019708633422851,0.5950998306274414,0.6182896296183268,0.613136355082194,0.6071242014567058,0.6002531051635742,0.8122359099211516,0.8320856730143229,0.8565160680700231,0.8855272081163195,0.9084307070131656,0.8870541042751736,0.91606524432147,0.9313342624240452,0.943549488208912,0.8901078965928819,0.9191190366391784,0.9313342624240452,0.9404956393771702,0.8885810004340278,0.9145383481626156,0.9252266212745948,0.9313342624240452,0.8870541042751736,0.9053769146954572,0.9145383481626156,0.9206459327980324,0.5007920265197754,0.5123918652534485,0.5194218158721924,0.52396559715271,0.49180424213409424,0.48572781682014465,0.47876691818237305,0.5326405167579651,0.4705497622489929,0.5140526294708252,0.4887204170227051,0.5869107842445374,0.4241340756416321,0.6081457138061523,0.40085336565971375,0.6109998822212219,0.3999961018562317,0.6143505573272705,0.3971153199672699,0.6013563871383667,0.41109007596969604,0.5960397720336914,0.41866806149482727,0.5549581050872803,0.4540962278842926,0.5609263181686401,0.44947195053100586,0.5500545501708984,0.44081753492355347,0.5513342022895813,0.44063881039619446,0.5277436375617981,0.45368054509162903,0.1970367431640625,0.17438992857933044,0.17595849931240082,0.17735524475574493,0.17337560653686523,0.17459338903427124,0.17556394636631012,0.19623202085494995,0.19364845752716064,0.2299395054578781,0.2268880009651184,0.37904271483421326,0.38469788432121277,0.6055102348327637,0.6128054857254028,0.806016743183136,0.814559280872345,0.8728079199790955,0.8819803595542908,0.8735334277153015,0.8756577968597412,0.8530857563018799,0.8539282083511353,0.8587836027145386,0.8595667481422424,1.1955766677856445,1.1454812288284302,1.4907780885696411,1.475386142730713,1.5229806900024414,1.5184845924377441,1.6031904220581055,1.585889220237732
0.3958964347839355,0.4079202969868978,0.4199441274007161,0.4225206693013509,0.4259560267130534,0.4079202969868978,0.4130733489990234,0.418226432800293,0.4216618220011393,0.3993318239847819,0.4070614496866861,0.4130733489990234,0.418226432800293,0.3941787401835123,0.4010495185852051,0.4079202969868978,0.4130733489990234,0.3907433827718099,0.3958964347839355,0.4010495185852051,0.4062026023864746,0.818343664098669,0.8366656833224826,0.858041438349971,0.887051335087529,0.9099538732458043,0.8946854767975984,0.9221685338903356,0.9374369303385416,0.9511784306278936,0.8992659957320602,0.9252222131799768,0.94201739275897,0.9557588930483216,0.8977391560872395,0.9221685338903356,0.9343832510489004,0.9450710720486112,0.8962123164424189,0.9130075525354456,0.9221685338903356,0.9298027321144386,0.6097489674886067,0.5994427998860677,0.5899955113728841,0.5882778167724609,0.5857013066609701,0.6054547627766927,0.6003016789754232,0.5942897796630859,0.5882778167724609,0.6131843566894531,0.6071724573771159,0.598583984375,0.5908543904622395,0.6166197458902994,0.6106078465779622,0.6020193735758463,0.5951485951741536,0.6183374404907227,0.6131843566894531,0.6063135782877604,0.6003016789754232,0.8122363055193865,0.8320852209020544,0.8565145987051505,0.8855244954427083,0.9084270336009838,0.887051335087529,0.9160611753110532,0.9313295717592592,0.9435442324037904,0.8901049578631366,0.9191148546006944,0.9313295717592592,0.9404906096281828,0.8901049578631366,0.9145343921802662,0.9252222131799768,0.9313295717592592,0.887051335087529,0.9053733543113426,0.9145343921802662,0.920641694245515,0.5007877945899963,0.5124741196632385,0.5195005536079407,0.5240070819854736,0.49181947112083435,0.4857311546802521,0.47879284620285034,0.5326921939849854,0.47058212757110596,0.5140625834465027,0.4887353181838989,0.5868690609931946,0.4242389500141144,0.6081584692001343,0.4008297920227051,0.6109787225723267,0.4000038802623749,0.6143454313278198,0.3971289396286011,0.6013256311416626,0.41109657287597656,0.5960139632225037,0.4187171757221222,0.5548940300941467,0.4540623128414154,0.5608656406402588,0.44955670833587646,0.5500608682632446,0.4408770799636841,0.5513293743133545,0.4406181871891022,0.52774977684021,0.45377814769744873,0.19755642116069794,0.17516443133354187,0.17659837007522583,0.17785727977752686,0.17416752874851227,0.17529098689556122,0.17609886825084686,0.1967303603887558,0.1938275694847107,0.23036283254623413,0.22701893746852875,0.379052072763443,0.3846590518951416,0.6053877472877502,0.6127550005912781,0.8057467937469482,0.8145791888237,0.8725350499153137,0.8819900751113892,0.8733166456222534,0.8756600022315979,0.8528458476066589,0.8539149761199951,0.8585608005523682,0.8593648076057434,1.1952967643737793,1.1451114416122437,1.4906986951828003,1.4743162393569946,1.5228826999664307,1.5175817012786865,1.602993369102478,1.5842522382736206
0.3958544095357259,0.4078784942626953,0.4190437316894531,0.4224791844685872,0.4259146372477213,0.4078784942626953,0.4130316734313964,0.4181848526000976,0.4216203053792318,0.39928986231486,0.4061607678731282,0.4130316734313964,0.4181848526000976,0.3941366831461588,0.4010075887044271,0.4078784942626953,0.4130316734313964,0.3907012303670247,0.3958544095357259,0.4010075887044271,0.4061607678731282,0.8169103551793981,0.8352327700014468,0.8581357602719908,0.8871462221498843,0.9100492689344618,0.894780589916088,0.9222642121491608,0.9375328911675348,0.951274730541088,0.8978343257197627,0.9253179479528356,0.9405866269712096,0.9558553059895832,0.8978343257197627,0.9222642121491608,0.93447915536386,0.9451672589337384,0.894780589916088,0.9131030047381364,0.9222642121491608,0.9298985234013312,0.6097113291422526,0.5994049708048502,0.5899574915568034,0.5882397969563802,0.5856631596883138,0.605416997273763,0.6002638498942058,0.5942518234252929,0.5882397969563802,0.6131467819213867,0.607134755452474,0.5985460917154948,0.5908163706461589,0.6165822347005209,0.6105702082316081,0.6019816080729167,0.5951107025146485,0.6182999928792318,0.6131467819213867,0.607134755452474,0.6002638498942058,0.8108028835720487,0.8321789776837384,0.8566088641131365,0.8856193825050637,0.9085224292896412,0.8871462221498843,0.9161567405418112,0.9314254195601852,0.9436403627748844,0.8902000144675926,0.9207373725043404,0.9329523157190394,0.9405866269712096,0.8902000144675926,0.9161567405418112,0.9253179479528356,0.9314254195601852,0.8871462221498843,0.9054686369719328,0.9161567405418112,0.9207373725043404,0.5007590651512146,0.5125126242637634,0.5195494890213013,0.5240326523780823,0.49182161688804626,0.4857303202152252,0.47880643606185913,0.5327303409576416,0.4706130623817444,0.5140664577484131,0.48873937129974365,0.5868323445320129,0.42426931858062744,0.608177900314331,0.4008125960826874,0.6109731793403625,0.40000441670417786,0.614342451095581,0.3971412777900696,0.6012933850288391,0.41109830141067505,0.5959947109222412,0.41874176263809204,0.5548881888389587,0.4540606439113617,0.560840904712677,0.44962698221206665,0.5501173734664917,0.44104689359664917,0.551429033279419,0.4408089518547058,0.5277458429336548,0.4540201723575592,0.1979845017194748,0.17566394805908203,0.1769883930683136,0.17814943194389343,0.1747484654188156,0.1757899671792984,0.17646102607250214,0.1970103681087494,0.19394677877426147,0.2307489961385727,0.22710660099983215,0.37906092405319214,0.3845970630645752,0.6050012111663818,0.6127204895019531,0.8054830431938171,0.8145876526832581,0.8722819685935974,0.8819979429244995,0.8731284141540527,0.8756552934646606,0.8526434302330017,0.853875458240509,0.8583898544311523,0.8592382073402405,1.1953864097595215,1.1448591947555542,1.4914337396621704,1.4737430810928345,1.5234462022781372,1.5168135166168213,1.6039139032363892,1.5837068557739258
0.3958703676859538,0.4078960100809733,0.4190626780192057,0.4224985758463541,0.4259344418843587,0.4078960100809733,0.413049856821696,0.4182037035624186,0.4216396013895671,0.3993062655131022,0.4061780611673991,0.413049856821696,0.4182037035624186,0.3941524187723795,0.4001652399698893,0.4078960100809733,0.413049856821696,0.3907165209452311,0.3958703676859538,0.4010242144266764,0.4070370356241862,0.8168511284722222,0.8367029825846354,0.8580819023980035,0.8870961507161458,0.9100021362304688,0.8947314792209201,0.9206915961371528,0.9359622531467012,0.95123291015625,0.8977856106228299,0.9252727932400172,0.940543450249566,0.9542870415581596,0.8977856106228299,0.9222186618381076,0.9329081217447917,0.9435975816514756,0.8947314792209201,0.9115292019314236,0.9206915961371528,0.9283269246419272,0.6097549438476563,0.5994472503662109,0.5899985631306967,0.5882806142171224,0.5857036590576172,0.6054601033528646,0.6003062566121419,0.5942934036254883,0.5882806142171224,0.6131908416748046,0.6071780522664388,0.5985883076985677,0.5908575057983398,0.6166267395019531,0.6106139500935872,0.6020242055257161,0.5951524098714193,0.6183446884155274,0.6123318990071615,0.6063190460205078,0.6003062566121419,0.8122699313693577,0.8321217854817708,0.8565548366970486,0.8855690850151909,0.908475070529514,0.8870961507161458,0.916110399034288,0.9313810560438368,0.9435975816514756,0.8901502821180556,0.9206915961371528,0.9329081217447917,0.940543450249566,0.8901502821180556,0.916110399034288,0.9252727932400172,0.9329081217447917,0.8870961507161458,0.905420939127604,0.916110399034288,0.9206915961371528,0.5007559657096863,0.5125371217727661,0.5195838809013367,0.5240519642829895,0.4918237626552582,0.48572954535484314,0.4788140058517456,0.532748281955719,0.470628559589386,0.5140841007232666,0.4887544810771942,0.5868032574653625,0.42434197664260864,0.6082199215888977,0.40080738067626953,0.6109544038772583,0.4000049829483032,0.6143338680267334,0.3971436321735382,0.6012266278266907,0.4110974669456482,0.5959457755088806,0.4187568724155426,0.5548557639122009,0.45404160022735596,0.5613434910774231,0.4497714936733246,0.5503820776939392,0.4411570131778717,0.5515633225440979,0.44093382358551025,0.5283213257789612,0.45407095551490784,0.19873975217342377,0.17615821957588196,0.1773494929075241,0.17841079831123352,0.17538990080356598,0.1763429492712021,0.17690227925777435,0.19716429710388184,0.19410362839698792,0.2312457263469696,0.22742342948913574,0.3790549635887146,0.38452693819999695,0.604453980922699,0.6126357913017273,0.8053953647613525,0.8145961761474609,0.8722416758537292,0.8820199370384216,0.8731175065040588,0.8756685256958008,0.8526312708854675,0.8538684248924255,0.8586485385894775,0.8593663573265076,1.1951773166656494,1.1447726488113403,1.4910123348236084,1.4737067222595215,1.523107886314392,1.5165998935699463,1.6036263704299927,1.5846552848815918
0.3958830833435058,0.4079081217447917,0.4190742174784342,0.4216510136922201,0.4259456634521484,0.4079081217447917,0.4130617141723632,0.4182153065999349,0.4216510136922201,0.3993188222249349,0.406190268198649,0.4130617141723632,0.4182153065999349,0.3941652297973633,0.4010366757710775,0.4079081217447917,0.4139206250508626,0.3907294909159342,0.3958830833435058,0.4018955866495768,0.4070491790771484,0.8168268274377893,0.8351507116247107,0.8580555103443287,0.887068345811632,0.90997314453125,0.8947032787181713,0.9221890484845195,0.937458970811632,0.9512018274377894,0.8977572405779803,0.9252430668583622,0.940512932671441,0.954255845811632,0.8977572405779803,0.9221890484845195,0.9328779997649016,0.94356689453125,0.8947032787181713,0.9115001537181712,0.920662095811632,0.9282970287181712,0.6097569783528646,0.5994497934977213,0.5900015513102214,0.5882836659749349,0.5857069015502929,0.6054623285929362,0.6003087361653646,0.5942962010701497,0.5874247233072917,0.6131926854451497,0.6071801503499349,0.5985908508300781,0.5900015513102214,0.6166283925374348,0.6106159210205078,0.6020265579223633,0.595155143737793,0.6183462778727213,0.6123337427775065,0.6063212076822917,0.6003087361653646,0.8122458563910591,0.8336237024377894,0.856528557671441,0.8855413366247107,0.9084461918583624,0.887068345811632,0.9160811247649016,0.9313509905779804,0.94356689453125,0.890122307671441,0.920662095811632,0.9328779997649016,0.940512932671441,0.890122307671441,0.9160811247649016,0.92677001953125,0.9328779997649016,0.887068345811632,0.906919182671441,0.9160811247649016,0.9221890484845195,0.5007175207138062,0.5125555992126465,0.5196079015731812,0.5240603089332581,0.4918266832828522,0.48572787642478943,0.47881847620010376,0.5327785611152649,0.4706493020057678,0.5140795111656189,0.4887501895427704,0.5867959260940552,0.4243832528591156,0.6082503795623779,0.4007958173751831,0.6109485030174255,0.39999067783355713,0.6143244504928589,0.39714479446411133,0.6011717915534973,0.41109851002693176,0.5959237217903137,0.418762743473053,0.5548573136329651,0.4540380835533142,0.5615225434303284,0.4500783383846283,0.550381600856781,0.4418935775756836,0.5515614748001099,0.44186627864837646,0.5281133651733398,0.45457056164741516,0.19898423552513123,0.17641322314739227,0.1775844693183899,0.17861634492874146,0.17559368908405304,0.17650045454502106,0.17701755464076996,0.1974286437034607,0.19415676593780518,0.23147772252559662,0.2274608463048935,0.3790585696697235,0.38451236486434937,0.6042060256004333,0.6126060485839844,0.8053918480873108,0.8146234750747681,0.8722700476646423,0.8820872902870178,0.8731157183647156,0.8756721615791321,0.8526284098625183,0.8538506627082825,0.8588997721672058,0.8597638607025146,1.1953459978103638,1.1448471546173096,1.4910563230514526,1.4744337797164917,1.5231794118881226,1.5173152685165405,1.6034671068191528,1.5856151580810547
0.3958894411722819,0.4079119682312012,0.4190757115681966,0.4216519673665365,0.4259456952412923,0.4079119682312012,0.413064448038737,0.4182169596354166,0.4216519673665365,0.3993244489034017,0.4061944643656413,0.413064448038737,0.4182169596354166,0.394171937306722,0.4010419527689616,0.4079119682312012,0.4139231999715169,0.3907369613647461,0.3958894411722819,0.4019007047017415,0.4070532162984212,0.8167790165653935,0.8350990012839988,0.8579990528247975,0.8870057282624422,0.9099057232892072,0.8946390222620081,0.9221190275969328,0.937385728624132,0.9511257595486112,0.8976923624674479,0.9251723678023728,0.9404390688295716,0.9541790997540508,0.8976923624674479,0.9221190275969328,0.9328057183159724,0.945019022623698,0.8946390222620081,0.911432393391927,0.920592357494213,0.9297523781105324,0.6097182591756185,0.5994132359822592,0.5891082127888997,0.5873907089233399,0.584814453125,0.6045657475789388,0.6002719879150391,0.5942607243855794,0.5873907089233399,0.6131532033284505,0.6062832514444987,0.5976957321166992,0.5899669647216796,0.6165882110595703,0.6097182591756185,0.6019894917805989,0.5942607243855794,0.6174469629923502,0.6122944513956706,0.6062832514444987,0.5994132359822592,0.8106723361545138,0.8320457175925926,0.8564723827220776,0.8854790581597223,0.9099057232892072,0.8870057282624422,0.9160123471860532,0.9328057183159724,0.943492352520978,0.8900590119538484,0.920592357494213,0.9328057183159724,0.9404390688295716,0.8900590119538484,0.9160123471860532,0.9266990379050926,0.9328057183159724,0.8870057282624422,0.9068523830837674,0.9160123471860532,0.9221190275969328,0.5007095336914062,0.5126342177391052,0.5196630358695984,0.5240964889526367,0.4918377101421356,0.4857274889945984,0.4788230061531067,0.5328784584999084,0.47066113352775574,0.5140836238861084,0.48875197768211365,0.5867905020713806,0.42444708943367004,0.6082831621170044,0.40079039335250854,0.6109421253204346,0.3999847173690796,0.6143208742141724,0.39715060591697693,0.6011620759963989,0.41110914945602417,0.5959185361862183,0.41877275705337524,0.55484539270401,0.45392048358917236,0.5611754059791565,0.45012155175209045,0.5498241782188416,0.4419730305671692,0.5509077906608582,0.4419919550418854,0.5277090668678284,0.45490965247154236,0.1991121619939804,0.17664633691310883,0.17782241106033325,0.17884571850299835,0.17575089633464813,0.1766354739665985,0.17712852358818054,0.1977328360080719,0.1942051649093628,0.23161756992340088,0.22750955820083618,0.37908074259757996,0.38447490334510803,0.6041496396064758,0.6125671863555908,0.8053117394447327,0.8146296739578247,0.8722702264785767,0.8820967674255371,0.8731067180633545,0.8756619095802307,0.8526115417480469,0.8537850379943848,0.8600448966026306,0.8608545064926147,1.1958401203155518,1.1448732614517212,1.4932324886322021,1.4748293161392212,1.5258339643478394,1.5175449848175049,1.605589747428894,1.5866857767105103
0.396137269337972,0.4081623395284017,0.419328498840332,0.4219052950541178,0.4253410339355469,0.4064444859822591,0.4124570210774739,0.4176106135050456,0.4210463523864746,0.3987140655517578,0.4055855433146159,0.4124570210774739,0.4184695561726888,0.3935604413350423,0.4004319190979004,0.4081623395284017,0.4133159637451172,0.3909836451212565,0.396137269337972,0.4021498044331869,0.4073033968607584,0.8168531629774306,0.8351771036783854,0.8580820154260707,0.8870949074074074,0.9099998191550924,0.893202887641059,0.9206887704354746,0.9359587492766204,0.9497017189308448,0.8977838586877893,0.9252697979962384,0.9405397203233506,0.9542826334635416,0.896256849500868,0.9206887704354746,0.9329047309027778,0.9435937386971932,0.893202887641059,0.911526828342014,0.9206887704354746,0.926796750669126,0.6100119908650716,0.5988457997639974,0.5893975575764974,0.587679672241211,0.5851028442382813,0.6048583348592123,0.6005636850992838,0.5936922073364258,0.587679672241211,0.6134476979573568,0.6065762201944987,0.5979868570963541,0.5902564366658528,0.6168834686279296,0.6100119908650716,0.6014226277669271,0.594551150004069,0.6177423477172852,0.6125887552897136,0.6057172775268554,0.5997047424316406,0.8107451827437789,0.8336500944914641,0.8565550062391493,0.8855678982204861,0.9099998191550924,0.8870949074074074,0.9161077993887442,0.93137777822989,0.9435937386971932,0.89014892578125,0.9206887704354746,0.9329047309027778,0.9405397203233506,0.89014892578125,0.9161077993887442,0.9252697979962384,0.93137777822989,0.8870949074074074,0.9054188481083624,0.9161077993887442,0.9206887704354746,0.5007064938545227,0.5127372145652771,0.5197172164916992,0.5241253972053528,0.4918656051158905,0.48573029041290283,0.47883445024490356,0.5329005122184753,0.4706662595272064,0.5140922665596008,0.4887545704841614,0.5867661237716675,0.4244592785835266,0.6082919836044312,0.40089938044548035,0.6109371185302734,0.4000299870967865,0.6143167614936829,0.3971720337867737,0.601152777671814,0.4111190736293793,0.5959209203720093,0.41881105303764343,0.5548694133758545,0.45395627617836,0.5611956119537354,0.45018380880355835,0.550243616104126,0.44331181049346924,0.5513554215431213,0.4432212710380554,0.5285058617591858,0.45799535512924194,0.19911856949329376,0.1766921728849411,0.17787860333919525,0.17890390753746033,0.17576098442077637,0.17664289474487305,0.17713572084903717,0.19783540070056915,0.19422824680805206,0.23162594437599182,0.22751030325889587,0.37908264994621277,0.38446465134620667,0.6040384769439697,0.6125971674919128,0.8052662014961243,0.8146300911903381,0.8722004294395447,0.8821057081222534,0.8730875253677368,0.8756906986236572,0.852597713470459,0.8537821173667908,0.8603861927986145,0.8617327809333801,1.1972051858901978,1.1452970504760742,1.4963350296020508,1.476219892501831,1.5296854972839355,1.519091010093689,1.607014536857605,1.587421178817749
0.3962799072265625,0.4074395179748535,0.4185990969340006,0.4211743672688802,0.4246081034342447,0.4057226498921712,0.4117316563924154,0.4160237948099772,0.4203159650166829,0.3971383412679036,0.4048642158508301,0.4117316563924154,0.4177406628926595,0.3928462028503418,0.3997136433919271,0.4065810839335124,0.4125900904337565,0.3902709007263183,0.394563070933024,0.4005720774332682,0.4065810839335124,0.8154638219762731,0.8353030734592014,0.8566684299045139,0.8856642546477141,0.9100818210177952,0.8932947794596354,0.9207644992404512,0.9360254923502604,0.9497603804976852,0.8963469328703704,0.92381670916522,0.939077702275029,0.9512864854600694,0.8963469328703704,0.9192383942780672,0.9299210725007234,0.9406037507233797,0.8932947794596354,0.9116079259801794,0.9192383942780672,0.9253428141276042,0.6100289026896158,0.5988693237304688,0.5894266128540039,0.5877097447713217,0.5851344426472982,0.6048783620198568,0.6005861918131511,0.5945772171020508,0.5877097447713217,0.6134626388549804,0.606595230102539,0.5980108896891276,0.590285046895345,0.616896375020345,0.6100289026896158,0.6014446258544922,0.5945772171020508,0.6177548090616862,0.6126042048136393,0.606595230102539,0.5997277577718099,0.8108855070891203,0.8337769684968172,0.8566684299045139,0.8856642546477141,0.9100818210177952,0.8871903596100984,0.916186240867332,0.9314471774631076,0.9436559606481482,0.8902425695348669,0.9192383942780672,0.932973282425492,0.9406037507233797,0.8887164645724827,0.916186240867332,0.9253428141276042,0.9314471774631076,0.8871903596100984,0.905503562644676,0.916186240867332,0.9207644992404512,0.5007566809654236,0.5129746198654175,0.5198326706886292,0.5242273807525635,0.4919232130050659,0.4857380986213684,0.47884783148765564,0.5330101251602173,0.4706684350967407,0.5141931176185608,0.48876532912254333,0.5867605805397034,0.42448264360427856,0.6083064675331116,0.4011063277721405,0.6109314560890198,0.4001721441745758,0.6143348813056946,0.3973584473133087,0.601146936416626,0.41113680601119995,0.5959203243255615,0.418863445520401,0.5549308657646179,0.4539620578289032,0.5613108277320862,0.45003965497016907,0.5503504276275635,0.44333675503730774,0.5514200925827026,0.4432503879070282,0.5286632776260376,0.45798492431640625,0.19913432002067566,0.176736980676651,0.1779594123363495,0.17900143563747406,0.17575611174106598,0.17663724720478058,0.1771402806043625,0.19799473881721497,0.19424201548099518,0.2316371202468872,0.227514386177063,0.3790867328643799,0.38445785641670227,0.6039360165596008,0.6126337647438049,0.8050073981285095,0.8146354556083679,0.8719639778137207,0.88204425573349,0.8728708028793335,0.8757280707359314,0.8523357510566711,0.8538010120391846,0.8612350225448608,0.8634063601493835,1.1994761228561401,1.1461821794509888,1.4994444847106934,1.4789767265319824,1.5329904556274414,1.5223290920257568,1.6094471216201782,1.5897068977355957
0.3961331049601237,0.4072950681050618,0.41845703125,0.420174249013265,0.4227500915527343,0.4038606325785319,0.4098709106445312,0.4141639709472656,0.41845703125,0.3952745119730631,0.402143383026123,0.4098709106445312,0.4158811887105306,0.3909814198811849,0.3978503227233886,0.4055778503417969,0.4115881284077962,0.3892642021179199,0.3935572624206543,0.3995675722757975,0.4055778503417969,0.810875165020978,0.8307186550564236,0.8536149766710069,0.8826170179578993,0.9070397836190685,0.8856698495370371,0.9146718908239294,0.9314625492802372,0.9467267636899594,0.8902491251627604,0.9207775539822048,0.9360417683919272,0.9497795952690972,0.8902491251627604,0.9161982783564816,0.9299361052336516,0.9390946564850984,0.8887226811161748,0.9070397836190685,0.9177247224030672,0.9253568296079282,0.6099276224772135,0.5996242523193359,0.5893208821614583,0.5876036961873372,0.5850278218587239,0.6056345621744792,0.6004828770955404,0.5944725672403971,0.5876036961873372,0.6133620580037434,0.6073517481486003,0.5987656275431316,0.5910381317138672,0.6167964935302734,0.6107861836751302,0.6022000630696615,0.5953311920166016,0.6185137430826823,0.6125034332275391,0.6064931233723958,0.6004828770955404,0.810875165020978,0.8322450991030093,0.8566678647641782,0.8856698495370371,0.9085661711516204,0.8871962935836227,0.9161982783564816,0.9314625492802372,0.9436738755967882,0.8887226811161748,0.9192511664496528,0.9329889368127894,0.9406210440176505,0.8887226811161748,0.9146718908239294,0.9253568296079282,0.9314625492802372,0.8856698495370371,0.9055133395724826,0.9146718908239294,0.9192511664496528,0.5009981393814087,0.5134061574935913,0.5200183391571045,0.5244204998016357,0.49213916063308716,0.4858275353908539,0.4789999723434448,0.533258855342865,0.4706949293613434,0.5144446492195129,0.48885834217071533,0.586753249168396,0.4245077669620514,0.6083142757415771,0.40131595730781555,0.6109352111816406,0.4003654420375824,0.6143922805786133,0.39735910296440125,0.6012148261070251,0.4108438789844513,0.5959961414337158,0.4188050627708435,0.5549460649490356,0.45409029722213745,0.561310887336731,0.44964417815208435,0.5503737330436707,0.4432937502861023,0.5514822006225586,0.4432560205459595,0.5285205841064453,0.4578078091144562,0.19904974102973938,0.17672842741012573,0.17796866595745087,0.17901448905467987,0.1755349338054657,0.17641952633857727,0.17697134613990784,0.19810907542705536,0.19424551725387573,0.23160117864608765,0.22740674018859863,0.3790404200553894,0.38445064425468445,0.6037296056747437,0.6125289797782898,0.8045669198036194,0.8134782910346985,0.8712438941001892,0.8797948956489563,0.8724527955055237,0.8752061128616333,0.8518239259719849,0.8532568216323853,0.8612469434738159,0.8633697628974915,1.1997263431549072,1.1467517614364624,1.5018328428268433,1.480449914932251,1.5354199409484863,1.5239430665969849,1.6128157377243042,1.5908451080322266
0.3974689165751139,0.4069107055664062,0.417210833231608,0.4189275423685709,0.4215025583902995,0.4009023030598958,0.4060523668924967,0.4129191398620605,0.4180692036946614,0.3931771914164225,0.4000439643859863,0.4086274147033691,0.4163524945576985,0.390602175394694,0.3966105779012044,0.4051940282185872,0.4129191398620605,0.3897438367207845,0.3948939005533854,0.4009023030598958,0.4069107055664062,0.8032544171368634,0.8230916906286169,0.8444549560546875,0.8719219631618924,0.8963370994285301,0.8719219631618924,0.9024408411096644,0.9207522356951678,0.9344857109917536,0.8780257613570602,0.9085446393048322,0.9253300419560184,0.9390635737666376,0.8795516967773438,0.9054927684642652,0.9222781711154514,0.93295977557147,0.8795516967773438,0.8978630348488137,0.9100705747251158,0.9192262437608508,0.6103383382161458,0.5991798400878906,0.5897380828857421,0.5880213419596354,0.5854463577270508,0.6051882425944011,0.6008965174357096,0.5940297444661459,0.5880213419596354,0.6129133224487304,0.6069049199422201,0.5983214696248372,0.5905963897705078,0.6172050476074219,0.6103383382161458,0.601754887898763,0.5948881149291992,0.6180634180704753,0.6129133224487304,0.6069049199422201,0.600038210550944,0.8124100861725984,0.8337732950846354,0.8566624959309895,0.885655438458478,0.9085446393048322,0.8887073658130787,0.9161743729202836,0.93295977557147,0.9436413800274884,0.8917592366536459,0.9207522356951678,0.93295977557147,0.9405895091869212,0.8902333012333623,0.9161743729202836,0.9253300419560184,0.9314338401511864,0.8871814303927952,0.9054927684642652,0.9146484375,0.9207522356951678,0.5013116598129272,0.5138212442398071,0.5202175378799438,0.5246699452400208,0.49243244528770447,0.48597586154937744,0.47924166917800903,0.53363037109375,0.47075408697128296,0.514758825302124,0.48908230662345886,0.5867469310760498,0.4245346188545227,0.608340859413147,0.40142932534217834,0.610932469367981,0.400634765625,0.6144086122512817,0.3973333239555359,0.6012672781944275,0.41001465916633606,0.5960648059844971,0.41852694749832153,0.5549523234367371,0.45418688654899597,0.5613148212432861,0.44971224665641785,0.5505502223968506,0.4433401823043823,0.55194091796875,0.4432916045188904,0.5284364223480225,0.4578776955604553,0.19837495684623718,0.1764729619026184,0.17786842584609985,0.17899516224861145,0.1748722493648529,0.17586994171142578,0.17660216987133026,0.19814985990524292,0.1942339539527893,0.23099927604198456,0.22695958614349365,0.37903380393981934,0.38443946838378906,0.6035043597221375,0.6117291450500488,0.8042226433753967,0.8090080618858337,0.8707126379013062,0.8734797835350037,0.8721877336502075,0.8710863590240479,0.8514705896377563,0.8489027619361877,0.8612589836120605,0.8633310198783875,1.1998637914657593,1.1469520330429077,1.5019662380218506,1.4803773164749146,1.5354081392288208,1.523653268814087,1.612818956375122,1.5907995700836182
0.3995661735534668,0.4072947820027669,0.4158820788065592,0.4184582710266113,0.4210344632466634,0.3961312611897786,0.4021423657735188,0.409870974222819,0.4175995508829752,0.3901201248168945,0.3961312611897786,0.4072947820027669,0.4167408307393392,0.3892614046732585,0.3952725092569987,0.4055773099263509,0.4141646385192871,0.3909788449605306,0.3952725092569987,0.4021423657735188,0.4090122222900391,0.7833478574399595,0.8016675030743634,0.8199870921947338,0.8474665323893229,0.8718926888925058,0.8444132486979167,0.874945972583912,0.8917389481155961,0.9039520263671876,0.8520464296694155,0.8825790970413773,0.8963188453956886,0.9070052535445602,0.8550997133608218,0.8825790970413773,0.8932655617042824,0.9008987426757812,0.8566263269495081,0.874945972583912,0.8856323807327836,0.8917389481155961,0.6099555333455403,0.5996507008870443,0.5902046839396159,0.588487180074056,0.5859109878540039,0.6056618372599284,0.6005094528198243,0.5944983164469401,0.588487180074056,0.6133904139200846,0.6065205891927083,0.5987920125325521,0.5910634358723958,0.6168253580729167,0.6099555333455403,0.6022268931070963,0.59535706837972,0.6185427983601888,0.6125317255655924,0.6065205891927083,0.6005094528198243,0.812353911223235,0.8337267840350115,0.8566263269495081,0.8856323807327836,0.90853192364728,0.8886856644241898,0.916165104618779,0.932958080150463,0.9436444882993344,0.8917389481155961,0.9207450018988717,0.932958080150463,0.942117874710648,0.8902122780128762,0.916165104618779,0.9268515127676504,0.932958080150463,0.8886856644241898,0.9070052535445602,0.916165104618779,0.922271615487558,0.5017385482788086,0.5141832828521729,0.5204031467437744,0.524911105632782,0.4927511215209961,0.4861760437488556,0.47958269715309143,0.5339259505271912,0.4708246886730194,0.5150979161262512,0.48942866921424866,0.5867434144020081,0.4245545566082001,0.6083938479423523,0.40147605538368225,0.6109564900398254,0.4008025825023651,0.6144792437553406,0.39730304479599,0.6013443470001221,0.4091154634952545,0.5961397290229797,0.4181731343269348,0.554897665977478,0.4539949595928192,0.5613163113594055,0.4498060941696167,0.5505781769752502,0.4439278542995453,0.5519723296165466,0.443778395652771,0.5284308195114136,0.4586014449596405,0.19797471165657043,0.17628136277198792,0.17779254913330078,0.1789875328540802,0.1743999719619751,0.17549507319927216,0.17635495960712433,0.19819897413253784,0.19423891603946686,0.23061682283878326,0.22673240303993225,0.3790285587310791,0.38443246483802795,0.6032484173774719,0.6087460517883301,0.8038520812988281,0.7968297600746155,0.8702163100242615,0.8570135235786438,0.871867835521698,0.8552535772323608,0.8509893417358398,0.8335193395614624,0.8611449599266052,0.8627276420593262,1.1995694637298584,1.1468803882598877,1.5014777183532715,1.4801359176635742,1.5348224639892578,1.5233901739120483,1.6123234033584595,1.5905288457870483
0.4002129872639974,0.4079407374064127,0.4165271123250325,0.4191030184427897,0.4216789245605469,0.3942025184631347,0.3967784245808919,0.4070820808410644,0.4165271123250325,0.3890506744384766,0.3933438936869303,0.4070820808410644,0.417385737101237,0.3890506744384766,0.3933438936869303,0.4053647994995117,0.4148098309834798,0.3907679557800293,0.3950611432393392,0.4027888933817545,0.4096579869588216,0.7544120506004051,0.766623772515191,0.7788354944299769,0.8032589947735822,0.8261559945565683,0.7956266615125868,0.818523661295573,0.8307353832103588,0.8353148283781828,0.8078383834273727,0.8368412724247685,0.8460001062463831,0.8505794949001736,0.8169972172489872,0.8414206610785591,0.849053050853588,0.8505794949001736,0.8215766059027778,0.8383677729853878,0.8460001062463831,0.8475265502929688,0.6105792999267579,0.6002756754557291,0.5899719874064128,0.588254737854004,0.5856787999471028,0.6062861124674479,0.6011343002319336,0.5951237996419271,0.588254737854004,0.6140138626098632,0.6071447372436524,0.5985583623250326,0.5908306121826172,0.6174484252929687,0.6105792999267579,0.6019929250081381,0.5951237996419271,0.6183070500691732,0.6131552378336589,0.6071447372436524,0.6002756754557291,0.8124178285951967,0.8337883278175636,0.8566853841145833,0.8856882731119792,0.9085852728949652,0.8872147171585648,0.9162176061559606,0.9314822726779514,0.9436939945927372,0.8902676617657697,0.9207969948097512,0.933008716724537,0.9406410499855324,0.8902676617657697,0.9162176061559606,0.9269028840241608,0.933008716724537,0.8872147171585648,0.907058772334346,0.9162176061559606,0.9223234953703704,0.5020466446876526,0.5143900513648987,0.5205289125442505,0.5250550508499146,0.4930085837841034,0.4863370358943939,0.4798486828804016,0.5341139435768127,0.47087639570236206,0.515283465385437,0.48977574706077576,0.5867519974708557,0.42467403411865234,0.6085054278373718,0.4015275537967682,0.6110243201255798,0.4011354148387909,0.6145563125610352,0.39729416370391846,0.6015200018882751,0.4070764183998108,0.596319854259491,0.41556882858276367,0.5547181367874146,0.4530179798603058,0.5605133175849915,0.44982463121414185,0.5505646467208862,0.44394639134407043,0.5519765615463257,0.4437737762928009,0.5284197330474854,0.4591100513935089,0.1976630687713623,0.1761215627193451,0.17773307859897614,0.17898523807525635,0.17406044900417328,0.17523430287837982,0.1761859953403473,0.19834277033805847,0.19424499571323395,0.23035019636154175,0.22655010223388672,0.3793593943119049,0.38444188237190247,0.6030566692352295,0.6036542057991028,0.8034542798995972,0.7695461511611938,0.8699882626533508,0.8231773376464844,0.8715533018112183,0.8179587721824646,0.8505297899246216,0.7991170883178711,0.8613861203193665,0.8627334237098694,1.2008041143417358,1.1468260288238525,1.501456618309021,1.479891061782837,1.5348320007324219,1.5228945016860962,1.611924409866333,1.5895761251449585
0.4051791826883952,0.4103301684061686,0.414622688293457,0.4180566787719726,0.4214906692504883,0.3905846913655599,0.3948771794637044,0.406037680308024,0.4137641906738281,0.388867696126302,0.3965941747029622,0.4103301684061686,0.4189151763916016,0.3923016866048177,0.4017451922098795,0.4129056930541992,0.4189151763916016,0.3965941747029622,0.4051791826883952,0.4120471636454264,0.4171981811523437,0.7207344902886285,0.7222607082790798,0.7176819977936921,0.734470452202691,0.755837560583044,0.734470452202691,0.7466802526403357,0.7512589066116898,0.7512589066116898,0.755837560583044,0.7726260149920429,0.7710997970015915,0.7649948685257523,0.7726260149920429,0.7848357589156539,0.7817833229347512,0.7726260149920429,0.7833095409252026,0.7939930668583622,0.7894144128870081,0.7817833229347512,0.610360590616862,0.6000585556030273,0.5906150817871094,0.5880395889282226,0.5854640960693359,0.6060680389404297,0.6009170532226562,0.594907569885254,0.5880395889282226,0.6146530787150065,0.6069265365600586,0.5992000579833985,0.5914735794067383,0.6172285715738932,0.610360590616862,0.602634048461914,0.5957660675048828,0.618945566813151,0.6129360834757487,0.6069265365600586,0.6009170532226562,0.8138339572482639,0.8336748476381655,0.8565681740089699,0.8855663723415799,0.9084596987123844,0.8870925903320312,0.9160907886646412,0.93287924307364,0.9435627690067998,0.890145026312934,0.9206694426359954,0.93287924307364,0.940510333025897,0.8886188083224826,0.9160907886646412,0.9252481531213832,0.93287924307364,0.8870925903320312,0.9054072627314816,0.9160907886646412,0.9206694426359954,0.5023532509803772,0.5145707130432129,0.520645260810852,0.5251914858818054,0.4932045340538025,0.48648372292518616,0.4800952076911926,0.5343111157417297,0.4709342122077942,0.5155413746833801,0.49024903774261475,0.5868492126464844,0.42468833923339844,0.608653724193573,0.40147870779037476,0.611202597618103,0.4017125070095062,0.6147487759590149,0.39772388339042664,0.6017494201660156,0.4061054289340973,0.5965414643287659,0.41384682059288025,0.5544813871383667,0.45203447341918945,0.5604610443115234,0.4492637813091278,0.5510056614875793,0.4439561665058136,0.5525766611099243,0.44373226165771484,0.5285581946372986,0.4591216444969177,0.19745087623596191,0.17602035403251648,0.17766307294368744,0.17895536124706268,0.17397703230381012,0.1751912236213684,0.17616355419158936,0.1983654648065567,0.19428130984306335,0.23007865250110626,0.22638624906539917,0.3799094557762146,0.3844508230686188,0.6030310988426208,0.6002578139305115,0.8032711744308472,0.7356629371643066,0.8698463439941406,0.7775433659553528,0.8714056611061096,0.7567758560180664,0.8503713607788086,0.7397173047065735,0.863221287727356,0.8646115064620972,1.2021747827529907,1.146863579750061,1.5011491775512695,1.4797178506851196,1.534855842590332,1.5233315229415894,1.607897162437439,1.5858242511749268
0.4089300791422526,0.4106467247009277,0.4149383227030436,0.41837158203125,0.4226631800333659,0.3909054120381673,0.3951970100402832,0.408071772257487,0.41837158203125,0.3900470733642578,0.4003469149271647,0.4123633702596028,0.4192299207051595,0.393480364481608,0.4072134653727213,0.4132216771443684,0.4166549682617187,0.3994885762532552,0.4097884178161621,0.4140800158182779,0.4157966295878092,0.6615498860677084,0.6539203785083912,0.6447649920428241,0.6569721928349248,0.6768088446723091,0.6600239506474248,0.6676534582067419,0.6737570868598091,0.6737570868598091,0.6844383522316262,0.6920678597909433,0.6859642876519098,0.6783347800925926,0.6996973673502604,0.704275060583044,0.6981714319299769,0.6905419808846933,0.7134304470486111,0.7134304470486111,0.7088527538158276,0.702749181676794,0.6106349309285481,0.6003351211547852,0.5900353113810222,0.5883186340332032,0.5857437133789063,0.6054850260416667,0.6011934280395508,0.594326909383138,0.5883186340332032,0.6140682220458984,0.6072016398111979,0.5994768142700195,0.5908936182657878,0.6175015131632487,0.6106349309285481,0.602910041809082,0.5960435231526693,0.6183598200480144,0.6132099151611328,0.6072016398111979,0.6011934280395508,0.8126139322916667,0.8339765195493345,0.8568649857132523,0.8858570805302373,0.9087456032081886,0.8889088948567708,0.9163751107675058,0.93316000479239,0.9438412701642072,0.8904347737630208,0.9209528040002892,0.93316000479239,0.9407894558376736,0.8904347737630208,0.9163751107675058,0.9255304972330728,0.9316340693721064,0.8873830159505208,0.9056937888816552,0.9148491753472222,0.9209528040002892,0.502633810043335,0.5147224068641663,0.5207312107086182,0.5252775549888611,0.49342775344848633,0.4866825342178345,0.4804370701313019,0.5344355702400208,0.4710577726364136,0.5157738924026489,0.49072784185409546,0.587031364440918,0.42469820380210876,0.6088640093803406,0.40145283937454224,0.6112030744552612,0.4024396240711212,0.6147893071174622,0.3994499146938324,0.6017550826072693,0.4054413139820099,0.5965370535850525,0.4116044044494629,0.5542972683906555,0.4516887366771698,0.557339072227478,0.4497179090976715,0.5510255694389343,0.4443158507347107,0.5526745319366455,0.44373810291290283,0.5290330052375793,0.46149742603302,0.19732390344142914,0.17598052322864532,0.1776176393032074,0.17892514169216156,0.173934668302536,0.17516863346099854,0.1761450469493866,0.19838285446166992,0.1943078339099884,0.2298581451177597,0.22623740136623383,0.3799774646759033,0.3842468559741974,0.6028715372085571,0.5990213751792908,0.8030760884284973,0.6794100403785706,0.8693721294403076,0.7105891704559326,0.8711069226264954,0.6726447343826294,0.8500304818153381,0.6604200005531311,0.8588076233863831,0.8603208661079407,1.197139859199524,1.1456470489501953,1.4950108528137207,1.4766550064086914,1.5302833318710327,1.5204803943634033,1.5996659994125366,1.5805151462554932
0.3894261042277018,0.3928613344828288,0.3962965329488118,0.4048845609029134,0.4143314043680827,0.3885672887166341,0.3902849197387695,0.4005905469258626,0.4117549896240234,0.3920025189717611,0.398872947692871,0.4108962059020996,0.420343017578125,0.398872947692871,0.4083197911580403,0.4143314043680827,0.420343017578125,0.4066021919250488,0.413472588857015,0.4160490036010742,0.4186254183451334,0.6126905653211806,0.5867356476960359,0.5638341833043982,0.5546736540617766,0.5485665780526621,0.5684144761827257,0.5546736540617766,0.547039794921875,0.542459558557581,0.5852088645652488,0.5775750619393808,0.5714679859302662,0.5668877495659722,0.6035299795645255,0.5958961769386574,0.5882623743127894,0.5821553548177083,0.6172708581995081,0.6126905653211806,0.60963705557364,0.6065835458260995,0.6109973907470703,0.5998329798380534,0.5903861363728841,0.5886685053507487,0.5860921223958333,0.6058445612589518,0.6006917317708333,0.5946801503499349,0.5886685053507487,0.6135738372802735,0.6075621922810872,0.5989741643269857,0.5912449518839519,0.6178678512573242,0.6109973907470703,0.6024093627929688,0.5955389658610026,0.6187266667683919,0.6135738372802735,0.6075621922810872,0.6006917317708333,0.8126963862666378,0.8340710110134548,0.858499202021846,0.8859809592918113,0.9104091503002024,0.8875076859085648,0.9165161697952836,0.9317837750470196,0.9439978705512152,0.8905612521701389,0.9210964626736112,0.9333105581778068,0.9409443608036748,0.8905612521701389,0.9149893866644964,0.9256767555519386,0.9317837750470196,0.8875076859085648,0.905828857421875,0.9149893866644964,0.9210964626736112,0.5026724338531494,0.514729917049408,0.5207458138465881,0.5252988934516907,0.49346813559532166,0.4867837131023407,0.4806462526321411,0.534621000289917,0.47130393981933594,0.5158365368843079,0.4909919798374176,0.587378740310669,0.42469292879104614,0.6090930700302124,0.4011852443218231,0.6112198233604431,0.40241870284080505,0.6148759722709656,0.4011625349521637,0.6018975973129272,0.40516695380210876,0.5966175198554993,0.4100734293460846,0.5543218851089478,0.4515465795993805,0.5574135184288025,0.4507755935192108,0.5529166460037231,0.4465786814689636,0.5554094910621643,0.4448641240596771,0.5297360420227051,0.46603062748908997,0.19741098582744598,0.17606675624847412,0.17765380442142487,0.17894241213798523,0.17418992519378662,0.1754671186208725,0.17639347910881042,0.19839592278003693,0.19439485669136047,0.229898601770401,0.2262825220823288,0.379844069480896,0.3834068179130554,0.6025148034095764,0.5964592099189758,0.8027563691139221,0.6048087477684021,0.8690856099128723,0.616134524345398,0.8710161447525024,0.5794461369514465,0.8498132228851318,0.5729853510856628,0.8539491295814514,0.8578553795814514,1.1936556100845337,1.1458039283752441,1.4948374032974243,1.4757871627807617,1.5304232835769653,1.5200889110565186,1.5997867584228516,1.5784913301467896
0.4010951995849609,0.4010951995849609,0.3993776003519694,0.4053891499837239,0.41311829884847,0.3873545010884603,0.3890721003214518,0.3993776003519694,0.4114007314046224,0.3916484832763672,0.3959424336751302,0.4079655329386393,0.4191298484802246,0.3985188166300455,0.4062479654947916,0.4165534655253092,0.4234238306681315,0.4071067492167154,0.4139771143595377,0.4182710647583008,0.4208474477132161,0.5395345617223669,0.5074729636863425,0.4769380357530381,0.4601438734266493,0.4464031925907841,0.4769380357530381,0.4540369104456018,0.4418229562264901,0.4326624834979022,0.4922055279767072,0.4738845825195312,0.4616706283004195,0.4540369104456018,0.5074729636863425,0.4906787448459201,0.4799915455005787,0.4738845825195312,0.522740399395978,0.5089996903030961,0.5028927273220486,0.4983124909577546,0.6106408437093099,0.6003353118896484,0.5908885955810547,0.5891709645589193,0.5865945816040039,0.6054880777994792,0.6011940638224283,0.5951825459798177,0.5883122126261393,0.6140759785970052,0.6072056452433269,0.598617680867513,0.5908885955810547,0.6175111770629883,0.6106408437093099,0.6029116948445638,0.5960413614908854,0.618369992574056,0.6132172266642253,0.6072056452433269,0.6011940638224283,0.812821790907118,0.834196189597801,0.8570973714192708,0.8861055162217882,0.910533368145978,0.8876322428385417,0.916640387641059,0.9319078233506944,0.9441217493127894,0.8906856960720486,0.921220624005353,0.933434549967448,0.9410682960792824,0.8891589694552952,0.915113604510272,0.925800860369647,0.9319078233506944,0.8876322428385417,0.9044264051649306,0.915113604510272,0.921220624005353,0.5026289224624634,0.5146937966346741,0.5207626819610596,0.525309681892395,0.4934609532356262,0.48681455850601196,0.48076120018959045,0.5348195433616638,0.4714098572731018,0.5158054232597351,0.49105843901634216,0.5874772667884827,0.42473265528678894,0.6091854572296143,0.4011344909667969,0.6111866235733032,0.40009385347366333,0.6148961186408997,0.40149185061454773,0.6019001007080078,0.40282493829727173,0.5965750813484192,0.40506622195243835,0.5542755126953125,0.45099878311157227,0.5573034286499023,0.4508361518383026,0.5529617667198181,0.44770097732543945,0.555724024772644,0.4453843832015991,0.5295422673225403,0.4667552411556244,0.2004694789648056,0.17752623558044434,0.17852936685085297,0.17951038479804993,0.17668825387954712,0.17796698212623596,0.1785372495651245,0.19854602217674255,0.1948179453611374,0.231562077999115,0.22828711569309235,0.37980857491493225,0.38318172097206116,0.6025164723396301,0.605246901512146,0.8027181029319763,0.5347949862480164,0.8690626621246338,0.5099824666976929,0.8709923624992371,0.47523418068885803,0.8497607707977295,0.4830001890659332,0.8514611721038818,0.8545238375663757,1.1876028776168823,1.1430206298828125,1.4828624725341797,1.4728062152862549,1.5187300443649292,1.5195070505142212,1.5951155424118042,1.5748517513275146
0.4037407875061035,0.4028826395670573,0.4020244598388672,0.411464246114095,0.4217621803283691,0.3900101979573567,0.3900101979573567,0.4003081321716308,0.4106060663859049,0.3951591809590657,0.3994499842325846,0.4106060663859049,0.420904000600179,0.4037407875061035,0.4140387217203776,0.4217621803283691,0.4251948038736979,0.4123223940531412,0.4217621803283691,0.4243366559346517,0.4243366559346517,0.4651335257071036,0.4315698976869936,0.3964806450737847,0.3781732064706308,0.3690194871690538,0.3919037712944878,0.3659682379828559,0.3491864239728009,0.340032704671224,0.4025831151891638,0.3766475818775318,0.3613913924605758,0.3522376731589988,0.4178393328631365,0.3934293958875868,0.3903781749584056,0.3919037712944878,0.4330955222800925,0.4132624590838397,0.4117368344907407,0.4132624590838397,0.6105576197306315,0.6002596537272136,0.5908199310302734,0.5891035715738933,0.5865290959676107,0.6054086685180664,0.6011178334554036,0.5951107025146485,0.5891035715738933,0.6139902750651042,0.607983144124349,0.5994015375773112,0.5916780471801758,0.6182810465494791,0.6114157994588216,0.6036923090616862,0.5968270619710286,0.6191392262776693,0.6139902750651042,0.607983144124349,0.6019760131835937,0.8129748309100115,0.8328078658492477,0.8572178028247974,0.8862045853226274,0.9106145222981772,0.8877301816587095,0.9167169641565394,0.9334988064236112,0.944178150318287,0.8892558345088253,0.9197682133427372,0.9334988064236112,0.9411269011320892,0.8892558345088253,0.9151913678204572,0.9258707117151332,0.9319731535734954,0.8862045853226274,0.9045120239257812,0.9151913678204572,0.9212938096788196,0.5024746060371399,0.5142770409584045,0.5207210183143616,0.5252448320388794,0.4933510720729828,0.48682156205177307,0.4807853102684021,0.5349045395851135,0.47146841883659363,0.515791118144989,0.4910677969455719,0.58759605884552,0.4247918128967285,0.6092127561569214,0.3987092673778534,0.6111418604850769,0.40073105692863464,0.6148836612701416,0.40329375863075256,0.6017256379127502,0.4028549790382385,0.5963879227638245,0.40555885434150696,0.5542522072792053,0.45072704553604126,0.5581273436546326,0.45101067423820496,0.5537484288215637,0.44953247904777527,0.5574674606323242,0.4469894766807556,0.5290164351463318,0.46791112422943115,0.2038835734128952,0.17886580526828766,0.17938777804374695,0.18002818524837494,0.17916838824748993,0.18053677678108215,0.18150261044502258,0.19869138300418854,0.19625245034694672,0.23345038294792175,0.23150411248207092,0.37970632314682007,0.38306254148483276,0.6029078960418701,0.608931839466095,0.8029736876487732,0.4521162807941437,0.8691325783729553,0.40487807989120483,0.8710706830024719,0.37884971499443054,0.8499737977981567,0.39191266894340515,0.8513045907020569,0.8539845943450928,1.1873325109481812,1.140159249305725,1.4785411357879639,1.469797134399414,1.5144752264022827,1.518837332725525,1.591432809829712,1.5699480772018433
0.4068930625915527,0.4051783879597981,0.4026063601175944,0.4137517929077148,0.427469253540039,0.3948902765909831,0.3957476298014323,0.4043210347493489,0.4137517929077148,0.4017490069071451,0.4034637133280436,0.4154664675394694,0.4257545471191406,0.411179765065511,0.4223251978556315,0.4257545471191406,0.4248972256978353,0.4206105232238769,0.430041249593099,0.430041249593099,0.427469253540039,0.4061636465567129,0.372632090250651,0.3421488726580584,0.3162381207501447,0.3040448224103009,0.3269072638617621,0.2964240180121528,0.2796582539876302,0.2735616048177083,0.3314797295464409,0.3025206671820746,0.2857549031575521,0.2796582539876302,0.3436730278862847,0.319286459463614,0.3208106146918403,0.3299555743182147,0.3543421427408854,0.3375763787163628,0.3406247174298322,0.3467213383427373,0.6109401702880859,0.5997947057088217,0.5903639475504557,0.588649304707845,0.5860772450764974,0.6057961146036784,0.6015094121297201,0.5955080032348633,0.588649304707845,0.614369519551595,0.6083681106567382,0.5997947057088217,0.5920786539713542,0.6177988688151042,0.6117975234985351,0.60408140818278,0.5963653564453125,0.6186562220255534,0.6135121663411458,0.6083681106567382,0.6023667653401693,0.8131147031430845,0.8344529328522858,0.8573153460467303,0.8862744366681135,0.9121851603190104,0.8862744366681135,0.916757654260706,0.9335234465422454,0.944192561396846,0.8893227471245659,0.9198059647171586,0.9335234465422454,0.9411442509403936,0.8877986201533565,0.9152335272894964,0.9259026421440972,0.9319992630570024,0.8862744366681135,0.9045643559208624,0.9152335272894964,0.9213301482024016,0.502467930316925,0.5139500498771667,0.5207117795944214,0.5252317786216736,0.4932776987552643,0.4868227541446686,0.48077917098999023,0.5349219441413879,0.4714900255203247,0.5158346891403198,0.4910670220851898,0.5876004695892334,0.4267449378967285,0.6092203855514526,0.39686647057533264,0.611077606678009,0.4073478579521179,0.6148719191551208,0.4055578410625458,0.6015884280204773,0.4074765741825104,0.5962538123130798,0.41224604845046997,0.5542604923248291,0.4507041871547699,0.5573630928993225,0.4511539340019226,0.5533060431480408,0.4500589668750763,0.5573912858963013,0.44730672240257263,0.5267298221588135,0.4679650068283081,0.20521599054336548,0.17954759299755096,0.18000763654708862,0.18049944937229156,0.18030399084091187,0.18163740634918213,0.18276697397232056,0.19883908331394196,0.19783645868301392,0.23422180116176605,0.23410865664482117,0.37944135069847107,0.381857693195343,0.6029624342918396,0.5967833399772644,0.8030531406402588,0.3822196424007416,0.8690780401229858,0.32877790927886963,0.871082067489624,0.31303778290748596,0.8501170873641968,0.33012303709983826,0.8485543131828308,0.8502506017684937,1.1856892108917236,1.1349033117294312,1.4723807573318481,1.4645227193832397,1.5092469453811646,1.5163501501083374,1.5846163034439087,1.5639456510543823
0.4134287198384603,0.4108567237854004,0.406570021311442,0.4125713984171549,0.4245741208394368,0.4031406720479329,0.4031406720479329,0.4117140452067057,0.4194300969441731,0.4108567237854004,0.4142860730489095,0.425431474049886,0.4322901725769043,0.4211447715759277,0.4322901725769043,0.4348621686299642,0.4331474939982096,0.4305754979451497,0.4391488711039225,0.4382915178934733,0.4348621686299642,0.352697103994864,0.3206898159450955,0.2902066831235532,0.2642960442437066,0.2475303084762008,0.2719168203848379,0.242957842791522,0.2277162905092592,0.2261921211525246,0.2749651308412905,0.2444819980197482,0.2292404457374855,0.2261921211525246,0.2856342174388744,0.2627718890154803,0.2688685099283854,0.2795375965259693,0.2978274875217014,0.2810617517541956,0.2871583726671007,0.2963033322934751,0.6114737828572591,0.6003283818562826,0.5908976872762044,0.5891830444335937,0.5857536315917968,0.6054724375406901,0.6011857350667318,0.5951843897501627,0.5891830444335937,0.6140458424886067,0.60804443359375,0.5994710922241211,0.5917550404866536,0.6183324813842773,0.6114737828572591,0.6037577311197917,0.5968990325927734,0.6191898345947265,0.6140458424886067,0.60804443359375,0.602043088277181,0.8129923502604167,0.832806396484375,0.8556686966507523,0.8861518577293114,0.9105383413809316,0.8861518577293114,0.9166349622938368,0.9334006980613426,0.9440698129159432,0.8892001681857639,0.9196832727502894,0.9334006980613426,0.9425456294307002,0.8892001681857639,0.9151108353226272,0.9257798936631944,0.9318765145760995,0.8861518577293114,0.9044417204680266,0.9151108353226272,0.9212074562355324,0.5019875764846802,0.5131768584251404,0.5205466747283936,0.5251187086105347,0.4927293658256531,0.48649945855140686,0.4801119267940521,0.5346121191978455,0.4714129567146301,0.5158208012580872,0.49047377705574036,0.5873880982398987,0.4286881387233734,0.6092275977134705,0.3958519697189331,0.6110414862632751,0.41606956720352173,0.6148535013198853,0.41199547052383423,0.6014770865440369,0.4120606482028961,0.5961735844612122,0.4172647297382355,0.5542564392089844,0.4507465660572052,0.5552272796630859,0.4511450529098511,0.5524996519088745,0.4499974548816681,0.5571441054344177,0.4472912847995758,0.5251410603523254,0.46773046255111694,0.2056257724761963,0.17983242869377136,0.1803041398525238,0.18071678280830383,0.18076911568641663,0.181951105594635,0.18319635093212128,0.1988583654165268,0.19955062866210938,0.2349115014076233,0.2350231558084488,0.37870338559150696,0.3792887330055237,0.6028669476509094,0.5683789253234863,0.803089439868927,0.346375435590744,0.8690603375434875,0.28768524527549744,0.8710743188858032,0.2729228436946869,0.8501311540603638,0.2893093526363373,0.8474271297454834,0.8491805195808411,1.1848297119140625,1.130213975906372,1.4723399877548218,1.4626574516296387,1.510158896446228,1.5161378383636475,1.583806037902832,1.5625535249710083
0.4243667920430501,0.4209379514058431,0.417509110768636,0.4226523717244466,0.4320816357930501,0.4149374961853027,0.4132230758666992,0.4209379514058431,0.4269384066263834,0.4243667920430501,0.4277956008911133,0.4346532821655273,0.4389393170674642,0.4337960561116536,0.4440825462341308,0.4457969665527344,0.4449397722880046,0.443225351969401,0.4509402275085449,0.4509402275085449,0.4475113868713379,0.3100157561125579,0.28106118661386,0.252106617115162,0.229247721919307,0.2094366991961443,0.232295580263491,0.2048649258083767,0.1911495915165653,0.1850539030852141,0.233819509435583,0.2048649258083767,0.1926735206886574,0.1865778181287977,0.2414391411675347,0.2231520334879557,0.230771651091399,0.2383912828233507,0.252106617115162,0.2368673536512587,0.2444869712547019,0.2551544472023292,0.6112380981445312,0.6000944137573242,0.5906651178995769,0.5889507293701172,0.5855218887329101,0.6060948689778646,0.6009516398111979,0.5949511845906575,0.5880935033162434,0.6146669387817383,0.6078092575073242,0.5992371877034505,0.5915223439534505,0.6180957794189453,0.6112380981445312,0.6035232543945312,0.5966655731201171,0.6189530054728191,0.6138097127278646,0.6078092575073242,0.6018088022867839,0.8113871256510417,0.8327221340603299,0.8555809868706598,0.8845355563693577,0.9089183666087964,0.8860595137984665,0.9165379842122396,0.9317772194191262,0.9439686527958624,0.8891073156286169,0.9195858425564236,0.9317772194191262,0.939396893536603,0.8875834147135416,0.9150140832971644,0.9241576018156828,0.9302533185040508,0.8860595137984665,0.9043466073495372,0.9134901258680556,0.9195858425564236,0.5012199282646179,0.512370765209198,0.5200852751731873,0.5247056484222412,0.4921383261680603,0.48613807559013367,0.47944632172584534,0.5337755084037781,0.47141191363334656,0.5155553221702576,0.4903014898300171,0.5870640277862549,0.43193259835243225,0.609237015247345,0.3961040675640106,0.6110149621963501,0.42680302262306213,0.6148234605789185,0.42107394337654114,0.601391077041626,0.4190577268600464,0.5961208939552307,0.42443254590034485,0.5542749762535095,0.451121062040329,0.5542798638343811,0.451150119304657,0.551980197429657,0.44995346665382385,0.5567386150360107,0.44723770022392273,0.5247447490692139,0.4669755697250366,0.20755422115325928,0.18020007014274597,0.18043920397758484,0.18072198331356049,0.18168805539608002,0.18265898525714874,0.1838514357805252,0.19843287765979767,0.20071488618850708,0.23640166223049164,0.23657667636871338,0.3780474364757538,0.37468719482421875,0.602092981338501,0.5351496934890747,0.8029196262359619,0.29868561029434204,0.8687568306922913,0.2431013286113739,0.8708311319351196,0.23083509504795074,0.8498762249946594,0.25154414772987366,0.8458855152130127,0.8491068482398987,1.1824499368667603,1.1274011135101318,1.472301721572876,1.4613749980926514,1.5109115839004517,1.515985131263733,1.5837531089782715,1.5621591806411743
0.4364743550618489,0.4330514272054036,0.4296284993489583,0.4330514272054036,0.4407530148824056,0.428772767384847,0.428772767384847,0.4364743550618489,0.4398972829182943,0.4390415509541829,0.4458874066670735,0.4510217984517415,0.4544447263081868,0.4493103345235189,0.4587233861287434,0.4587233861287434,0.4553004582722982,0.4587233861287434,0.4647135098775228,0.4647135098775228,0.4604348500569661,0.2805220709906684,0.2531386763961227,0.2257552535445602,0.2059783511691623,0.1892440372043185,0.1998931460910373,0.1709884360984519,0.1633819297507957,0.1633819297507957,0.2014144473605685,0.1709884360984519,0.1633819297507957,0.1603393272117332,0.210542254977756,0.1907653384738498,0.1968505435519748,0.2090209537082248,0.2242339522750289,0.210542254977756,0.2151061587863498,0.2272765548140914,0.6110436121622721,0.5999190648396809,0.5896503448486328,0.5879388809204101,0.5853716532389323,0.6059092203776042,0.6007748285929362,0.594784673055013,0.5879388809204101,0.6144665400187175,0.6076206843058268,0.5990633646647135,0.5913617451985677,0.6178894678751627,0.6110436121622721,0.6024862925211588,0.5956404368082683,0.6187451680501302,0.6127550760904948,0.6076206843058268,0.6007748285929362,0.8114560162579572,0.8327542340313947,0.8555737530743635,0.8844784771954571,0.9088192409939236,0.8859997784649885,0.9149044460720486,0.9316387600368924,0.9438091701931424,0.889042381004051,0.9194683498806424,0.9316387600368924,0.9392452663845486,0.8875210797345197,0.9149044460720486,0.924032253689236,0.92859615749783,0.8859997784649885,0.90425533718533,0.9133831448025174,0.9179470486111112,0.4978955388069153,0.5086104869842529,0.5154412388801575,0.5216711759567261,0.4908234775066376,0.4851403832435608,0.4782903790473938,0.5325301289558411,0.4715644121170044,0.5125637054443359,0.48850491642951965,0.5871371030807495,0.4350900948047638,0.6092449426651001,0.399067223072052,0.6109835505485535,0.4375615417957306,0.6147710084915161,0.4356386363506317,0.6011559963226318,0.4315519630908966,0.5959582924842834,0.4365891218185425,0.5541440844535828,0.4512522518634796,0.5537990927696228,0.45114195346832275,0.5507751703262329,0.4498862326145172,0.5556507110595703,0.44713643193244934,0.5229761600494385,0.46557703614234924,0.2076844573020935,0.18046502768993378,0.18045692145824432,0.18058890104293823,0.18203723430633545,0.18274308741092682,0.18383240699768066,0.19761468470096588,0.20063669979572296,0.2364591509103775,0.23648566007614136,0.3775286376476288,0.3694872558116913,0.6018315553665161,0.5084925293922424,0.8029215335845947,0.27476802468299866,0.8687455654144287,0.2178828865289688,0.8707882761955261,0.2039150893688202,0.8498362898826599,0.22410370409488678,0.845044732093811,0.8482716083526611,1.1793850660324097,1.120863437652588,1.4701594114303589,1.4572010040283203,1.5103754997253418,1.5137451887130737,1.5787043571472168,1.556643009185791
0.4513068199157715,0.4478829383850097,0.444459056854248,0.4487389246622721,0.4547307014465332,0.4461709976196289,0.4453150431315104,0.4521628061930338,0.456442642211914,0.4581545829772949,0.4632904052734375,0.4692822138468424,0.4718501091003418,0.4667142868041992,0.4769859313964844,0.4795538584391276,0.4786978721618652,0.4761299769083659,0.4846896807352702,0.4881135622660319,0.4872575759887695,0.260342463740596,0.2314296863697193,0.2055603592484085,0.1827344823766637,0.1659955060040509,0.1812127572518808,0.1538216908772786,0.1446913401285807,0.1416478898790147,0.1827344823766637,0.1553434160020616,0.1477347903781467,0.1446913401285807,0.1933865582501446,0.1705606813783999,0.1705606813783999,0.1781693070023148,0.2040386341236255,0.1903431080005787,0.1933865582501446,0.2025169089988426,0.6105173110961915,0.5993897120157877,0.5891180674235026,0.5874061584472656,0.5848382314046224,0.6053815205891927,0.6002456665039062,0.5942539215087891,0.5882621129353841,0.6139411926269531,0.6070934295654297,0.5993897120157877,0.5916859944661458,0.6182210922241211,0.6113733291625977,0.6028135935465495,0.595965830485026,0.6190770467122396,0.6130852381388346,0.6070934295654297,0.6011016845703125,0.8112070154260707,0.8325111671730324,0.8538153189199942,0.8827281245478877,0.9085974234121816,0.8857715747974537,0.9146843239113136,0.9314233285409432,0.9420753761574074,0.8872932716652199,0.9192495275426794,0.9299015751591436,0.9390319259078416,0.8872932716652199,0.9131626270435474,0.9238146746600115,0.9283798782913774,0.8842498214156539,0.9025105229130498,0.9116408736617476,0.9177277741608796,0.49551352858543396,0.50633305311203,0.5123270750045776,0.5193800330162048,0.48953139781951904,0.48355725407600403,0.4766969382762909,0.531031608581543,0.471469521522522,0.5094636082649231,0.48588845133781433,0.5868464112281799,0.43485939502716064,0.6092026829719543,0.4042724668979645,0.6109645962715149,0.4517561197280884,0.6147653460502625,0.4564250111579895,0.6010643243789673,0.45161911845207214,0.5958898663520813,0.45388510823249817,0.5539175271987915,0.4513995349407196,0.5531760454177856,0.4509827792644501,0.5505753755569458,0.4498503506183624,0.5553048849105835,0.4471154510974884,0.5229725241661072,0.46561679244041443,0.20767848193645477,0.1805269420146942,0.1805364042520523,0.18060609698295593,0.1820080429315567,0.18254134058952332,0.18333113193511963,0.19757068157196045,0.19905675947666168,0.23666365444660187,0.23610611259937286,0.37718233466148376,0.35631436109542847,0.6016139388084412,0.4836357831954956,0.8029172420501709,0.2647016942501068,0.8685042262077332,0.21689575910568237,0.8705717921257019,0.2016630619764328,0.8496385812759399,0.22033065557479858,0.8371991515159607,0.8402767181396484,1.1709771156311035,1.1188722848892212,1.4688857793807983,1.4572104215621948,1.5104279518127441,1.5135610103607178,1.5744048357009888,1.556636929512024
0.4655075391133626,0.4637937545776367,0.4603661855061849,0.4663644472757975,0.473219617207845,0.4637937545776367,0.4646506627400716,0.4689351399739583,0.4706489245096842,0.4757903099060058,0.4826454798380534,0.4860730489095052,0.4852161407470703,0.4852161407470703,0.4937851270039876,0.4946420033772786,0.4912144343058268,0.4929282188415527,0.4980696042378743,0.4989264806111653,0.4972126960754394,0.2552175733778212,0.2262735296178747,0.2003762421784577,0.1775256828025535,0.1577218656186704,0.1744789406105324,0.1455349109790943,0.1379180625632957,0.1363946844030309,0.1790490468343099,0.1531517593948929,0.1455349109790943,0.1424881687870732,0.1897126374421296,0.1699088343867549,0.1714321984185113,0.1760023046422887,0.2003762421784577,0.1881892734103732,0.1927593796341507,0.198852864018193,0.6103229522705078,0.5991832733154296,0.5889005661010742,0.5871867497762044,0.5846160888671875,0.6051815668741862,0.6008970896402995,0.5940418879191081,0.5880436579386393,0.6137505213419596,0.6077522277832031,0.5983263651529948,0.5906143188476562,0.6180349985758463,0.6111798604329427,0.6026108423868816,0.594898796081543,0.6188919067382812,0.6128936131795247,0.606895383199056,0.6008970896402995,0.8097243132414641,0.8310515227141204,0.8539020679615162,0.8828460693359375,0.9087433991608797,0.8843694616247106,0.914836855287905,0.9315939444082756,0.9422575208875869,0.8874161896882233,0.919406975640191,0.9315939444082756,0.939210792824074,0.8874161896882233,0.9133135195131656,0.9239770959924768,0.9285472163447628,0.8858928539134838,0.9041732788085938,0.9133135195131656,0.9178835833514178,0.495735764503479,0.5064900517463684,0.5127525925636292,0.51955246925354,0.4894663691520691,0.483536034822464,0.4767450988292694,0.5308886170387268,0.47122594714164734,0.5095518827438354,0.48560333251953125,0.5863028168678284,0.4345680773258209,0.6090208888053894,0.40949493646621704,0.6107599139213562,0.4633115231990814,0.6147273182868958,0.4783184826374054,0.6010280847549438,0.47448673844337463,0.5958473682403564,0.47239890694618225,0.5532823204994202,0.4514501988887787,0.5514938831329346,0.4513550400733948,0.5498128533363342,0.449869304895401,0.5545911192893982,0.44709673523902893,0.5216593146324158,0.46580076217651367,0.20569530129432678,0.17954808473587036,0.17984741926193237,0.18010534346103668,0.1801435351371765,0.18064278364181519,0.1815093606710434,0.19719398021697998,0.1984056979417801,0.2361101359128952,0.23376598954200745,0.3771708309650421,0.3519866168498993,0.601253092288971,0.4698376953601837,0.802878737449646,0.2730868458747864,0.8680031895637512,0.23395074903964996,0.8701751828193665,0.2174723893404007,0.8492710590362549,0.23402139544487,0.832919180393219,0.8349441885948181,1.1658517122268677,1.116461992263794,1.4677549600601196,1.456080436706543,1.509946346282959,1.511875033378601,1.5685765743255615,1.552613377571106
0.4783022244771321,0.4723052660624186,0.4637381553649902,0.4671649932861328,0.4705918312072754,0.4800156593322754,0.483442497253418,0.4868693351745605,0.4894394556681315,0.4937230110168457,0.5005766868591308,0.5057169278462728,0.5065736452738444,0.5048602104187012,0.5142840385437012,0.5159974416097005,0.5168541590372722,0.5117138862609864,0.5185675938924154,0.5194242795308431,0.5194242795308431,0.2646260014286747,0.232642180831344,0.2021813993100766,0.1823818913212529,0.1686745396366825,0.1854279694733796,0.1595362910517939,0.1519210956714771,0.1519210956714771,0.1899970867015697,0.1656284614845558,0.1580132519757306,0.1564902128996672,0.2021813993100766,0.1839049303973162,0.1823818913212529,0.1839049303973162,0.2143657119185836,0.2021813993100766,0.2006583602340133,0.20370443838614,0.6093788146972656,0.599098269144694,0.5879610697428386,0.5871043523152669,0.5845342000325521,0.6050952275594076,0.5999549865722656,0.593958028157552,0.5871043523152669,0.6136623382568359,0.6068086624145508,0.5982415517171223,0.5905311584472657,0.6170892079671224,0.6102355321248373,0.6025251388549805,0.5948147455851237,0.6179458618164062,0.6128056208292644,0.6068086624145508,0.5999549865722656,0.8098740189163773,0.8311965942382813,0.8540421662507234,0.8829799510814526,0.9088715729890048,0.8845029477719908,0.914963729293258,0.9317172015154804,0.9423784609194156,0.8860260009765625,0.9180098357024016,0.9301941483109084,0.939332354510272,0.8860260009765625,0.91344073260272,0.9241019920066552,0.9286710951063368,0.8860260009765625,0.904302469889323,0.91344073260272,0.9180098357024016,0.4986899495124817,0.5076937079429626,0.514319121837616,0.5204126238822937,0.49058786034584045,0.4844524562358856,0.477865993976593,0.5301732420921326,0.4712282717227936,0.5106219053268433,0.48707935214042664,0.585500180721283,0.43232882022857666,0.6087570786476135,0.4170391857624054,0.6106141805648804,0.4788409173488617,0.6146866679191589,0.4911278486251831,0.6009204387664795,0.4905042052268982,0.5957463979721069,0.48866376280784607,0.5527480840682983,0.4514271020889282,0.5515660047531128,0.45087069272994995,0.5494986176490784,0.449841171503067,0.554097592830658,0.4470115303993225,0.5217444896697998,0.46603474020957947,0.19476477801799774,0.17370516061782837,0.1757069230079651,0.17703133821487427,0.17127268016338348,0.17226526141166687,0.1739208847284317,0.1958327293395996,0.19527146220207214,0.22853438556194305,0.22376936674118042,0.3771860897541046,0.3516105115413666,0.6003697514533997,0.4716103672981262,0.8028815984725952,0.28106069564819336,0.8680011034011841,0.23679381608963013,0.8700330257415771,0.2246890813112259,0.8490899205207825,0.24249330163002014,0.8303958773612976,0.8349446654319763,1.166068196296692,1.1168125867843628,1.4676066637039185,1.456228256225586,1.5098985433578491,1.5121245384216309,1.5656431913375854,1.552842617034912
0.4889706293741861,0.4864003181457519,0.4846867879231771,0.4915409406026204,0.5001086235046387,0.5001086235046387,0.5078195571899414,0.5121033986409506,0.5138169288635254,0.5121033986409506,0.5215278625488281,0.5223846117655436,0.5223846117655436,0.5206710815429687,0.5275252342224122,0.5275252342224122,0.5240981419881184,0.5266684532165528,0.5309523264567058,0.529238764444987,0.5266684532165528,0.2844098409016927,0.2524237738715277,0.2234840393066406,0.1991137186686198,0.1777896739818431,0.2036831467239945,0.1808359781901041,0.1732202459264684,0.1671276657669632,0.2143451549388744,0.191497986404984,0.1808359781901041,0.176266536006221,0.2295766194661458,0.2082525747793692,0.1991137186686198,0.1884516963252314,0.2463312219690393,0.2310997574417679,0.2280534673620153,0.23262289541739,0.6089183171590169,0.5977802912394206,0.5874990463256836,0.5857855478922526,0.5832152048746745,0.6037776947021485,0.59863707224528,0.592639668782552,0.586642328898112,0.6123453776041666,0.6063479741414388,0.5977802912394206,0.5900693893432617,0.6157724380493164,0.6097750345865885,0.6020641326904297,0.5943532307942708,0.6174860000610352,0.6114885965983073,0.6054911931355794,0.5994938532511394,0.8114180388274016,0.8327420270001447,0.8555892379195602,0.8830058345088252,0.9088993213794848,0.8845290007414641,0.913468763563368,0.930223309552228,0.9424084698712384,0.8875752766927083,0.9180381492332176,0.930223309552228,0.9393621939199942,0.8875752766927083,0.913468763563368,0.9226075914171008,0.9287001998336228,0.8860521104600695,0.9043298791956018,0.913468763563368,0.9180381492332176,0.49870553612709045,0.5073700547218323,0.5142611861228943,0.5205070972442627,0.4902722239494324,0.4842071533203125,0.4777381718158722,0.5291079878807068,0.4708401560783386,0.5106966495513916,0.4872499704360962,0.5851343870162964,0.43003126978874207,0.6084595918655396,0.41975462436676025,0.6104211211204529,0.48867034912109375,0.6143050789833069,0.4998358488082886,0.6006090641021729,0.5007608532905579,0.595574140548706,0.49835947155952454,0.552537202835083,0.45130428671836853,0.551630437374115,0.45087000727653503,0.5485629439353943,0.449811726808548,0.5526724457740784,0.4468042552471161,0.520929753780365,0.4660525321960449,0.19420158863067627,0.17298859357833862,0.17419683933258057,0.1749931126832962,0.1715259701013565,0.17237919569015503,0.17408548295497894,0.19335968792438507,0.19529083371162415,0.22720767557621002,0.22386473417282104,0.3768951892852783,0.35155636072158813,0.6000143885612488,0.4787610173225403,0.80302494764328,0.2926694452762604,0.8680976033210754,0.24799829721450806,0.8700796961784363,0.23406217992305756,0.8491262793540955,0.2522551119327545,0.8304275274276733,0.835719645023346,1.167056918144226,1.1166143417358398,1.4678642749786377,1.4560579061508179,1.5103398561477661,1.5115242004394531,1.5661345720291138,1.5517210960388184
0.4948617617289225,0.4931492169698079,0.4931492169698079,0.501711908976237,0.5119871457417806,0.5085620562235514,0.5145559628804525,0.5196935653686523,0.5239749272664388,0.518837324778239,0.527400016784668,0.5282562891642253,0.5291125615437825,0.5256874720255534,0.5299688339233398,0.5282562891642253,0.5239749272664388,0.5299688339233398,0.5308250745137533,0.5282562891642253,0.5248311996459961,0.3090574193883825,0.2801345260054977,0.249689370614511,0.2299000210232205,0.2131551813196253,0.2329445309109158,0.21011067143193,0.1964103416160301,0.1887990598325376,0.2420780888310185,0.2207664631031177,0.2040216375280309,0.1933658317283347,0.2573006523980035,0.2390335648148148,0.2359890407986111,0.2451225845902054,0.2710009822139033,0.2603451764142072,0.261867438422309,0.2694787202058015,0.6087456385294596,0.5976141611735026,0.5873388926188151,0.5856263478597005,0.5830575307210286,0.6036080042521159,0.5984704335530598,0.5924765268961588,0.5856263478597005,0.6113144556681315,0.6061768213907878,0.5967578887939453,0.5890514373779296,0.615595817565918,0.6096019109090169,0.6010392506917318,0.5941890716552735,0.6164520899454753,0.6113144556681315,0.6053205490112304,0.5993267059326172,0.8114024409541377,0.8327139960394965,0.8540256076388889,0.8829485292787905,0.9088269269024885,0.8844707912868923,0.9133936564127604,0.9316607439959492,0.942316578052662,0.887515315303096,0.917960442437066,0.9316607439959492,0.9392720540364584,0.887515315303096,0.9133936564127604,0.9240494904694734,0.9301384819878472,0.8859930532949942,0.9042601408781828,0.9133936564127604,0.917960442437066,0.49871915578842163,0.5074343085289001,0.5143670439720154,0.5206316113471985,0.49008211493492126,0.48400622606277466,0.47718048095703125,0.5288126468658447,0.46943199634552,0.510789155960083,0.4868740439414978,0.5846546292304993,0.42745891213417053,0.6080378293991089,0.4209057688713074,0.6099962592124939,0.49427545070648193,0.6135433316230774,0.508171021938324,0.599755048751831,0.506583571434021,0.5950610041618347,0.5033344626426697,0.5523970723152161,0.45119842886924744,0.5516936779022217,0.45096537470817566,0.5481259822845459,0.4497857391834259,0.5521447062492371,0.4467158913612366,0.519911527633667,0.46609559655189514,0.1955225020647049,0.17304369807243347,0.17422521114349365,0.17510783672332764,0.1719028204679489,0.17276465892791748,0.17466416954994202,0.19351494312286377,0.1953134536743164,0.2282235473394394,0.2270854413509369,0.3768371045589447,0.35265254974365234,0.6000927686691284,0.4879797399044037,0.8036502003669739,0.3149392604827881,0.8693624138832092,0.2718442976474762,0.8711913824081421,0.2583412826061249,0.8502804636955261,0.27265411615371704,0.8305196762084961,0.8379031419754028,1.1672821044921875,1.1168323755264282,1.4684258699417114,1.456262230873108,1.511233925819397,1.511959433555603,1.566893458366394,1.5519423484802246
0.4975803693135579,0.4984363555908203,0.5010042190551758,0.5104198137919108,0.5181234995524089,0.5138436635335286,0.5232592582702636,0.5266831080118816,0.5301069577534994,0.5232592582702636,0.5301069577534994,0.5301069577534994,0.5292510032653809,0.5292510032653809,0.5326748530069987,0.5283950487772624,0.5232592582702636,0.5326748530069987,0.5326748530069987,0.5283950487772624,0.5241152127583821,0.3366680851689091,0.3047121401186342,0.2727562233253761,0.2484088473849826,0.2255831683123553,0.2651476542154948,0.239278581407335,0.2316700122974537,0.2271048793086299,0.2757996453179253,0.254495691370081,0.2438437002676504,0.2316700122974537,0.2940601772732205,0.2818864893030237,0.2864516081633391,0.2940601772732205,0.3107989841037326,0.3001470212583189,0.3062338652434172,0.3123207092285156,0.6088555018107097,0.5977280298868816,0.5874564488728841,0.5857445398966471,0.5823206583658854,0.6037197748819987,0.598583984375,0.5917362848917643,0.5857445398966471,0.6114234288533529,0.6054316838582356,0.596872075398763,0.5891683578491211,0.6157032012939453,0.6088555018107097,0.6011518478393555,0.5934481938680013,0.6165591557820638,0.6105674743652344,0.6045757293701172,0.598583984375,0.8114420007776331,0.8327459829824942,0.8540499086733218,0.8829624317310475,0.9088315610532408,0.8844841285988136,0.9149184050383392,0.9316571836118344,0.9438308715820312,0.8875275788483796,0.9194834956416378,0.9316571836118344,0.9392657809787326,0.8875275788483796,0.9133966516565394,0.92404864275897,0.928613789876302,0.8860058819806135,0.9042664139359086,0.9133966516565394,0.9179617987738716,0.4990690350532532,0.5076014399528503,0.5151568651199341,0.521253228187561,0.4900816082954407,0.48401108384132385,0.47714415192604065,0.528837263584137,0.46881359815597534,0.511383593082428,0.4868907630443573,0.5846099257469177,0.42725908756256104,0.6077525019645691,0.41932183504104614,0.6097877621650696,0.4959338903427124,0.6129721999168396,0.5110810995101929,0.5991137027740479,0.5116798877716064,0.5946443676948547,0.50886470079422,0.5524324774742126,0.4511946141719818,0.5528692603111267,0.4515253007411957,0.548097550868988,0.4498758614063263,0.5520159602165222,0.4467114806175232,0.5197992920875549,0.46618953347206116,0.1985182911157608,0.17349503934383392,0.1747000366449356,0.17556118965148926,0.17306576669216156,0.1743033081293106,0.1765804886817932,0.19426476955413818,0.1955936849117279,0.23062601685523987,0.23156385123729706,0.3768432140350342,0.3533583879470825,0.6001359224319458,0.48937541246414185,0.8039124011993408,0.32958951592445374,0.8703821897506714,0.2878781259059906,0.8718098402023315,0.27397987246513367,0.8507561087608337,0.28816476464271545,0.8311893343925476,0.8384416699409485,1.170229196548462,1.1177005767822266,1.4684996604919434,1.4564021825790405,1.5113204717636108,1.5120500326156616,1.568052887916565,1.5524338483810425
0.4925356229146321,0.4933919588724772,0.4959609349568685,0.5070932706197103,0.5130875905354818,0.5062369346618653,0.5148002624511718,0.5165129025777181,0.5173692385355632,0.5173692385355632,0.5276452382405599,0.5285015741984049,0.5276452382405599,0.5242198944091797,0.5310705502827963,0.5276452382405599,0.5242198944091797,0.5285015741984049,0.5327832221984863,0.5293578783671061,0.5250762303670248,0.3594758775499131,0.3259837962962963,0.2955364086009838,0.269656174271195,0.2498653835720486,0.2879245899341724,0.2605219523111979,0.2529101336443866,0.2483430085358796,0.2970587836371527,0.2727008960865162,0.2620443273473669,0.2574772304958767,0.313804852520978,0.2955364086009838,0.2940140618218316,0.2985811586733217,0.3290285181116175,0.3168495743362992,0.3153271993001302,0.3168495743362992,0.6081404368082682,0.5978644688924154,0.5875884373982747,0.5858758290608724,0.5824504852294922,0.603002421061198,0.5987208048502605,0.5918701171875,0.5850194931030274,0.6115657806396484,0.605571428934733,0.5970081329345703,0.5884447733561198,0.6149910608927409,0.6089967727661133,0.6004334767659505,0.5935827891031901,0.615847396850586,0.6107094446818034,0.604715092976888,0.5987208048502605,0.8116191722728588,0.8329323097511574,0.8542454472294561,0.8831704598885995,0.9090507224754052,0.8846928349247685,0.9151401661060474,0.9318862349898728,0.944065178765191,0.8877375849971065,0.9197072912145544,0.9318862349898728,0.939498053656684,0.8877375849971065,0.9151401661060474,0.9242744163230612,0.9288414849175348,0.8862152099609375,0.9060059724030672,0.913617847583912,0.9181849161783854,0.5000171065330505,0.5081830620765686,0.5164307951927185,0.5222529172897339,0.49012812972068787,0.4841500222682953,0.4771868884563446,0.5295636653900146,0.46870213747024536,0.5133523344993591,0.4876735508441925,0.5849016904830933,0.4272994101047516,0.6077271103858948,0.41746318340301514,0.6095271706581116,0.49369391798973083,0.6123483180999756,0.5095818042755127,0.5984869599342346,0.5086221098899841,0.594244122505188,0.5062417387962341,0.5524452328681946,0.4511791467666626,0.554370641708374,0.4515529274940491,0.5481051206588745,0.44977179169654846,0.5520152449607849,0.4465833604335785,0.5196497440338135,0.4653385877609253,0.20121192932128906,0.17357634007930756,0.17477406561374664,0.17563338577747345,0.1739051342010498,0.17585310339927673,0.17902037501335144,0.1942162662744522,0.1970045566558838,0.2327726185321808,0.23505899310112,0.37726089358329773,0.3536176085472107,0.6004700660705566,0.5167156457901001,0.8044043183326721,0.3383813500404358,0.871537446975708,0.293817400932312,0.8726016879081726,0.28048232197761536,0.8514617085456848,0.2911747395992279,0.8320376873016357,0.8391692638397217,1.1717299222946167,1.118037223815918,1.4687907695770264,1.455433964729309,1.5113294124603271,1.5107883214950562,1.5685412883758545,1.5502694845199585
0.484831428527832,0.484831428527832,0.4856882095336914,0.4942559560139974,0.5028237342834473,0.4942559560139974,0.4976830800374349,0.5011101722717285,0.504537296295166,0.5053940773010254,0.5148186047871908,0.5199592590332032,0.5242431640625,0.513105042775472,0.5191025098164876,0.5173889478047689,0.5156753857930502,0.5173889478047689,0.5199592590332032,0.5182457288106282,0.5148186047871908,0.3745197437427662,0.3440565603750723,0.3135933770073785,0.29379232901114,0.2739912810149016,0.3014081319173177,0.2770375852231626,0.266375478108724,0.2587596752025463,0.3090239065664786,0.2876996923376013,0.2755144189905237,0.2694217823169849,0.3242555123788339,0.3075007685908564,0.3044544361255787,0.3075007685908564,0.3379639237015335,0.3273018165870949,0.325778650354456,0.3288249828197337,0.6082072575887044,0.5979259490966797,0.5885014216105143,0.5859310785929362,0.5833607355753581,0.6039234161376953,0.598782730102539,0.5927852630615235,0.5859310785929362,0.6124911626180013,0.6056369145711263,0.5970691680908203,0.5893582026163737,0.6150615056355794,0.6090640385945638,0.6013530731201172,0.5936420440673829,0.6159182866414388,0.6107776006062825,0.6047801335652669,0.598782730102539,0.8116662484628183,0.8329904626916956,0.8558378431532118,0.8832547223126447,0.9091483787254052,0.8863009982638889,0.9167642098885996,0.9319957591869212,0.94265786630136,0.8878241644965278,0.9198104858398436,0.9319957591869212,0.9380884241174768,0.8878241644965278,0.9152410436559606,0.9243799845377604,0.928949483235677,0.8863009982638889,0.904578936541522,0.9137178774233218,0.9182873196072048,0.5014241337776184,0.5099828839302063,0.5182846784591675,0.5238044261932373,0.4906737506389618,0.48467254638671875,0.47777003049850464,0.5311180949211121,0.4687403738498688,0.5151202082633972,0.4892168343067169,0.5858241319656372,0.4273200035095215,0.6077244877815247,0.41409409046173096,0.609514057636261,0.4896252751350403,0.6120890974998474,0.5080047249794006,0.5982511043548584,0.504336953163147,0.5941349267959595,0.5010817646980286,0.5525266528129578,0.45113101601600647,0.5559272170066833,0.45157748460769653,0.5481013655662537,0.44972261786460876,0.5518696904182434,0.4463616907596588,0.5196988582611084,0.4652259051799774,0.2023879736661911,0.17364957928657532,0.1748296022415161,0.17566362023353577,0.174110546708107,0.17626959085464478,0.17968808114528656,0.19424685835838318,0.19735518097877502,0.23348230123519897,0.2359805703163147,0.3786660432815552,0.35569095611572266,0.6020058989524841,0.5406861305236816,0.8049870729446411,0.35338184237480164,0.8726568222045898,0.3038872182369232,0.8730802536010742,0.28327998518943787,0.8518964052200317,0.29793959856033325,0.8338536620140076,0.8406880497932434,1.1728829145431519,1.1183232069015503,1.4690150022506714,1.455445647239685,1.5113269090652466,1.5107030868530273,1.569351315498352,1.550323247909546
0.4732742309570312,0.4732742309570312,0.4732742309570312,0.481847349802653,0.4904205004374186,0.4801327387491862,0.484419314066569,0.4904205004374186,0.4955643971761068,0.491277821858724,0.5024229049682617,0.5049948374430339,0.5049948374430339,0.4998509407043457,0.5058521588643392,0.5024229049682617,0.4989936510721842,0.5049948374430339,0.507566769917806,0.5049948374430339,0.5015655835469564,0.3787991276493779,0.3483168425383391,0.3193586843985098,0.3025934572573061,0.29192465322989,0.3010693302860966,0.2721111721462673,0.2599182694046585,0.2553459167480468,0.3102140073423032,0.2858282018590856,0.2797317504882812,0.2797317504882812,0.3239310370551215,0.307165781656901,0.3102140073423032,0.3163104587131076,0.3361239397967303,0.325455164026331,0.3285033897117332,0.3345998410825376,0.6087298075358073,0.5984420776367188,0.5881542841593425,0.5864396413167318,0.5830104192097981,0.6044432322184244,0.5992993672688802,0.5924408594767253,0.5864396413167318,0.6130163828531902,0.6061578750610351,0.5975847244262695,0.5898689270019531,0.6155883153279622,0.6095871607462565,0.6010140101114909,0.5941555023193359,0.6164456685384114,0.6113017400105795,0.6053005854288737,0.5992993672688802,0.8116473727756076,0.8329849808304398,0.854322588885272,0.8832807187680844,0.9091906512225116,0.8863289727105035,0.915287102593316,0.9320523297345196,0.944245288990162,0.8878530431676794,0.9198594269929108,0.9305282592773436,0.9396729080765336,0.8878530431676794,0.915287102593316,0.9244318079065392,0.9290041323061342,0.8863289727105035,0.9046183268229168,0.9137629756221064,0.918335356535735,0.5038093328475952,0.5129927396774292,0.520314633846283,0.5259040594100952,0.49247977137565613,0.4859100878238678,0.4796295464038849,0.5338453054428101,0.46936193108558655,0.5172180533409119,0.49162882566452026,0.5868425369262695,0.42733773589134216,0.6077519059181213,0.40829211473464966,0.6095094680786133,0.4867643117904663,0.6118911504745483,0.5007318258285522,0.5981512665748596,0.4982883632183075,0.5941032767295837,0.49653705954551697,0.5528222918510437,0.45112815499305725,0.5577247738838196,0.45159676671028137,0.5481531023979187,0.4495128393173218,0.551832914352417,0.4459858536720276,0.5198975205421448,0.46470338106155396,0.20267124474048615,0.17374175786972046,0.1749061793088913,0.17571388185024261,0.1742570698261261,0.17632274329662323,0.17981156706809998,0.1942785382270813,0.19774025678634644,0.23353561758995056,0.2362324446439743,0.3801252543926239,0.35863813757896423,0.604302704334259,0.5553302764892578,0.8056612014770508,0.36544662714004517,0.8736161589622498,0.3110904097557068,0.8734889626502991,0.28759849071502686,0.852263331413269,0.3035271167755127,0.8378783464431763,0.8444161415100098,1.1730371713638306,1.118629813194275,1.4692072868347168,1.4555312395095825,1.5112863779067993,1.5107232332229614,1.5710821151733398,1.5510404109954834
0.4612725893656412,0.4595575014750163,0.4586999575297038,0.4664178530375162,0.4732781728108724,0.4638452212015788,0.4681329409281413,0.4732781728108724,0.4758508046468099,0.4758508046468099,0.4852837562561035,0.4869988441467285,0.487856388092041,0.4852837562561035,0.491286563873291,0.489571475982666,0.4869988441467285,0.491286563873291,0.494716739654541,0.4921441078186035,0.4904290199279785,0.3711405436197916,0.3421746713143808,0.3162578441478588,0.2964391072591146,0.284242926703559,0.2933900621202256,0.2628996672453704,0.2537525600857205,0.2507035149468316,0.3010126467104311,0.2750958195439091,0.2674732349537037,0.2644241898148148,0.3132087990089699,0.2949145846896701,0.2979636015715422,0.30406169184932,0.3254049513075087,0.3132087990089699,0.3162578441478588,0.3208314118561921,0.6096274058024088,0.5984793345133463,0.5890463511149089,0.5873312632242839,0.5847586313883464,0.6044821421305339,0.5993368784586589,0.5933340708414714,0.5864737192789714,0.6130575180053711,0.6061972300211589,0.5976217905680339,0.5899038950602213,0.6156301498413086,0.6087698618570964,0.6010519663492838,0.5941916147867838,0.616487693786621,0.6104849497477214,0.6053396860758463,0.5993368784586589,0.8117266054506656,0.8330699214228877,0.8559377034505208,0.8833790531864872,0.9077713577835648,0.8864280983253762,0.916918436686198,0.9321636623806424,0.94283526385272,0.8894770869502315,0.9199674818250868,0.930639139811198,0.9382617526584202,0.8879526208948206,0.9153939706307872,0.9230165269639756,0.927590094672309,0.8864280983253762,0.904722312644676,0.9138694480613426,0.9184429592556425,0.5055050253868103,0.5156824588775635,0.5218460559844971,0.527729868888855,0.49480491876602173,0.48751065135002136,0.4817396104335785,0.5362780690193176,0.47064584493637085,0.5185853838920593,0.4932778775691986,0.5872208476066589,0.42720410227775574,0.607926607131958,0.40535300970077515,0.6095429062843323,0.48051705956459045,0.6117895245552063,0.49325069785118103,0.5981391072273254,0.4904319941997528,0.5941049456596375,0.4888066053390503,0.5531728863716125,0.4511391222476959,0.558399498462677,0.4515959322452545,0.5481588244438171,0.4494958221912384,0.5517346858978271,0.44582387804985046,0.5200280547142029,0.464713990688324,0.20269310474395752,0.17382857203483582,0.17496490478515625,0.17583295702934265,0.17437972128391266,0.17640206217765808,0.1798056662082672,0.19519035518169403,0.1977478712797165,0.23360098898410797,0.23619185388088226,0.38044828176498413,0.3632379174232483,0.6046456098556519,0.5599842667579651,0.8058777451515198,0.36560389399528503,0.8739749789237976,0.3126707375049591,0.8737866878509521,0.2915433347225189,0.8525443077087402,0.3067444860935211,0.8407570123672485,0.8484769463539124,1.174861192703247,1.1187208890914917,1.4692871570587158,1.455873966217041,1.5113141536712646,1.5115050077438354,1.5736390352249146,1.5519962310791016
0.452472718556722,0.4490407625834147,0.4481827735900879,0.4541887283325195,0.4601946512858073,0.4507567405700683,0.4550467173258463,0.4584786732991536,0.4593366622924805,0.4627686182657877,0.4704905192057291,0.4747804641723633,0.4756384531656901,0.4722064971923828,0.4790704091389974,0.4782124201456705,0.4747804641723633,0.4799283981323242,0.4842183430989583,0.4816443761189778,0.4790704091389974,0.3539053740324797,0.3233990704571759,0.2959433944137008,0.2776396009657118,0.2639117770724826,0.2730636596679687,0.2456079836244936,0.2395067285608362,0.2364561010290075,0.2806902284975405,0.2532345807110822,0.2456079836244936,0.2379814147949218,0.2928927668818721,0.2745889734338831,0.2761142871997974,0.2822155422634548,0.3050952770091869,0.2913674531159577,0.2944180806477864,0.3020446494773582,0.6103428522745769,0.5991889953613281,0.5897511164347331,0.5880351384480794,0.585461171468099,0.6051949183146159,0.600046984354655,0.5940410614013671,0.5871771494547526,0.6137748082478841,0.6060529073079427,0.5983310063680013,0.5897511164347331,0.6163487752278646,0.60948486328125,0.6017629623413085,0.594899050394694,0.6163487752278646,0.6112008412679036,0.6051949183146159,0.5991889953613281,0.8114998711480035,0.832854320384838,0.8557340268735533,0.8847149884259259,0.9091200651945892,0.8862403021918402,0.9167466340241608,0.9319997716833044,0.9426769680447048,0.8892909862377025,0.9197972615559896,0.93047445791739,0.9381010267469618,0.8877656724717882,0.9136960064923322,0.9228478890878185,0.9274238303855612,0.8862403021918402,0.9030188101309315,0.9121706927264178,0.9167466340241608,0.505478024482727,0.5161604285240173,0.5222349762916565,0.5279406309127808,0.4952181577682495,0.4879699647426605,0.48253294825553894,0.5371519923210144,0.47224488854408264,0.5186779499053955,0.49339139461517334,0.5874013304710388,0.42666351795196533,0.6082268357276917,0.40231630206108093,0.6096006035804749,0.46518146991729736,0.6117866635322571,0.47101709246635437,0.598154604434967,0.4731208086013794,0.5941412448883057,0.4749496877193451,0.5535205602645874,0.4511106312274933,0.558497965335846,0.4510047137737274,0.5481854677200317,0.4493381381034851,0.551730215549469,0.44572168588638306,0.5203903913497925,0.4639259874820709,0.20272232592105865,0.1739204078912735,0.17514315247535706,0.1762014776468277,0.1744411736726761,0.1764598786830902,0.17982861399650574,0.19661924242973328,0.19776003062725067,0.23382802307605743,0.23616072535514832,0.3805295526981354,0.36540013551712036,0.6046503186225891,0.5586499571800232,0.8058799505233765,0.3649069368839264,0.873968780040741,0.3116239905357361,0.8738236427307129,0.29190146923065186,0.8525737524032593,0.308081716299057,0.8415918946266174,0.849324643611908,1.1767456531524658,1.1194425821304321,1.470030426979065,1.4566984176635742,1.5117775201797485,1.512655258178711,1.577210783958435,1.5535467863082886
0.4454042434692383,0.4419719060262044,0.439397652943929,0.4454042434692383,0.4514108657836914,0.4419719060262044,0.4428299903869629,0.4479784965515136,0.450552749633789,0.4539851188659668,0.4608497937520345,0.4642821629842122,0.4651402473449707,0.4634240786234537,0.4702887535095215,0.4702887535095215,0.4677145004272461,0.4711468378702799,0.4762953758239746,0.4745791753133138,0.4728630065917968,0.3355860392252604,0.3066017716019242,0.2791430155436198,0.2577861927173756,0.2425313313802083,0.2562607094093605,0.2257509584780092,0.2165980303729022,0.2150725470648871,0.2593116760253906,0.2288019392225477,0.2211744944254557,0.2165980303729022,0.2699900874385127,0.2486332646122685,0.2532097427933304,0.2608371593334057,0.2821939821596498,0.2684646041304976,0.2730410540545428,0.2821939821596498,0.6101568857828776,0.5998598098754883,0.5904208501180013,0.5887046813964844,0.5861304601033529,0.6067245483398438,0.6015759785970052,0.5947113037109375,0.5878466288248698,0.614447275797526,0.6075826009114583,0.5981436411539713,0.5904208501180013,0.6170215606689453,0.6101568857828776,0.6015759785970052,0.5947113037109375,0.6170215606689453,0.6118730545043946,0.6058664321899414,0.5990017573038737,0.8115380746346933,0.8328948974609375,0.8557772035951967,0.8847614429615162,0.909169288917824,0.8862869262695312,0.9167967054578992,0.9320515950520832,0.9427299782081888,0.8878124660915798,0.9198476720739294,0.9305260552300348,0.9381535282841436,0.8878124660915798,0.9137457388418692,0.9228986386899596,0.9290005719220196,0.8847614429615162,0.9030672991717305,0.9122202555338542,0.9167967054578992,0.505426287651062,0.516214907169342,0.5223932862281799,0.5280067920684814,0.4951862394809723,0.4880819022655487,0.4827539622783661,0.5376459360122681,0.47291213274002075,0.5186173915863037,0.49336081743240356,0.5874164700508118,0.42635488510131836,0.6084991693496704,0.4016021192073822,0.6097094416618347,0.45369720458984375,0.6118417978286743,0.4599885940551758,0.5983181595802307,0.45966246724128723,0.5942803025245667,0.46150630712509155,0.5537644624710083,0.45107272267341614,0.558983564376831,0.4503386318683624,0.5490241646766663,0.4490346312522888,0.5522593855857849,0.44538450241088867,0.5222275853157043,0.4634810984134674,0.2037753313779831,0.1749056577682495,0.17609333992004395,0.1774919629096985,0.17494556307792664,0.17657597362995148,0.17984183132648468,0.19855263829231262,0.19741190969944,0.23491987586021423,0.23614315688610077,0.3806193172931671,0.36541682481765747,0.604637622833252,0.5561714768409729,0.8058598637580872,0.3549014627933502,0.8739610314369202,0.2950161099433899,0.8738289475440979,0.2795298099517822,0.8525815606117249,0.2959827780723572,0.8423582315444946,0.8498049974441528,1.1783589124679565,1.1199203729629517,1.4709395170211792,1.4584934711456299,1.5127671957015991,1.5155060291290283,1.5797741413116455,1.5557548999786377
0.4429204940795898,0.4386285146077474,0.4351949373881022,0.4403453191121419,0.446354071299235,0.4369117101033529,0.4377701123555501,0.4437788963317871,0.4454956690470377,0.4489292780558268,0.4549380302429199,0.4600884119669596,0.4618052164713541,0.4583716074625651,0.4660971959431966,0.4660971959431966,0.4635219891866048,0.46695556640625,0.4712475458780924,0.4712475458780924,0.4686723709106445,0.3123121473524305,0.2848434730812355,0.2589008472583912,0.2390623587149161,0.2238019872594762,0.2344842557553891,0.2054895471643518,0.1978593614366319,0.1963333271167896,0.2360102900752314,0.2070155814841941,0.1978593614366319,0.193281258477105,0.246692544442636,0.2253280357078269,0.2299061386673538,0.2421144273546007,0.2604268957067419,0.2436404758029514,0.2482185928909867,0.2589008472583912,0.6111660639444987,0.6000069300333659,0.591422971089681,0.5897061665852864,0.5862726211547852,0.6068740844726562,0.6017237345377604,0.5948565800984701,0.5879893620808919,0.6145996729532878,0.6077325185139973,0.5991485595703125,0.591422971089681,0.6171748479207356,0.6103076934814453,0.6025821050008138,0.5957149505615235,0.6180332183837891,0.6120244979858398,0.6060157140096029,0.6000069300333659,0.8113262035228588,0.8326907687717013,0.8555813259548611,0.88457602041739,0.9089925695348668,0.8861020123517072,0.9166227552625869,0.9318831267180266,0.942565409342448,0.8876280608000578,0.9196748521592882,0.9318831267180266,0.9395133124457464,0.8876280608000578,0.913570714879919,0.9242529409903067,0.9288310863353588,0.88457602041739,0.9028884322554976,0.9120446664315685,0.9181488037109377,0.5051466226577759,0.5161259174346924,0.5223914980888367,0.5279709100723267,0.495137095451355,0.48817363381385803,0.48295408487319946,0.5376662611961365,0.47430160641670227,0.5185809135437012,0.4933137893676758,0.5874635577201843,0.4271206855773926,0.6086301803588867,0.4014858305454254,0.6098018884658813,0.4494725465774536,0.6119464039802551,0.45376887917518616,0.5986177325248718,0.45303580164909363,0.5945132374763489,0.4560390114784241,0.5538225173950195,0.45107200741767883,0.5589599013328552,0.45014140009880066,0.5491950511932373,0.448578804731369,0.5522884130477905,0.4446992576122284,0.5231027007102966,0.46322885155677795,0.20404523611068726,0.17568036913871765,0.17668330669403076,0.17812871932983398,0.1751679927110672,0.1766340583562851,0.1796119064092636,0.19890767335891724,0.1961517035961151,0.23525169491767883,0.23536735773086548,0.38076457381248474,0.36267372965812683,0.604503870010376,0.5406709909439087,0.8057499527931213,0.3303545117378235,0.8737638592720032,0.27213039994239807,0.8737854361534119,0.2579711079597473,0.8525631427764893,0.27551504969596863,0.8425900340080261,0.8499844670295715,1.1793192625045776,1.1199743747711182,1.4718267917633057,1.4606399536132812,1.513978362083435,1.5187233686447144,1.5806411504745483,1.5576601028442383
0.4437359809875488,0.4403041839599609,0.4368723551432291,0.4420200665791829,0.4480257352193196,0.4377303123474121,0.4385882695515951,0.4445939381917317,0.4480257352193196,0.4497416496276855,0.4548893610636393,0.4608949979146322,0.462610912322998,0.4600370724995931,0.4677586237589518,0.4686165809631347,0.4677586237589518,0.4686165809631347,0.4737642923990885,0.4754801750183105,0.4737642923990885,0.2943504050925926,0.2668959441008391,0.2409667403609664,0.2226637663664641,0.2043608065004702,0.2165627797444661,0.1860578325059678,0.1784316027605975,0.1769063455087167,0.2165627797444661,0.1875830756293403,0.1784316027605975,0.1723306020100911,0.2272395098650897,0.2043608065004702,0.2028355492485894,0.2089365499990957,0.2409667403609664,0.2241890236183449,0.2257142667417173,0.2394414831090856,0.6110365549723308,0.6007411321004231,0.5913036346435547,0.5895877838134765,0.5861559549967448,0.6067468007405599,0.6015990575154623,0.5955934524536133,0.5887297948201498,0.6144683837890625,0.6076047261555989,0.5990252176920573,0.5913036346435547,0.6179001490275066,0.6110365549723308,0.6024570465087891,0.5955934524536133,0.6179001490275066,0.6127524693806966,0.6067468007405599,0.5998832066853841,0.8114092791521991,0.8327627111364294,0.8556414568865741,0.8846211186161748,0.9090251216182004,0.8861463758680556,0.9166513513635706,0.9319038108543112,0.9425805551034432,0.8876716331199364,0.9197018093532986,0.9303785536024306,0.9395300405996816,0.8876716331199364,0.913600836859809,0.9227523238570602,0.9288532963505498,0.8846211186161748,0.9029240926106772,0.9120755796079284,0.9166513513635706,0.5046583414077759,0.5157057642936707,0.5223783254623413,0.5278266668319702,0.49475783109664917,0.4880881905555725,0.48285791277885437,0.5375880599021912,0.47444042563438416,0.5183602571487427,0.4932122528553009,0.5876155495643616,0.42862531542778015,0.60878586769104,0.4016553461551666,0.6098340153694153,0.4490748941898346,0.6120129823684692,0.45325157046318054,0.5988374948501587,0.45291295647621155,0.5946766138076782,0.4560793936252594,0.5538939833641052,0.45112159848213196,0.5585006475448608,0.44985005259513855,0.5492032170295715,0.44770547747612,0.5522871613502502,0.4437175691127777,0.5231863856315613,0.46285489201545715,0.20448820292949677,0.17602722346782684,0.17681482434272766,0.17818723618984222,0.17554907500743866,0.17676816880702972,0.17959941923618317,0.19890432059764862,0.1954946517944336,0.23567846417427063,0.23524637520313263,0.38075879216194153,0.35712653398513794,0.6043217778205872,0.5238393545150757,0.8057190775871277,0.3113110363483429,0.8737493753433228,0.25501152873039246,0.873780369758606,0.2400895357131958,0.8525626063346863,0.25847920775413513,0.8425000905990601,0.8498519062995911,1.181562900543213,1.1204724311828613,1.4719345569610596,1.463166356086731,1.5139988660812378,1.5211844444274902,1.5806961059570312,1.561310052871704
0.4492783546447754,0.4458485603332519,0.4432762463887532,0.4475634574890136,0.4527081171671549,0.4449911435445149,0.4449911435445149,0.4509932518005371,0.4527081171671549,0.4569953600565592,0.4647123336791992,0.4715718905131022,0.4750016848246256,0.4672846794128418,0.4767165501912435,0.4801463445027669,0.4801463445027669,0.4758591016133626,0.4835761070251465,0.4870059013366699,0.4878633181254069,0.2808877733018663,0.2534495600947627,0.2260113468876591,0.2046705175329137,0.1772323043258102,0.2031461786340784,0.174183612399631,0.1680862426757812,0.1635132118507667,0.2046705175329137,0.174183612399631,0.1665618896484375,0.1635132118507667,0.2153409322102864,0.190951410929362,0.1894270720305266,0.1924757639567057,0.2305843777126736,0.2138165933114511,0.210767901385272,0.2183896241364655,0.6104778289794922,0.5993310292561849,0.589899190266927,0.5881842931111654,0.5856119791666666,0.6053331375122071,0.6001885096232097,0.5941864013671875,0.5873268127441407,0.6139076232910157,0.6070480346679688,0.5984736124674479,0.589899190266927,0.6173373540242513,0.6104778289794922,0.6019034067789714,0.5950438181559244,0.6181948343912761,0.6121927261352539,0.6061906178792318,0.5993310292561849,0.8113598293728299,0.8327006022135417,0.8555657845956308,0.8830040260597511,0.9073935049551504,0.8860526756004051,0.916539623119213,0.9317830403645834,0.942453455041956,0.8875770286277488,0.9195882726598668,0.9302586873372396,0.9378804524739583,0.8875770286277488,0.9134909170645256,0.9226369787145544,0.9272100377965856,0.8860526756004051,0.9028205023871528,0.9119665640371816,0.916539623119213,0.5031389594078064,0.5131182074546814,0.5207375288009644,0.5266735553741455,0.493304044008255,0.4871138632297516,0.48130497336387634,0.5369919538497925,0.4742733836174011,0.5166832208633423,0.49168190360069275,0.5876221060752869,0.4301944673061371,0.6088937520980835,0.40255337953567505,0.6098394393920898,0.45015135407447815,0.6120705008506775,0.4564277231693268,0.5988433957099915,0.4550672173500061,0.5946716070175171,0.45663169026374817,0.5538023114204407,0.45120567083358765,0.5584506392478943,0.4499766230583191,0.5492571592330933,0.44774535298347473,0.5523983240127563,0.4437371492385864,0.5229599475860596,0.4630314111709595,0.20538197457790375,0.1763022541999817,0.1769324094057083,0.17820106446743011,0.17604824900627136,0.17698895931243896,0.1796175092458725,0.19882763922214508,0.1951196938753128,0.2363118678331375,0.23522917926311493,0.3804537355899811,0.3542485237121582,0.6041771173477173,0.5076956748962402,0.8057804703712463,0.2980266213417053,0.873850405216217,0.24637030065059662,0.8738648891448975,0.22625017166137695,0.852690577507019,0.24479709565639496,0.8402172923088074,0.8462487459182739,1.1816856861114502,1.119200348854065,1.471677541732788,1.4627060890197754,1.513580322265625,1.520875334739685,1.578259825706482,1.560502052307129
0.4582304954528808,0.4556561470031738,0.4530817667643229,0.4573723793029785,0.4625211079915364,0.4573723793029785,0.4582304954528808,0.4625211079915364,0.4625211079915364,0.4693861007690429,0.4753929456075033,0.4788254419962565,0.4813997904459635,0.4796835581461589,0.4856904029846191,0.4874066352844238,0.4848322868347168,0.4865485191345214,0.4925553639729818,0.493413511912028,0.493413511912028,0.2745692217791522,0.2471093071831597,0.219649420844184,0.1967661822283709,0.1677807278103298,0.1952406282778139,0.1677807278103298,0.1616785261366102,0.1586274323640046,0.2013428299515335,0.1738829294840495,0.1632040800871672,0.1571018784134476,0.2120216793484158,0.1906639805546513,0.1815106709798177,0.176934023256655,0.2242260685673466,0.2089705714473018,0.2074450316252531,0.2120216793484158,0.6092599232991537,0.5989624659220377,0.5886650085449219,0.5869487762451172,0.5835163116455078,0.6041112263997396,0.5998205820719401,0.5929556528727213,0.5860906600952148,0.6126924514770508,0.6058274586995442,0.5972462336222331,0.5886650085449219,0.6161249160766602,0.6092599232991537,0.6006786982218425,0.5938137690226237,0.6169830322265625,0.6109761555989583,0.604969342549642,0.5989624659220377,0.8085116351092303,0.8298693621600116,0.8527526290328414,0.8817380551938657,0.9061468618887442,0.8832635950159143,0.9137746175130208,0.9305556685836228,0.9412345038519964,0.884789134837963,0.916825697157118,0.9290300722475404,0.9366578278718172,0.884789134837963,0.9122490211769386,0.9214023731372974,0.9259789926034432,0.8832635950159143,0.9030957257306136,0.91072348135489,0.916825697157118,0.5027859210968018,0.5122106075286865,0.5200192332267761,0.52607661485672,0.49295201897621155,0.4869675040245056,0.4810658097267151,0.5365426540374756,0.4743167757987976,0.5162198543548584,0.49156200885772705,0.587587296962738,0.4319838881492615,0.6089286208152771,0.40331926941871643,0.6098133325576782,0.4521276354789734,0.6120678186416626,0.4591600000858307,0.5987120866775513,0.4570022523403168,0.5944688320159912,0.4595562815666199,0.5537707805633545,0.45140540599823,0.557820200920105,0.45066168904304504,0.5492498874664307,0.44786569476127625,0.5525236129760742,0.44381654262542725,0.5218257308006287,0.46388009190559387,0.20640195906162262,0.17666469514369965,0.17709121108055115,0.1782473623752594,0.17705509066581726,0.17789478600025177,0.1801299750804901,0.19860504567623138,0.19512993097305298,0.23656684160232544,0.23534516990184784,0.3798496425151825,0.3526773452758789,0.6033132672309875,0.49017831683158875,0.805711030960083,0.2846527397632599,0.8730778098106384,0.2375980019569397,0.8727394342422485,0.2186598926782608,0.8516411185264587,0.2380380630493164,0.8366852402687073,0.8411772847175598,1.1809993982315063,1.1150473356246948,1.4717310667037964,1.4597389698028564,1.513581395149231,1.516265869140625,1.5755560398101807,1.5561286211013794
0.4677901268005371,0.4660744349161784,0.4635008811950684,0.4712215423583984,0.4798000335693359,0.4686479886372884,0.4737950960795085,0.4806578954060872,0.484947141011556,0.4823735872904459,0.490094248453776,0.4935256640116374,0.4935256640116374,0.4909521102905273,0.4978149096171061,0.4995306015014648,0.4978149096171061,0.4986727714538574,0.5029620170593262,0.5029620170593262,0.5021041552225749,0.2731100576895254,0.2426086708351418,0.2166825188530816,0.196856618810583,0.1785557923493562,0.193806485776548,0.1648301866319444,0.158729906435366,0.1572048328540943,0.2029568990071614,0.1785557923493562,0.1694053932472511,0.1648301866319444,0.2166825188530816,0.1953315593578197,0.190756352742513,0.1877062055799696,0.22888306511773,0.2136323716905382,0.2105822386565032,0.2166825188530816,0.6084777196248372,0.5973256429036459,0.5861735661824544,0.5844578425089518,0.5810264587402344,0.6024727503458659,0.5973256429036459,0.5904628117879231,0.5836000442504883,0.6110512415568033,0.6041884740193685,0.5956099192301433,0.5870314280192057,0.6144826889038086,0.6076198577880859,0.599899164835612,0.5921785354614257,0.6153404871622722,0.6093355814615885,0.6041884740193685,0.5973256429036459,0.8053589997468171,0.8267099451135707,0.8480608904803241,0.8770372178819444,0.9014382821542244,0.878562249077691,0.9090636641890916,0.9258394029405382,0.9380399350766784,0.8816124244972512,0.913638870804398,0.9258394029405382,0.9349898161711516,0.8816124244972512,0.9090636641890916,0.9197391086154514,0.9258394029405382,0.8816124244972512,0.899913250958478,0.9090636641890916,0.913638870804398,0.5027741193771362,0.5122111439704895,0.5200377106666565,0.526073694229126,0.49297812581062317,0.4870823323726654,0.4812081456184387,0.5365058779716492,0.4742937982082367,0.5162314176559448,0.49158936738967896,0.5874987840652466,0.4322674572467804,0.6089504957199097,0.4042728841304779,0.609723687171936,0.4620018005371094,0.612017035484314,0.47500497102737427,0.5983011722564697,0.4724859893321991,0.5941184163093567,0.4719925820827484,0.553760826587677,0.45144379138946533,0.5573427081108093,0.4507649838924408,0.5492644906044006,0.44798487424850464,0.5526177287101746,0.44399160146713257,0.5217856168746948,0.46469685435295105,0.20483696460723877,0.17630796134471893,0.17680178582668304,0.17781411111354828,0.17699472606182098,0.17788410186767578,0.18009082973003387,0.19791865348815918,0.19535940885543823,0.2353968322277069,0.23370756208896637,0.37947314977645874,0.35242411494255066,0.6018328070640564,0.48164016008377075,0.804069459438324,0.28647419810295105,0.8705429434776306,0.24244749546051025,0.8703145980834961,0.22491249442100525,0.8486719131469727,0.24314215779304504,0.8331962823867798,0.8395196199417114,1.1784077882766724,1.114457368850708,1.4717590808868408,1.4595922231674194,1.5136425495147705,1.5154856443405151,1.5739076137542725,1.5558781623840332
0.4757694562276204,0.4740532239278157,0.4714788754781087,0.4774856885274251,0.4852087020874023,0.4809181213378906,0.486924934387207,0.4903573989868164,0.4929317156473795,0.4946479479471842,0.501512877146403,0.5049453099568685,0.5040872255961101,0.5032291094462077,0.5092358907063802,0.5083777745564778,0.5040872255961101,0.5092358907063802,0.5118102391560873,0.5100940068562826,0.5066615422566731,0.2807518570511429,0.2487156055591724,0.2212559594048394,0.199898444281684,0.178540943287037,0.2060005894413701,0.1815920088026258,0.172438798127351,0.1648111131456163,0.2166793399386935,0.1968473787660952,0.1907452336064091,0.1861686282687717,0.2334602497242115,0.2182048797607421,0.2166793399386935,0.2243070249204282,0.250241145381221,0.2395623948838975,0.2410879347059462,0.2487156055591724,0.606202761332194,0.5950473149617513,0.5847499211629231,0.5830336888631185,0.5796012242635091,0.6010541280110677,0.594189198811849,0.5873242696126302,0.5804593404134114,0.608777109781901,0.6010541280110677,0.5916148503621419,0.5830336888631185,0.6122095743815105,0.6044865290323893,0.5959054311116536,0.5881823857625326,0.6130676905314127,0.606202761332194,0.6001960118611653,0.5933310826619466,0.8024852046260127,0.8223171657986111,0.842149183485243,0.8711343270760995,0.8940173678927952,0.8726598668981481,0.9046961466471354,0.9214770281756366,0.9321558069299768,0.877236486364294,0.9092727661132812,0.9214770281756366,0.9306302671079284,0.8787620261863426,0.906221686469184,0.9153749254014756,0.9214770281756366,0.8787620261863426,0.8970684475368924,0.906221686469184,0.9092727661132812,0.503922700881958,0.5126961469650269,0.5203824639320374,0.526258111000061,0.4937196671962738,0.48776623606681824,0.48189839720726013,0.5360680222511292,0.4742789566516876,0.5168876647949219,0.4923962950706482,0.5873776078224182,0.4322328269481659,0.6090043187141418,0.40516912937164307,0.6094800233840942,0.471253365278244,0.6117957234382629,0.48661115765571594,0.5978771448135376,0.4839971363544464,0.5936492681503296,0.48261183500289917,0.5537357926368713,0.45143431425094604,0.5559279918670654,0.4507509171962738,0.5489234328269958,0.4479734003543854,0.5523300170898438,0.4439774453639984,0.5217878222465515,0.46477222442626953,0.20009014010429382,0.17524079978466034,0.17612920701503754,0.1770504266023636,0.1760338544845581,0.17726221680641174,0.1796027272939682,0.19629089534282684,0.19571901857852936,0.230686753988266,0.22942133247852325,0.37922000885009766,0.3524077534675598,0.5993713736534119,0.4826342463493347,0.802242636680603,0.2916983962059021,0.8669385313987732,0.2454160898923874,0.8665147423744202,0.22833727300167084,0.8445152640342712,0.24666617810726166,0.830973744392395,0.8388115167617798,1.1755465269088745,1.114108920097351,1.4710344076156616,1.4590028524398804,1.5131229162216187,1.5145187377929688,1.5696923732757568,1.5543057918548584
0.4787479718526204,0.4778901735941569,0.4787479718526204,0.4864680608113607,0.4976193110148112,0.4898992220560709,0.4984771092732747,0.5027660687764486,0.5053394317626954,0.5010504722595215,0.5104861577351888,0.5147751172383627,0.5207796414693197,0.507912794748942,0.5147751172383627,0.5156328837076823,0.5130595207214356,0.5130595207214356,0.518206246693929,0.5156328837076823,0.5130595207214356,0.2945950260868779,0.262570896855107,0.2335966887297453,0.2107223086886935,0.1954727314136646,0.2198720578794126,0.1985226383915654,0.1908978497540509,0.1878479286476417,0.2320717281765408,0.2137722297951027,0.2000475989447699,0.1924228103072555,0.2488462660047743,0.2335966887297453,0.22902182119864,0.2229219789858217,0.2656208179615162,0.2549461082175926,0.2534211617928964,0.2564710828993055,0.6048429489135743,0.5936916987101237,0.5825404485066732,0.5808248519897461,0.5773937225341796,0.5979806264241536,0.5911183675130208,0.5833982467651367,0.5756781260172527,0.6065585454305013,0.5979806264241536,0.5868293762207031,0.5791093190511067,0.6091319402058919,0.6014118194580078,0.5919761021931966,0.5842560450236003,0.6099896748860677,0.6031274159749349,0.5971228917439778,0.5902605692545573,0.7917315447771991,0.8100310714156539,0.8313804909035012,0.8588297526041667,0.8847540396231192,0.861879645453559,0.8939037746853299,0.9122033013237848,0.9228780110677084,0.8679794876663773,0.9015285915798612,0.9122033013237848,0.9213530363859954,0.8710293805157697,0.8984786422164351,0.9076284337926794,0.913728219491464,0.8710293805157697,0.8893289071542245,0.8969537240487558,0.9030535097475404,0.5041164755821228,0.5123633146286011,0.5201261639595032,0.5261251330375671,0.49368876218795776,0.4877709150314331,0.48189276456832886,0.5350950360298157,0.4739263653755188,0.5171991586685181,0.4928056001663208,0.5872832536697388,0.4316938817501068,0.6091955304145813,0.40596142411231995,0.6087105870246887,0.47791731357574463,0.6110197305679321,0.4918302893638611,0.5968688130378723,0.4901527762413025,0.5927302837371826,0.4882688522338867,0.5537216663360596,0.4513532817363739,0.5548823475837708,0.4514993727207184,0.5489251613616943,0.44933781027793884,0.552402675151825,0.4458997845649719,0.5217787027359009,0.46672549843788147,0.2001543790102005,0.17497539520263672,0.17571809887886047,0.17640602588653564,0.17607170343399048,0.17738528549671173,0.18014512956142426,0.19463814795017242,0.19726504385471344,0.2306370586156845,0.2298687994480133,0.37880048155784607,0.35247546434402466,0.5970210433006287,0.4864580035209656,0.7969464659690857,0.2952549457550049,0.8588040471076965,0.24929320812225342,0.857780933380127,0.23284770548343658,0.8359496593475342,0.2508877217769623,0.8302890658378601,0.8388059139251709,1.175157904624939,1.1143089532852173,1.4716849327087402,1.4586971998214722,1.5143722295761108,1.513635516166687,1.569440484046936,1.5537935495376587
0.475656509399414,0.4765144983927409,0.4782305399576823,0.4859526634216308,0.4953908284505208,0.4859526634216308,0.4945328076680501,0.497964859008789,0.501396910349528,0.497964859008789,0.5099770545959472,0.5134091059366862,0.5134091059366862,0.5048289616902669,0.5142671267191569,0.5134091059366862,0.5091190338134766,0.5091190338134766,0.5151251157124838,0.5125510851542155,0.5082610130310059,0.3130035682960793,0.2809710467303241,0.2519892657244647,0.232159607498734,0.221482100310149,0.2382610462330005,0.2153806615758825,0.2016524420844184,0.1940256613272207,0.2504638954445168,0.2306342513472945,0.2260581687644676,0.224532812613028,0.2687681975188078,0.2535146077473958,0.2550399780273437,0.2596160323531539,0.2840217590332031,0.2718189098216869,0.2733442518446181,0.2794457047073929,0.6017845153808594,0.5906303405761719,0.5803341547648112,0.577760124206543,0.5743281046549479,0.5957784016927083,0.5871982574462891,0.5803341547648112,0.5717540105183919,0.6035005569458007,0.5940624237060547,0.5829081853230794,0.5734700520833333,0.6069325764973958,0.5983524322509766,0.5880563100179036,0.5803341547648112,0.6077906290690104,0.6009265263875325,0.5940624237060547,0.5880563100179036,0.7767123187029803,0.7919659084743924,0.8087448120117188,0.8362013075086806,0.8606070059317129,0.843828045880353,0.8728098551432292,0.8895888151945891,0.9017916644061054,0.8499295270001447,0.8804366500289352,0.8941648695203993,0.9033170346860532,0.8545055813259549,0.8804366500289352,0.8895888151945891,0.8956902398003472,0.8560309516059028,0.8743352254231771,0.8819620203088832,0.8865380746346933,0.5040982961654663,0.5114307999610901,0.5192906856536865,0.5257019996643066,0.4933438301086426,0.4875432848930359,0.48159259557724,0.5348292589187622,0.47351911664009094,0.5171951055526733,0.4928697943687439,0.5872939229011536,0.43131452798843384,0.6095564365386963,0.40557602047920227,0.6077428460121155,0.47868454456329346,0.6097955703735352,0.49362966418266296,0.5953416228294373,0.49181509017944336,0.591145396232605,0.4898272454738617,0.5536468625068665,0.45132115483283997,0.5548883080482483,0.4536760449409485,0.5489291548728943,0.4508711099624634,0.5524038672447205,0.44732174277305603,0.5218203067779541,0.4682215750217438,0.20296964049339294,0.17539019882678986,0.17599843442440033,0.17674300074577332,0.17802444100379944,0.18042631447315216,0.18331845104694366,0.1949790120124817,0.20003902912139893,0.23358020186424255,0.23438680171966553,0.37852588295936584,0.35510459542274475,0.5944634675979614,0.49225321412086487,0.7828497290611267,0.3038467764854431,0.8452273011207581,0.2589064836502075,0.8422446250915527,0.2492063194513321,0.8204154968261719,0.26272818446159363,0.8306680917739868,0.839627206325531,1.1742408275604248,1.1146318912506104,1.4703277349472046,1.4568251371383667,1.5131968259811401,1.5116021633148193,1.5685917139053345,1.5520684719085693
0.4678826649983724,0.4695989608764648,0.4695989608764648,0.4781805356343587,0.4893365542093912,0.4773223876953125,0.4876202265421549,0.4944854736328125,0.5004925727844238,0.488478406270345,0.5004925727844238,0.5082159678141276,0.5133649190266927,0.4953436533610026,0.5073578198750813,0.5073578198750813,0.5047833442687988,0.5004925727844238,0.5082159678141276,0.5056415239969889,0.5022089004516601,0.3356953656231916,0.305183184588397,0.2792477925618489,0.2639917161729601,0.2548380533854166,0.25941487065068,0.2334795068811487,0.2228002336290147,0.2166978058991608,0.2716197543674045,0.2472099869339554,0.238056324146412,0.2334795068811487,0.2868758590133102,0.2731453789605034,0.2716197543674045,0.2731453789605034,0.305183184588397,0.2960295218008535,0.2975551181369357,0.3006063390661169,0.6008967717488607,0.588882573445638,0.5785847345987956,0.5751520792643229,0.5725776672363281,0.5940315246582031,0.5854499816894532,0.576010258992513,0.566570536295573,0.6017549514770508,0.5905989329020183,0.5777265548706054,0.5657124201456706,0.6051875432332356,0.5940315246582031,0.5828755060831706,0.5734357833862305,0.6051875432332356,0.5966060002644856,0.588882573445638,0.5820173263549805,0.7506612707067419,0.7628661544234664,0.7765966344762731,0.7994807490596065,0.8208393238208912,0.8086344401041666,0.834569803873698,0.8483002839265046,0.855928322120949,0.8177880746346933,0.8467746875904224,0.855928322120949,0.8620307639793113,0.8254161128291377,0.8498258802625868,0.8574539749710648,0.858979571307147,0.8284673620153357,0.8452490912543402,0.8513515331127025,0.8544027257848669,0.5040854215621948,0.5111761689186096,0.5191536545753479,0.5256291031837463,0.493208110332489,0.48746341466903687,0.4814581573009491,0.5347974896430969,0.4732583165168762,0.5171966552734375,0.49287092685699463,0.5873489379882812,0.43082284927368164,0.6104787588119507,0.4025002419948578,0.6066008806228638,0.4771404564380646,0.6073505282402039,0.4933033585548401,0.5928910970687866,0.48976704478263855,0.5888245701789856,0.4878067970275879,0.5536583662033081,0.451315313577652,0.5556885600090027,0.4554821252822876,0.5501968860626221,0.4519960284233093,0.5542047619819641,0.4486931264400482,0.5224963426589966,0.4681583642959595,0.20528458058834076,0.17579637467861176,0.17635251581668854,0.17713318765163422,0.17893362045288086,0.18167635798454285,0.1846364587545395,0.19530156254768372,0.20140817761421204,0.23562519252300262,0.23737184703350067,0.3781420588493347,0.36002442240715027,0.5904549956321716,0.5050329566001892,0.7602463364601135,0.32255083322525024,0.8204571604728699,0.28174975514411926,0.8107805848121643,0.2671435475349426,0.7914997935295105,0.2783733606338501,0.834337055683136,0.8427805304527283,1.173319935798645,1.1147725582122803,1.4677307605743408,1.4525187015533447,1.510299801826477,1.5069400072097778,1.566890001296997,1.5480153560638428
0.459352970123291,0.459352970123291,0.4602114041646322,0.4705126444498698,0.4816723187764485,0.4653620402018229,0.4756632486979166,0.4851060549418131,0.4945488293965657,0.4739463806152343,0.4885397911071777,0.4954072634379069,0.5005578994750977,0.4816723187764485,0.4954072634379069,0.4954072634379069,0.4919735272725423,0.4876813570658366,0.4979825973510742,0.4954072634379069,0.4911150932312011,0.3526160911277488,0.3236200403284143,0.2976761994538484,0.282415121572989,0.2732584635416666,0.2793629116482204,0.2549451757360387,0.2457885459617332,0.2442624409993489,0.2900456746419271,0.2702062536168981,0.2656279387297454,0.2656279387297454,0.3053067525227864,0.2900456746419271,0.2976761994538484,0.3022545143410011,0.3205678304036458,0.3114111723723235,0.3159894872594763,0.3205678304036458,0.5992780049641927,0.5881183624267579,0.5778170903523763,0.5743833541870117,0.5726664861043295,0.5941274007161458,0.5838261286417643,0.5735249201456706,0.5623652776082356,0.600994873046875,0.5864014307657878,0.5735249201456706,0.5623652776082356,0.6027117411295573,0.5898352305094401,0.5778170903523763,0.5692327499389649,0.6027117411295573,0.5924105326334635,0.5838261286417643,0.5769586563110352,0.7127775404188368,0.7173558553059896,0.7219342267071759,0.7402474862557871,0.760086907280816,0.7478780110677083,0.77229574697989,0.7845046431929977,0.7906090630425348,0.7631391172055845,0.7890829580801505,0.7951873779296875,0.7967134828920718,0.7768740618670428,0.798239587854456,0.8012917977792245,0.7997656928168403,0.7845046431929977,0.8012917977792245,0.8043440077039931,0.8028179027416088,0.5041833519935608,0.5117379426956177,0.5198647975921631,0.5258415341377258,0.4932819604873657,0.4875119626522064,0.4814559519290924,0.5352404713630676,0.4732052683830261,0.5174287557601929,0.49279695749282837,0.5875159502029419,0.4307125210762024,0.6106835603713989,0.3975090980529785,0.6037341952323914,0.4736972749233246,0.6037747263908386,0.49203550815582275,0.5900585651397705,0.4891051650047302,0.5849955081939697,0.4867168366909027,0.5537533164024353,0.4513479471206665,0.5557996034622192,0.4553808569908142,0.5483390092849731,0.4511387050151825,0.5519152879714966,0.4480273425579071,0.5201151371002197,0.46628695726394653,0.20563091337680817,0.17577527463436127,0.176361545920372,0.17714808881282806,0.17879538238048553,0.18150505423545837,0.18461228907108307,0.19578315317630768,0.2013818323612213,0.23630686104297638,0.2379397600889206,0.37805789709091187,0.36380067467689514,0.5894989371299744,0.5243654847145081,0.7197974920272827,0.34406593441963196,0.7771802544593811,0.3028488755226135,0.7577008605003357,0.28168243169784546,0.7382632493972778,0.2942862808704376,0.8405264616012573,0.8455945253372192,1.173387885093689,1.1160058975219727,1.464995265007019,1.4495702981948853,1.5060073137283325,1.5015037059783936,1.5618674755096436,1.5442512035369873
0.4470061937967936,0.4504424730936686,0.4521606127421061,0.463328488667806,0.473637326558431,0.4513015429178874,0.4616103490193685,0.473637326558431,0.4839461326599121,0.4573150316874186,0.4727782567342122,0.4848052024841308,0.4899596214294434,0.4641875584920247,0.4796507835388183,0.4813689231872559,0.4762145360310872,0.4693419774373372,0.4822279930114746,0.4805098533630371,0.4753554662068684,0.3720552232530382,0.3415105749059606,0.3140203687879774,0.2972208093713831,0.2880574261700666,0.294166338885272,0.2712578667534722,0.26514892578125,0.2682033962673611,0.3048569855866608,0.2850029556839554,0.286530190927011,0.294166338885272,0.3216565450032552,0.3094386913158275,0.3170748392740885,0.3216565450032552,0.3384561044198495,0.3277654577184606,0.3338743986906828,0.3399833396629051,0.600779406229655,0.5887524922688802,0.579302724202474,0.5750073750813802,0.5732892354329427,0.5930478413899739,0.5827390034993489,0.5707120259602865,0.5604031880696615,0.5999203364054362,0.5844571431477864,0.5698529561360677,0.5586851119995118,0.6016384760538737,0.586175282796224,0.5732892354329427,0.5646985371907552,0.6016384760538737,0.589611562093099,0.579302724202474,0.572430165608724,0.6652838812934028,0.6637566460503472,0.6561204698350694,0.6637566460503472,0.6759745279947916,0.6775017067238137,0.6973557648835359,0.7049919410988137,0.7065191763418692,0.6958285296404804,0.7141552960431135,0.7187370017722801,0.7172097665292245,0.7126280608000579,0.7279004132306134,0.7279004132306134,0.7248459427445023,0.7248459427445023,0.7355365894458912,0.7355365894458912,0.7324821189597801,0.5045827627182007,0.5137215256690979,0.5210704207420349,0.5267359018325806,0.4938793480396271,0.4878479242324829,0.4819091558456421,0.5365979671478271,0.47324708104133606,0.5177621245384216,0.4927911162376404,0.5876160264015198,0.4296071231365204,0.6121034026145935,0.39187777042388916,0.6027067303657532,0.4620976150035858,0.5977053046226501,0.4710761308670044,0.5876166224479675,0.4774931073188782,0.5841766595840454,0.47931987047195435,0.5540522933006287,0.4512255787849426,0.5556614995002747,0.4543571174144745,0.5432938933372498,0.44819843769073486,0.5453338027000427,0.44560202956199646,0.518160879611969,0.46076419949531555,0.20517995953559875,0.17563292384147644,0.1762959212064743,0.17713966965675354,0.17794106900691986,0.18026649951934814,0.18310581147670746,0.19705677032470703,0.20010167360305786,0.2363450974225998,0.23762311041355133,0.37803298234939575,0.36658912897109985,0.5845679044723511,0.5458574891090393,0.6690673232078552,0.3651954233646393,0.7198719382286072,0.3153274953365326,0.6921272277832031,0.2965465486049652,0.6757382750511169,0.3157619833946228,0.8418368697166443,0.8463532328605652,1.1729469299316406,1.116441011428833,1.4622355699539185,1.4477776288986206,1.503466010093689,1.4984341859817505,1.5562348365783691,1.5429445505142212
0.4407775243123372,0.4467952092488607,0.4510935147603352,0.4579708735148112,0.4639885266621907,0.4390582084655762,0.4510935147603352,0.4639885266621907,0.4717255274454752,0.4416371981302897,0.4588305155436198,0.4708658536275228,0.4734448432922363,0.4442161877950032,0.4622691790262858,0.4674271901448568,0.4648482004801432,0.4485145250956217,0.4631288528442382,0.4665675163269043,0.4631288528442382,0.3947430645978009,0.3611205489547164,0.3274980615686487,0.3091584947374132,0.2938755459255642,0.3091584947374132,0.2877623664008246,0.2908189561631944,0.3015170344599971,0.3213848537868923,0.3030453152126736,0.3122150844997829,0.3259697525589554,0.3366678308557581,0.3259697525589554,0.3366678308557581,0.347365880895544,0.3550073694299768,0.3458376001428674,0.3534790886773003,0.3611205489547164,0.6101317723592122,0.5955174763997396,0.5834821701049805,0.5783241271972657,0.5766047795613607,0.5955174763997396,0.5826224644978841,0.570587158203125,0.5594114939371745,0.5998158137003581,0.5834821701049805,0.56886781056722,0.5594114939371745,0.6015351613362631,0.5843418121337891,0.5731661478678386,0.5654291788736979,0.6006754557291667,0.5877804438273112,0.5800434748331705,0.5748854955037435,0.6163458930121528,0.6071761519820602,0.594949792932581,0.5903649224175347,0.5720253273292825,0.5995346634476273,0.6117610224971065,0.6178742020218461,0.6194025110315393,0.6194025110315393,0.6316288700810185,0.634685488100405,0.634685488100405,0.6377420496057581,0.6469118471498843,0.6469118471498843,0.6438552291304976,0.6545533356843172,0.6591382061993635,0.6576098971896701,0.6545533356843172,0.5050390362739563,0.5150295495986938,0.5220204591751099,0.5273652672767639,0.4942651391029358,0.4880569577217102,0.4821871817111969,0.5378344655036926,0.47331032156944275,0.518503725528717,0.4929628372192383,0.5879926681518555,0.4293832778930664,0.6129741072654724,0.38774538040161133,0.6021254658699036,0.4501466155052185,0.5933225154876709,0.44846904277801514,0.5878645181655884,0.4624449908733368,0.5844160318374634,0.4696013331413269,0.5551118850708008,0.45094841718673706,0.5569209456443787,0.45432519912719727,0.5434501767158508,0.44699734449386597,0.5452511310577393,0.4449535012245178,0.5182971358299255,0.4583362340927124,0.20437143743038177,0.17537927627563477,0.1760602593421936,0.1768636703491211,0.17751920223236084,0.18002530932426453,0.18309129774570465,0.19706019759178162,0.20006057620048523,0.23602040112018585,0.23758432269096375,0.37803101539611816,0.36753544211387634,0.5850566029548645,0.5636695623397827,0.6222454309463501,0.38726964592933655,0.6534775495529175,0.3300039768218994,0.6197296977043152,0.31383049488067627,0.608074963092804,0.3356500566005707,0.8425004482269287,0.8466559052467346,1.1725951433181763,1.1172765493392944,1.4618403911590576,1.4440386295318604,1.5029093027114868,1.4919424057006836,1.5560076236724854,1.540907382965088
0.4398203214009603,0.444119135538737,0.4458386739095052,0.4466984430948893,0.4449789047241211,0.4286434491475423,0.4432593981424967,0.4578753471374511,0.4638936678568522,0.4286434491475423,0.4475581804911295,0.4587350845336914,0.462174129486084,0.4295031865437825,0.4484179496765136,0.4561558087666829,0.4561558087666829,0.4329422314961751,0.4475581804911295,0.4527167638142904,0.4518569946289062,0.4113685890480324,0.3807993005823206,0.3425876758716724,0.316603766547309,0.2921483075177228,0.3288314819335937,0.3120183591489439,0.3196606953938802,0.3318884107801649,0.3395307470251013,0.3227176242404513,0.3380022684733073,0.351758462411386,0.35328694096318,0.3410591973198785,0.3548153912579572,0.3670431066442419,0.371628514042607,0.3609292489510995,0.3685715851960359,0.3777423717357494,0.5748029073079427,0.5876993179321289,0.5808212280273437,0.5782419840494791,0.5799614588419596,0.5971567153930664,0.582540766398112,0.571363894144694,0.5627662658691406,0.6023152669270834,0.5834005355834961,0.5722236633300781,0.5653455098470052,0.6040348052978516,0.5851200739542644,0.5739431381225586,0.5670650482177735,0.6031750361124675,0.5894188563028971,0.5816809972127278,0.577382214864095,0.568800523546007,0.545873514811198,0.5244750411422164,0.5091903686523438,0.4862634164315683,0.5229465625904225,0.5290604202835648,0.5367027565285012,0.5412881356698496,0.5443450927734375,0.5519873725043403,0.5565728081597222,0.5596297087492766,0.5642151444046586,0.5703290020978009,0.5703290020978009,0.5703290020978009,0.5810282389322917,0.5856136180736401,0.584085139521846,0.5810282389322917,0.5054899454116821,0.5158554315567017,0.5226253867149353,0.5277518630027771,0.4948899447917938,0.48845088481903076,0.48292654752731323,0.5386615991592407,0.47352200746536255,0.5193144083023071,0.4935320019721985,0.5885188579559326,0.43011656403541565,0.618476927280426,0.3860219419002533,0.5954100489616394,0.43870121240615845,0.5905651450157166,0.4331236481666565,0.5879682898521423,0.44696179032325745,0.5846728682518005,0.45483076572418213,0.5563670992851257,0.45086514949798584,0.55753093957901,0.4542773962020874,0.5435590147972107,0.4466385841369629,0.5454465746879578,0.44466066360473633,0.5183979272842407,0.4579645097255707,0.20411714911460876,0.17513005435466766,0.17573727667331696,0.17637722194194794,0.17745356261730194,0.18001872301101685,0.18317046761512756,0.19649849832057953,0.2000036984682083,0.23542572557926178,0.23726241290569305,0.3776034414768219,0.3676185607910156,0.5876660943031311,0.575124204158783,0.5682244896888733,0.40912094712257385,0.5748387575149536,0.3586799204349518,0.5374550223350525,0.3336437940597534,0.5330930352210999,0.3536570370197296,0.8425034880638123,0.8464200496673584,1.1715145111083984,1.1175786256790161,1.460338830947876,1.4413102865219116,1.5009374618530273,1.488026738166809,1.5548325777053833,1.538575530052185
0.4387343088785807,0.4387343088785807,0.4378736813863118,0.437013053894043,0.4344311714172363,0.4215218226114909,0.4361524264017741,0.4490618069966634,0.4550861994425456,0.4189399401346842,0.437013053894043,0.4490618069966634,0.45164368947347,0.4189399401346842,0.4378736813863118,0.4464799245198568,0.4473405520121256,0.4223824501037597,0.437013053894043,0.443898073832194,0.443898073832194,0.4293777465820312,0.3972477665653935,0.3589977688259548,0.331457773844401,0.3069777594672309,0.3452277572066695,0.3299277694137008,0.3391077677408854,0.3513477749294705,0.3559377599645544,0.3406377721715856,0.3559377599645544,0.3681777671531395,0.3712377760145399,0.3574677643952546,0.3712377760145399,0.3834777549461082,0.3895977726689091,0.377357765480324,0.3850077593768084,0.394187757703993,0.5833192825317383,0.5824586868286132,0.5824586868286132,0.5824586868286132,0.585040537516276,0.6005318323771159,0.5859011967976888,0.5738524119059245,0.5678280512491862,0.6039742787679037,0.5859011967976888,0.5738524119059245,0.568688710530599,0.6056955337524415,0.5876224517822266,0.576434326171875,0.5712705612182617,0.6056955337524415,0.5919255574544271,0.5833192825317383,0.5781555811564127,0.5334177652994792,0.5043477376302083,0.4706877531828703,0.4492677476671007,0.4217277526855468,0.4645677637170862,0.463037759286386,0.4706877531828703,0.4798677797670717,0.481397784197772,0.4829277321144387,0.49210775869864,0.4997577808521412,0.5012877287688079,0.5028177331995081,0.508937750922309,0.5119977597837095,0.5211777298538773,0.5211777298538773,0.519647725423177,0.5211777298538773,0.5058143734931946,0.5165221691131592,0.5230486392974854,0.5279558897018433,0.49557870626449585,0.4888938367366791,0.4836796820163727,0.5394299030303955,0.4736209511756897,0.5199548602104187,0.4939880669116974,0.5893812775611877,0.4301700294017792,0.6199851632118225,0.3860676884651184,0.5959636569023132,0.432778537273407,0.5921198725700378,0.42352569103240967,0.5891953706741333,0.4385850727558136,0.5853191018104553,0.44797220826148987,0.55706387758255,0.4505935311317444,0.5577306747436523,0.45380890369415283,0.543035626411438,0.44535619020462036,0.5447704195976257,0.44362249970436096,0.5179523229598999,0.4549897313117981,0.20368929207324982,0.1749752312898636,0.17550531029701233,0.1759999692440033,0.1773080825805664,0.17987127602100372,0.18312451243400574,0.1960592120885849,0.19978496432304382,0.2347642481327057,0.23660814762115479,0.37633442878723145,0.36895817518234253,0.5948410034179688,0.5878286957740784,0.5296691060066223,0.42563387751579285,0.5146554112434387,0.37342309951782227,0.47447091341018677,0.3509306311607361,0.47920459508895874,0.3701610565185547,0.8425555229187012,0.8463855981826782,1.171539068222046,1.1200032234191895,1.460274338722229,1.4417724609375,1.5006940364837646,1.489197015762329,1.555328130722046,1.5386371612548828
0.4354152043660482,0.4362762133280436,0.4354152043660482,0.4319712003072103,0.4276661872863769,0.4156121253967285,0.4293882052103678,0.4414422353108724,0.4466082572937012,0.4121681213378906,0.4311101913452148,0.4414422353108724,0.4431642532348633,0.4121681213378906,0.4311101913452148,0.4388592402140299,0.4397202491760253,0.414751116434733,0.4293882052103678,0.4362762133280436,0.4354152043660482,0.4430200929994936,0.4154679757577401,0.3787318194354022,0.3511797021936487,0.3251582392939814,0.3634250782154224,0.3481183369954427,0.3588330586751302,0.37413979989511,0.3756704542371962,0.3618943956163194,0.3787318194354022,0.3909771954571759,0.3894465128580729,0.3787318194354022,0.3909771954571759,0.4016919171368634,0.4078145910192419,0.3970998975965711,0.4032225714789496,0.4108759562174479,0.5826468149820964,0.5817858378092448,0.5826468149820964,0.5860908508300782,0.5903958638509115,0.6041719436645507,0.5895348866780599,0.5783418019612631,0.574897829691569,0.6084769566853842,0.5895348866780599,0.5783418019612631,0.574897829691569,0.6093379338582356,0.5903958638509115,0.5809248606363933,0.5774808247884115,0.6093379338582356,0.5938398996988933,0.5852298736572266,0.5835078557332357,0.4981242992259838,0.4721028645833333,0.4353667082609954,0.4093452736183449,0.3817931563765914,0.4261826691804108,0.4185293126989294,0.4292440343786169,0.4399587278012876,0.4414894104003906,0.4338360539189091,0.4476121125397859,0.4583268059624566,0.4598574885615596,0.4552654690212673,0.4659801907009548,0.4736335471824363,0.4797562210648148,0.4736335471824363,0.4766949123806424,0.4828175862630208,0.5059449672698975,0.5172696709632874,0.5234583616256714,0.5282382965087891,0.4960601031780243,0.489250123500824,0.48415839672088623,0.5396639704704285,0.4736798107624054,0.5202943682670593,0.4943317174911499,0.589286208152771,0.43008890748023987,0.6220743656158447,0.3866882622241974,0.5964778661727905,0.425592839717865,0.5960429310798645,0.4175505042076111,0.5901396870613098,0.4306769371032715,0.5848984122276306,0.4408831000328064,0.5575869083404541,0.4503012001514435,0.5581508874893188,0.4538222849369049,0.5431351065635681,0.4455875754356384,0.5448874831199646,0.444238543510437,0.518018364906311,0.45536917448043823,0.20352712273597717,0.17486774921417236,0.17528221011161804,0.17563574016094208,0.17721141874790192,0.1797509640455246,0.18303057551383972,0.19534091651439667,0.1994452178478241,0.2345479279756546,0.23594358563423157,0.37504538893699646,0.3695259690284729,0.5969035029411316,0.5965598821640015,0.5114014744758606,0.4461230933666229,0.47639843821525574,0.393065869808197,0.4422154724597931,0.3744693696498871,0.4564017355442047,0.3924841284751892,0.8424193263053894,0.8463210463523865,1.1706421375274658,1.1215473413467407,1.4588695764541626,1.4420028924942017,1.4989805221557617,1.490028738975525,1.5550328493118286,1.5389829874038696
0.432367197672526,0.4332284609476725,0.4340897560119628,0.4289221127827962,0.4254769961039225,0.4125578880310058,0.4263382911682128,0.4366735776265462,0.4409799575805664,0.4082515080769857,0.4263382911682128,0.4358123143513997,0.4383961359659831,0.4065289815266927,0.424615732828776,0.432367197672526,0.432367197672526,0.4073902448018392,0.4220319112141927,0.4280608177185058,0.4271995544433594,0.461388764558015,0.4353591353804977,0.400142584906684,0.3725817927607783,0.3465521918402778,0.3848310399938512,0.3725817927607783,0.3848310399938512,0.400142584906684,0.3955491242585359,0.3848310399938512,0.4032048825864439,0.4139229668511284,0.4108606691713686,0.4016737478750723,0.4169852645308883,0.4261722140842013,0.4292345117639612,0.4185164274992766,0.4261722140842013,0.4353591353804977,0.5839515050252279,0.5822289148966472,0.5822289148966472,0.5882578531901042,0.5934254964192708,0.6046220779418945,0.5917029698689779,0.5813676834106445,0.5796450932820638,0.6106510162353516,0.5925642013549804,0.5822289148966472,0.5805063883463542,0.6123735427856445,0.5942867914835612,0.5856740315755208,0.5839515050252279,0.6123735427856445,0.5968706130981445,0.5899803797403972,0.5899803797403972,0.4843560677987558,0.4552641409414786,0.4169852645308883,0.3909556636103877,0.363394871464482,0.4062672085232205,0.3986114219382957,0.4093295062029803,0.4215787534360532,0.4200475904676649,0.4123918038827401,0.4277033487955729,0.4384214330602575,0.4368902700918692,0.4307656747323495,0.4430148937084057,0.4522018150047019,0.4567952756528501,0.4506706802933304,0.4567952756528501,0.461388764558015,0.5060099363327026,0.5177790522575378,0.5237331390380859,0.5284484028816223,0.4963783919811249,0.48953184485435486,0.4844888746738434,0.5398627519607544,0.4737217128276825,0.5204793810844421,0.4946709871292114,0.5892303586006165,0.42927423119544983,0.6227203011512756,0.3873386085033417,0.5964142084121704,0.4242383539676666,0.5995592474937439,0.4144311249256134,0.5908016562461853,0.42790687084198,0.5834565758705139,0.43956655263900757,0.5578599572181702,0.4501308798789978,0.5588066577911377,0.4540439248085022,0.5446246266365051,0.44653695821762085,0.5467749238014221,0.44537362456321716,0.5195091366767883,0.4562520980834961,0.20334474742412567,0.1748475432395935,0.17519384622573853,0.17545336484909058,0.17720778286457062,0.1797436624765396,0.18302202224731445,0.1950112134218216,0.19918560981750488,0.23434552550315857,0.23532730340957642,0.3748810291290283,0.3708755671977997,0.6001347899436951,0.60355544090271,0.4871407449245453,0.46490350365638733,0.44954970479011536,0.4180007576942444,0.42200374603271484,0.39856335520744324,0.4402322769165039,0.418132483959198,0.8423691391944885,0.8464547395706177,1.170135259628296,1.12323796749115,1.4576354026794434,1.442219614982605,1.4973564147949219,1.4906234741210938,1.5550732612609863,1.540128469467163
0.4279605229695638,0.4305444717407226,0.4322671254475911,0.4270991961161295,0.4227925936381022,0.4081501324971517,0.4219312667846679,0.4331284205118815,0.4365737279256185,0.4029822031656901,0.4202086130777995,0.4305444717407226,0.4322671254475911,0.4012595494588216,0.4176246643066406,0.4262378692626953,0.4270991961161295,0.4012595494588216,0.4141793886820475,0.4210699399312337,0.4210699399312337,0.4903793900101273,0.4628171002423322,0.4260674088089554,0.3985051472981771,0.3724741335268374,0.4122862921820746,0.4030988622594763,0.4168800071433738,0.4291299042878327,0.4230049415870949,0.4138175399215133,0.4321923715096933,0.4429110209147135,0.4383173059534143,0.4291299042878327,0.4444422686541522,0.4551609180591724,0.4566921657986111,0.4475047358760127,0.4566921657986111,0.4628171002423322,0.5855822245279948,0.5829982757568359,0.5821369171142579,0.589027468363444,0.5941954294840495,0.605392583211263,0.5924727757771809,0.5829982757568359,0.5812756220499674,0.6114218393961589,0.5941954294840495,0.5838595708211263,0.5829982757568359,0.6140057881673177,0.595918083190918,0.5873048782348633,0.5864435195922851,0.6140057881673177,0.5985020319620769,0.5924727757771809,0.5916114807128906,0.4842544555664062,0.4551609180591724,0.4184112266257957,0.3908489651150174,0.363286703604239,0.4061613294813368,0.3969739278157552,0.4092238249602141,0.4230049415870949,0.4168800071433738,0.410755044442636,0.4275986565483941,0.4383173059534143,0.4337236192491319,0.4291299042878327,0.4429110209147135,0.4520984508373119,0.4536296985767505,0.4475047358760127,0.4551609180591724,0.4612858807599103,0.5062026977539062,0.5182690024375916,0.5239548087120056,0.5286720395088196,0.4967650771141052,0.48984095454216003,0.4847993850708008,0.5399141311645508,0.47372710704803467,0.5207363367080688,0.49529239535331726,0.5892219543457031,0.42829301953315735,0.6234813332557678,0.387796550989151,0.5965790152549744,0.42257171869277954,0.6042161583900452,0.4098747968673706,0.5923205018043518,0.4258451759815216,0.5836289525032043,0.43782028555870056,0.5580822229385376,0.45009857416152954,0.5594274997711182,0.4543624222278595,0.5470651388168335,0.44754111766815186,0.54974365234375,0.4465520977973938,0.5223592519760132,0.4580257833003998,0.2033420205116272,0.17492450773715973,0.17520621418952942,0.17545312643051147,0.1772698163986206,0.1797531545162201,0.18301141262054443,0.1948649287223816,0.1990199238061905,0.23430801928043365,0.23514099419116974,0.3746672570705414,0.3715835511684418,0.6015644669532776,0.6036925315856934,0.48228025436401367,0.48479536175727844,0.44726499915122986,0.4428589642047882,0.4188447594642639,0.4231734573841095,0.4370543658733368,0.4422585368156433,0.8423587679862976,0.8467740416526794,1.169970154762268,1.126358151435852,1.4569497108459473,1.442980408668518,1.4963250160217285,1.4908443689346313,1.5551203489303589,1.5415232181549072
0.4239812533060709,0.4265625317891439,0.4291437784830729,0.4231208165486653,0.418818728129069,0.4033311525980631,0.416237449645996,0.4282833735148112,0.4300042152404785,0.3981686274210612,0.4153770446777344,0.4257020950317383,0.4257020950317383,0.3955873489379883,0.4110749244689941,0.4205395698547363,0.4205395698547363,0.3947269121805827,0.4076332410176595,0.4145166079203288,0.416237449645996,0.5257849234121817,0.4936625162760417,0.4584808632179543,0.4324770044397424,0.4034138714825666,0.4477733753345631,0.4416548269766348,0.4538919236924913,0.4661290486653646,0.4615401373969184,0.4554215607819734,0.4722475970232928,0.4814254195601852,0.4783661453812211,0.4722475970232928,0.4860143590856481,0.4936625162760417,0.4951921816225405,0.4890736332646123,0.4967217904550058,0.5013107299804688,0.5857404708862305,0.5840195973714193,0.5831591924031575,0.5891821543375652,0.5943447113037109,0.6072509765625,0.5934842427571615,0.5831591924031575,0.5805779139200846,0.6132739384969076,0.5952051162719727,0.5848800659179687,0.5831591924031575,0.6149948120117188,0.5977863947550456,0.5891821543375652,0.5883217493693034,0.6158552169799805,0.6012280782063802,0.5943447113037109,0.5934842427571615,0.4967217904550058,0.4691883228443287,0.4309473673502604,0.4049435085720486,0.3774100409613715,0.420239907723886,0.4125917222764756,0.4278880931712963,0.4401251898871527,0.4324770044397424,0.4263584560818142,0.4431844640661169,0.4538919236924913,0.4493030124240451,0.4447141011555989,0.4600105003074363,0.4691883228443287,0.4691883228443287,0.4630697744864004,0.4707179599338107,0.4768364800347222,0.5062938332557678,0.5184585452079773,0.5240450501441956,0.528739869594574,0.4971206784248352,0.49012213945388794,0.4851107597351074,0.5398989319801331,0.4737393260002136,0.520744264125824,0.4955533742904663,0.5892240405082703,0.42821362614631653,0.6239641904830933,0.3897201120853424,0.596717119216919,0.4204210042953491,0.6056764125823975,0.40882471203804016,0.5936902761459351,0.4213427007198334,0.5839680433273315,0.4315032362937927,0.5581144690513611,0.45006272196769714,0.5599720478057861,0.4544636607170105,0.5483496785163879,0.44757696986198425,0.5511018633842468,0.446564257144928,0.5238659381866455,0.4581148326396942,0.20340006053447723,0.17501121759414673,0.1752864569425583,0.1755656749010086,0.17728392779827118,0.17974703013896942,0.1829586923122406,0.19487914443016052,0.1988622397184372,0.23432637751102448,0.23506595194339752,0.37430906295776367,0.3725014925003052,0.6018974781036377,0.6052761077880859,0.49748140573501587,0.516843318939209,0.4612395167350769,0.48381319642066956,0.43166428804397583,0.4560621678829193,0.4489179849624634,0.47262006998062134,0.842320442199707,0.8468109965324402,1.169814109802246,1.1268365383148193,1.4570503234863281,1.4432826042175293,1.496486783027649,1.491188883781433,1.5549743175506592,1.5416291952133179
0.4196228663126627,0.4222049077351888,0.4247869491577148,0.41876220703125,0.4135981559753418,0.398966630299886,0.4110161145528158,0.4222049077351888,0.4256476084391276,0.3938025792439779,0.4110161145528158,0.4204835573832194,0.4222049077351888,0.390359878540039,0.4075734138488769,0.4153195063273112,0.4153195063273112,0.3886385281880696,0.4024093627929687,0.4092947642008464,0.4092947642008464,0.5580449987340856,0.5289732756438079,0.4968413741500289,0.4738899796097366,0.4448182565194589,0.4861307214807581,0.4846006040219907,0.4983714350947627,0.5106122052228009,0.5014316134982639,0.5029617309570312,0.5197927404333044,0.5259130972403067,0.5197927404333044,0.5197927404333044,0.5320334540473091,0.5366237499095775,0.5366237499095775,0.5366237499095775,0.5412139892578125,0.5458042851200811,0.5883154551188151,0.5865940729777018,0.5857334136962891,0.5917581558227539,0.5977828979492188,0.6098323186238607,0.59434019724528,0.5848727544148763,0.583151372273763,0.6141357421875,0.5960615158081055,0.5865940729777018,0.5857334136962891,0.616717783610026,0.5986435572306316,0.5908974965413412,0.5900367736816406,0.6184391021728516,0.602946917215983,0.5969221750895183,0.5960615158081055,0.5228529188368055,0.4922510782877604,0.4555288809317129,0.4295173362449363,0.4004456131546585,0.4463483457212095,0.4432881673177083,0.4570589983904803,0.4677696228027344,0.4616492659957321,0.4616492659957321,0.4769501862702546,0.4846006040219907,0.4800103646737558,0.4784802472149884,0.4907210173430266,0.4968413741500289,0.4999015525535301,0.4968413741500289,0.5029617309570312,0.5060219093605324,0.506325900554657,0.5184757113456726,0.524086058139801,0.5288125872612,0.4972434341907501,0.4902592599391937,0.4852501451969147,0.5399073362350464,0.47377368807792664,0.5207427144050598,0.49567312002182007,0.5893695950508118,0.4281080961227417,0.6244043111801147,0.3917010724544525,0.6027204990386963,0.413450688123703,0.6083337068557739,0.40289926528930664,0.5984104871749878,0.41329827904701233,0.5911486744880676,0.42304709553718567,0.558270275592804,0.4501238763332367,0.5607683062553406,0.45472726225852966,0.5492308139801025,0.4480426013469696,0.5518885850906372,0.44687432050704956,0.5249061584472656,0.45948362350463867,0.20353958010673523,0.17504701018333435,0.17535142600536346,0.17573925852775574,0.1772821545600891,0.17973323166370392,0.1829243153333664,0.19504106044769287,0.1987505406141281,0.23443365097045898,0.23505093157291412,0.3742709755897522,0.3734702169895172,0.6017930507659912,0.6084800958633423,0.5147941708564758,0.5540112257003784,0.49127185344696045,0.5318650007247925,0.45519283413887024,0.5003166198730469,0.46499091386795044,0.5089112520217896,0.8432457447052002,0.8477672338485718,1.1669281721115112,1.1267973184585571,1.4573038816452026,1.4439431428909302,1.4968310594558716,1.4915046691894531,1.5548285245895386,1.5421009063720703
0.4155996004740397,0.416459051767985,0.4173184712727865,0.4121618588765462,0.4061457951863607,0.393254280090332,0.4061457951863607,0.4155996004740397,0.4190373420715332,0.3880976359049479,0.4052863756815592,0.4147401809692382,0.4155996004740397,0.3855193456013997,0.4027080535888672,0.409583568572998,0.4104429880777995,0.383800474802653,0.397551441192627,0.4035675048828125,0.4044269243876139,0.588862892433449,0.5613609031394676,0.5292752866391782,0.5078848944769965,0.480382905183015,0.5216358326099537,0.523163746021412,0.5369147406684027,0.5460820515950521,0.5384425975658276,0.5445541381835938,0.5552493625217014,0.5613609031394676,0.5567772194191262,0.5628888165509259,0.5690003571686921,0.5720561274775753,0.5751118977864583,0.5781676680953415,0.5796955249927662,0.5827512953016493,0.5900651931762695,0.588346290588379,0.5892057418823242,0.5960812250773112,0.6038161595662435,0.6124104817708333,0.5978000640869141,0.588346290588379,0.5866273880004883,0.6175671259562174,0.5986595153808594,0.5892057418823242,0.5874868392944336,0.6201454162597656,0.6012378056844075,0.593502934773763,0.5917840321858724,0.621004867553711,0.6055349985758464,0.5995189666748046,0.5986595153808594,0.5491378219039352,0.5170522054036458,0.4849665889033565,0.4605203981752749,0.4330184371383102,0.480382905183015,0.480382905183015,0.4941338998300058,0.5017733538592303,0.4987175270363136,0.5033012107566551,0.5155242919921875,0.520107975712529,0.5185800623010706,0.523163746021412,0.5292752866391782,0.5323310569480614,0.5384425975658276,0.5399705109772859,0.5414983678747106,0.5445541381835938,0.5063315033912659,0.5184829235076904,0.5241264700889587,0.5289121866226196,0.49725475907325745,0.4902990758419037,0.4852672815322876,0.5399314165115356,0.47379711270332336,0.5207206606864929,0.49569085240364075,0.5903774499893188,0.42777329683303833,0.6247351169586182,0.39344555139541626,0.605006217956543,0.4080532491207123,0.6099145412445068,0.39928722381591797,0.6022630333900452,0.40549102425575256,0.5960869193077087,0.41383764147758484,0.558364987373352,0.45013052225112915,0.5614181756973267,0.45432335138320923,0.5505555272102356,0.4479660093784332,0.5531984567642212,0.4467928111553192,0.5259236097335815,0.45989716053009033,0.20391753315925598,0.1751234084367752,0.17549435794353485,0.17603717744350433,0.17728161811828613,0.17969433963298798,0.18282683193683624,0.19548188149929047,0.19837966561317444,0.2347293496131897,0.23503516614437103,0.3742673099040985,0.3735464811325073,0.6017476916313171,0.6083149909973145,0.5288228392601013,0.5686768889427185,0.5126190185546875,0.5623072385787964,0.47861120104789734,0.5285285115242004,0.48474183678627014,0.5294305682182312,0.8444231748580933,0.84831303358078,1.1667766571044922,1.1267811059951782,1.4600250720977783,1.444168210029602,1.4995237588882446,1.4915052652359009,1.5552419424057007,1.5425752401351929
0.4142773628234863,0.4151363054911295,0.4151363054911295,0.4082647005716959,0.400534184773763,0.3885088920593261,0.400534184773763,0.4117005030314127,0.4159952481587728,0.3842141469319661,0.4013931274414062,0.4117005030314127,0.4142773628234863,0.3824962615966797,0.3996752103169759,0.4074057579040527,0.409123675028483,0.3807783444722493,0.3945215225219726,0.4013931274414062,0.4031110127766927,0.5996523821795429,0.570638981571904,0.5400985717773438,0.5187203301323785,0.4927609478985821,0.5339905350296585,0.5355175442165798,0.5492607399269387,0.5584228515625,0.55078774911386,0.5584228515625,0.5675849631980613,0.5721660472728588,0.5691119723849827,0.5752200656467014,0.5813281589084202,0.5843821772822627,0.585909186469184,0.5904902705439815,0.5920172797309028,0.5950713546187789,0.5895029703776041,0.5903619130452474,0.5912208557128906,0.5980924606323242,0.60496400197347,0.6126945495605469,0.5989514032999674,0.5886440277099609,0.5852081934611003,0.617848269144694,0.5989514032999674,0.5895029703776041,0.5869260787963867,0.6195661544799804,0.6015282313028971,0.5937976837158203,0.5920797983805338,0.6204250971476237,0.6058229446411133,0.5989514032999674,0.5972334543863932,0.5599498607494213,0.5309364601417824,0.5003960503472222,0.477490743001302,0.4500043798376013,0.4988690411603009,0.5019230595341435,0.5126122368706597,0.5217743485062211,0.5187203301323785,0.5248283668800636,0.5339905350296585,0.5355175442165798,0.5385715625904225,0.5431526466652199,0.5492607399269387,0.5492607399269387,0.5584228515625,0.5614768699363426,0.5614768699363426,0.5599498607494213,0.5063484907150269,0.5184856057167053,0.5241773128509521,0.5290758609771729,0.4972549378871918,0.49032020568847656,0.4852716028690338,0.5400344729423523,0.4738129675388336,0.5207189321517944,0.49570009112358093,0.5909733176231384,0.4273475110530853,0.6246610879898071,0.3957664370536804,0.6056025624275208,0.4057183563709259,0.6098944544792175,0.39613497257232666,0.6038931608200073,0.4011736214160919,0.5983796715736389,0.40959396958351135,0.5584026575088501,0.45016536116600037,0.5616340637207031,0.453837126493454,0.5512654781341553,0.44794246554374695,0.5540307760238647,0.4467736780643463,0.5261910557746887,0.4610242545604706,0.2040807604789734,0.17518438398838043,0.1756366491317749,0.17635810375213623,0.1772659420967102,0.17960156500339508,0.18266122043132782,0.19597184658050537,0.19815918803215027,0.23486895859241486,0.23497752845287323,0.37510019540786743,0.3741430640220642,0.6024757027626038,0.6101257801055908,0.5363821387290955,0.5807772874832153,0.5221436619758606,0.5772646069526672,0.49229997396469116,0.5433417558670044,0.49814674258232117,0.5416315793991089,0.8459873199462891,0.8491717576980591,1.1663492918014526,1.126651644706726,1.4618096351623535,1.4447157382965088,1.5013275146484375,1.491567611694336,1.5553243160247803,1.5437687635421753
0.413614813486735,0.4153330167134603,0.4144739151000977,0.4084601402282715,0.4015872319539388,0.3895596504211426,0.4033054351806641,0.413614813486735,0.4170512517293294,0.3852640787760417,0.4024463335673014,0.4118965784708658,0.413614813486735,0.3826867421468099,0.3998689969380696,0.4067419052124023,0.407601006825765,0.3809685071309407,0.3947143236796061,0.4007280985514322,0.4015872319539388,0.5889777289496527,0.5599587899667245,0.5248306274414063,0.5034482602719907,0.4759566695601852,0.5217759874131944,0.5248306274414063,0.5370491310402199,0.5462129946108217,0.538576422797309,0.5446857028537326,0.5553768581814236,0.5599587899667245,0.5569041499385128,0.5614860817238136,0.5691226535373264,0.570650001808449,0.5737045853226274,0.5767592253508391,0.5782865171079282,0.5798138653790509,0.5897329330444336,0.5880147298177083,0.5880147298177083,0.5948876063028972,0.6026196161905925,0.6112107594807943,0.5966058731079101,0.5862964630126953,0.5837191263834636,0.6155062993367513,0.5966058731079101,0.5880147298177083,0.5854373931884765,0.6180836995442708,0.6000422795613607,0.5923102696736654,0.5905920664469401,0.6189427693684896,0.6043378829956054,0.5983240763346355,0.5974649429321289,0.5584314982096354,0.5263579191984954,0.4942843967013889,0.4713747095178675,0.442355798791956,0.489702464916088,0.4912297566731771,0.5034482602719907,0.5110848320855035,0.5080301920572917,0.5141394155996817,0.5248306274414063,0.5278852674696181,0.5263579191984954,0.532467199254919,0.538576422797309,0.5401037145543981,0.5462129946108217,0.5492676346390336,0.5507949263961227,0.5523222181532118,0.5063727498054504,0.5184757113456726,0.5241877436637878,0.5290778279304504,0.4972779154777527,0.4903513193130493,0.48528987169265747,0.5400323867797852,0.47380656003952026,0.5207173824310303,0.49572524428367615,0.5912965536117554,0.42693382501602173,0.624584972858429,0.3962908387184143,0.6048465967178345,0.40590396523475647,0.6093940138816833,0.3957931399345398,0.6034396886825562,0.40044885873794556,0.5976788401603699,0.4090060889720917,0.5584437251091003,0.45016536116600037,0.5616654753684998,0.45329731702804565,0.5527117252349854,0.4479660987854004,0.5556361675262451,0.44678398966789246,0.5281028747558594,0.46292924880981445,0.20404790341854095,0.17518936097621918,0.17564880847930908,0.1763831079006195,0.17718106508255005,0.17943799495697021,0.1824391633272171,0.19607840478420258,0.19809924066066742,0.23481008410453796,0.23464104533195496,0.37527087330818176,0.3746366798877716,0.6035666465759277,0.6125496625900269,0.5409740805625916,0.5780406594276428,0.5269976854324341,0.5710021257400513,0.4957905411720276,0.5365221500396729,0.5010412335395813,0.5366378426551819,0.84708172082901,0.8501212000846863,1.1663706302642822,1.1274628639221191,1.4639650583267212,1.4480276107788086,1.503488540649414,1.492976427078247,1.5569958686828613,1.5477261543273926
0.4134984652201334,0.4152172088623047,0.4169359842936198,0.4109203020731608,0.4057639757792154,0.39287322362264,0.4049045880635579,0.4152172088623047,0.4186547597249349,0.3877168973286947,0.4040452321370443,0.4134984652201334,0.4152172088623047,0.3842793782552083,0.4014670689900716,0.4092015266418457,0.4092015266418457,0.3825606028238932,0.3971701304117838,0.4031858444213867,0.4031858444213867,0.5717530992296007,0.5411971480758102,0.5060578522858796,0.4816131591796875,0.4541128370496962,0.4984189068829572,0.4999467072663484,0.5136968542028356,0.5228635999891493,0.5136968542028356,0.5198080557364004,0.5305026019061053,0.5366138034396701,0.5305026019061053,0.535086003056279,0.5442527488425926,0.5488361499927662,0.5488361499927662,0.5518917507595487,0.5549472950122974,0.5580028957790799,0.5870941797892253,0.5862347920735677,0.5870941797892253,0.5931098937988282,0.5991256078084309,0.6094381968180339,0.5939692815144857,0.5845160166422526,0.5827973047892253,0.6137351353963216,0.5948286692301432,0.5853754043579101,0.5845160166422526,0.6163132985432943,0.5974068323771159,0.5905317306518555,0.589672342936198,0.6171726862589518,0.6025631586710612,0.5965474446614584,0.5956880569458007,0.5442527488425926,0.5121690538194444,0.4755019576461227,0.4525850366663049,0.4250847145363136,0.4739741572627314,0.472446385136357,0.4846687599464699,0.4938355057327835,0.4907799049660011,0.4938355057327835,0.5060578522858796,0.5121690538194444,0.5091134530526621,0.5121690538194444,0.5213357996057582,0.5243914003725405,0.5289748015227141,0.5305026019061053,0.5320304022894965,0.5335582026728878,0.5062745213508606,0.5184524655342102,0.5241876244544983,0.5290547609329224,0.4971272051334381,0.4902965724468231,0.48514536023139954,0.5400298237800598,0.4737848937511444,0.5206557512283325,0.4956502616405487,0.591346025466919,0.42682135105133057,0.6245406866073608,0.39647769927978516,0.604783296585083,0.40615785121917725,0.6092789173126221,0.39692744612693787,0.6033523082733154,0.402525931596756,0.5978454947471619,0.41071853041648865,0.5584618449211121,0.450192391872406,0.5619564056396484,0.4534122347831726,0.5530573725700378,0.4482443630695343,0.5559513568878174,0.4468548893928528,0.5281881093978882,0.46464666724205017,0.20385703444480896,0.17516465485095978,0.1756279319524765,0.17634481191635132,0.17693333327770233,0.17906200885772705,0.1819065362215042,0.19601555168628693,0.1975446194410324,0.23446232080459595,0.23412664234638214,0.37476393580436707,0.37470385432243347,0.6040417551994324,0.6121907830238342,0.5375862121582031,0.5670964121818542,0.5205098986625671,0.5551504492759705,0.48563164472579956,0.5192368030548096,0.49089616537094116,0.522761344909668,0.8470577597618103,0.8503178358078003,1.1661278009414673,1.1280467510223389,1.4639568328857422,1.4490472078323364,1.5034457445144653,1.4932944774627686,1.5568969249725342,1.5482157468795776
0.4144093831380208,0.4169891357421875,0.417849063873291,0.4135494550069173,0.4083899180094401,0.3946311632792155,0.4066700617472331,0.4161292076110839,0.419568920135498,0.3894716262817382,0.4058101336161295,0.4152692794799805,0.4169891357421875,0.3860319137573242,0.4023704528808594,0.4109696706136068,0.4109696706136068,0.3834521611531575,0.3980708440144856,0.4040903091430664,0.404950205485026,0.5517292163990162,0.5211542200159144,0.4844641791449652,0.4615329036006221,0.4340154012044271,0.4768204300491898,0.475291668927228,0.4890504625108507,0.4997516773365162,0.4905791671187789,0.4936366893627025,0.5089241875542535,0.5150392320421007,0.5073954264322916,0.5104529486762153,0.5226829811378761,0.527269207989728,0.527269207989728,0.527269207989728,0.5318554913556134,0.5364417182074652,0.5863938649495443,0.584674072265625,0.584674072265625,0.590693473815918,0.5975728988647461,0.6070320129394531,0.5941331863403321,0.5838141123453776,0.5820942560831706,0.6121915817260742,0.5941331863403321,0.584674072265625,0.5838141123453776,0.6147713343302409,0.595853042602539,0.5881137212117513,0.5872538248697917,0.6156312306722005,0.6001526514689127,0.5941331863403321,0.5941331863403321,0.5303267302336516,0.4997516773365162,0.4615329036006221,0.4386016563132957,0.4110841256600839,0.4569466484917535,0.4554179156268084,0.4691766809534143,0.4783491911711516,0.473762936062283,0.473762936062283,0.4890504625108507,0.4966942116066261,0.4921079282407407,0.4936366893627025,0.5043379607024017,0.5089241875542535,0.5104529486762153,0.5104529486762153,0.516567936650029,0.5196254588939525,0.5062574744224548,0.5184692740440369,0.5242041349411011,0.5290616750717163,0.49711138010025024,0.4902902841567993,0.48513346910476685,0.5400680899620056,0.4737735390663147,0.5206098556518555,0.49559706449508667,0.591289758682251,0.4268164038658142,0.6239279508590698,0.3965102434158325,0.6045319437980652,0.40808916091918945,0.6087800860404968,0.39832180738449097,0.6032264828681946,0.4047664403915405,0.5975163578987122,0.4134855568408966,0.5583978891372681,0.4501119554042816,0.5616269707679749,0.45329391956329346,0.5526720881462097,0.4481825530529022,0.5557755827903748,0.4467795193195343,0.5273253321647644,0.4643615782260895,0.2038515955209732,0.17516759037971497,0.175632044672966,0.17635345458984375,0.1767888367176056,0.17881512641906738,0.18147680163383484,0.19601695239543915,0.19709108769893646,0.23445677757263184,0.23410679399967194,0.37459084391593933,0.37488800287246704,0.6040104627609253,0.6107548475265503,0.5311474204063416,0.5538060069084167,0.5128528475761414,0.5344544053077698,0.47440412640571594,0.5025248527526855,0.48088395595550537,0.5099125504493713,0.847180187702179,0.8504127264022827,1.1660336256027222,1.1286882162094116,1.4638341665267944,1.4502830505371094,1.5033817291259766,1.4944473505020142,1.55634343624115,1.548728108406067
0.4142156918843587,0.4167967160542806,0.4185174306233724,0.4142156918843587,0.4090535799662272,0.3952879905700683,0.4064725240071614,0.4159363746643066,0.4185174306233724,0.3901258786519369,0.4064725240071614,0.4159363746643066,0.4159363746643066,0.3866844813028971,0.4038914680480957,0.410774294535319,0.4099139213562012,0.3841034253438314,0.398729387919108,0.4047518412272135,0.4038914680480957,0.5406283908420139,0.5085086963794849,0.4733299255371094,0.4488577383535879,0.4197970354998553,0.4641528659396701,0.458034826208044,0.4733299255371094,0.4840364809389467,0.4763889454029225,0.4779184412073206,0.4932135687934028,0.5008611043294271,0.4916840729890046,0.4947430645978009,0.5069791440610533,0.5130971837926794,0.5085086963794849,0.5100381921838831,0.5161562319155093,0.5207447758427373,0.58714599609375,0.5854253133138021,0.5845649719238282,0.5914477666219076,0.597470219930013,0.6077943801879883,0.5923081080118815,0.5828442255655925,0.5819838841756185,0.6120961507161459,0.5931684494018554,0.5845649719238282,0.5837045669555664,0.6138168334960937,0.5957494735717773,0.588006337483724,0.58714599609375,0.6155375162760417,0.6000512440999349,0.5940287907918295,0.5940287907918295,0.5268628155743634,0.4947430645978009,0.456505302146629,0.4289740950972945,0.4014429163049768,0.4473282425491898,0.4457987184877748,0.458034826208044,0.4687413816098814,0.4641528659396701,0.4626233418782552,0.4779184412073206,0.4855660332573784,0.4809774893301504,0.4794479935257523,0.4916840729890046,0.4978021127206308,0.5008611043294271,0.4978021127206308,0.5023906001338252,0.5069791440610533,0.5062553882598877,0.5185460448265076,0.524239182472229,0.529113233089447,0.4971119165420532,0.4902915060520172,0.485136479139328,0.5400708317756653,0.4737665057182312,0.5205596685409546,0.4955698251724243,0.5909631252288818,0.4268236756324768,0.6237108707427979,0.39649882912635803,0.6045026183128357,0.40893688797950745,0.6085675954818726,0.39897653460502625,0.6031934022903442,0.405960351228714,0.5973541140556335,0.41485539078712463,0.5583654046058655,0.45005562901496887,0.5616153478622437,0.45334258675575256,0.552386462688446,0.4482288062572479,0.5554901957511902,0.44682055711746216,0.5267534852027893,0.4643343687057495,0.20385320484638214,0.17518016695976257,0.17564663290977478,0.17638367414474487,0.17669777572155,0.17861053347587585,0.18106184899806976,0.1960071474313736,0.19657960534095764,0.2344631403684616,0.23408524692058563,0.37384241819381714,0.3748757541179657,0.603929340839386,0.6095686554908752,0.5254082679748535,0.5462191700935364,0.5045601725578308,0.5270232558250427,0.4661513566970825,0.4950439929962158,0.47405579686164856,0.5020962953567505,0.8462246656417847,0.8495138883590698,1.1648505926132202,1.1286959648132324,1.46194326877594,1.4502955675125122,1.5019004344940186,1.4944971799850464,1.5536142587661743,1.5484437942504883
0.4140738487243652,0.4166549364725748,0.4192360242207845,0.4132135073343913,0.408051331837972,0.3951459248860677,0.407190990447998,0.4166549364725748,0.4183756828308105,0.3891233762105306,0.4054702440897623,0.414934221903483,0.4157945950826009,0.385681947072347,0.4020288149515788,0.4097720464070638,0.4097720464070638,0.3831008593241373,0.3977270126342773,0.4037495295206705,0.4037495295206705,0.5375709816261575,0.5039212827329282,0.4672125357168692,0.4427400377061632,0.4136789675112123,0.4549762867115162,0.4503877145272714,0.4672125357168692,0.4779192324037905,0.4672125357168692,0.4672125357168692,0.4840373851634837,0.4932145860460069,0.4825078328450521,0.4840373851634837,0.4978031864872685,0.5054508350513599,0.5008622346100984,0.5008622346100984,0.5085098831741898,0.5146279794198495,0.5870064417521159,0.585285758972168,0.5844253540039063,0.5904478708902995,0.5964704513549804,0.607655143737793,0.5930289586385091,0.5835650126139323,0.5818442662556966,0.6119569142659506,0.5947497049967448,0.585285758972168,0.5835650126139323,0.6145380020141602,0.5973307927449544,0.5895875295003256,0.5878668467203776,0.6162587483723958,0.601632563273112,0.5947497049967448,0.5938893636067708,0.5283937807436343,0.4962736341688368,0.4580353630913628,0.4305037887008102,0.4029722425672743,0.4473286381474248,0.4457991140860098,0.4580353630913628,0.4702716120967158,0.4641534875940393,0.4626239352756076,0.4779192324037905,0.4855669374819155,0.4809783370406539,0.4794487847222222,0.4916850337275752,0.4978031864872685,0.5008622346100984,0.4978031864872685,0.5023917304144965,0.5069803308557581,0.5062527060508728,0.5186267495155334,0.5242818593978882,0.5292089581489563,0.4971162974834442,0.49029552936553955,0.4851449429988861,0.5401201248168945,0.4737586975097656,0.5205296874046326,0.49554502964019775,0.5907766819000244,0.4268418848514557,0.6234253644943237,0.39649417996406555,0.6044407486915588,0.4095226526260376,0.6085130572319031,0.39921820163726807,0.6030895113945007,0.4067557454109192,0.5972397923469543,0.41581055521965027,0.5583581328392029,0.4500402510166168,0.5615852475166321,0.4533940851688385,0.5521313548088074,0.4482675790786743,0.5552994608879089,0.4469166100025177,0.5262230038642883,0.4638165533542633,0.20385201275348663,0.17518366873264313,0.17565220594406128,0.17640548944473267,0.1765846610069275,0.17839229106903076,0.18063984811306,0.1960054636001587,0.1961396187543869,0.23446610569953918,0.23406560719013214,0.3733192980289459,0.3748638927936554,0.6039072871208191,0.6087875962257385,0.5242075324058533,0.542854905128479,0.5025566816329956,0.5256132483482361,0.46441805362701416,0.4946745038032532,0.4728051424026489,0.49880552291870117,0.8459433913230896,0.8492436408996582,1.1648635864257812,1.1288014650344849,1.4614431858062744,1.4504386186599731,1.501302719116211,1.49482262134552,1.5533276796340942,1.5484462976455688
0.4123296737670898,0.4149112065633138,0.4174927393595377,0.4123296737670898,0.407166576385498,0.3933983484903971,0.4045850435892741,0.4140507062276204,0.4166322390238444,0.3873747507731119,0.4037245114644368,0.4131901741027832,0.4140507062276204,0.3839326858520507,0.4002824465433756,0.4080270767211914,0.4080270767211914,0.3822116533915202,0.3959798812866211,0.4028640111287435,0.4020034790039062,0.5391994900173611,0.5070736355251736,0.4703583328812211,0.4458814832899305,0.4168152138038918,0.4596497147171585,0.4550602948224103,0.4703583328812211,0.4825967859338831,0.4718881395128038,0.4718881395128038,0.4887159559461805,0.4978947957356771,0.4871861775716146,0.4887159559461805,0.5024841873734086,0.5086034138997396,0.5055438006365741,0.5055438006365741,0.5131928620515046,0.5177822536892361,0.5887351353963216,0.5852930704752605,0.5844326019287109,0.5913166681925456,0.5973402659098307,0.6085269927978516,0.5973402659098307,0.5870141347249349,0.5844326019287109,0.6136900583902994,0.5973402659098307,0.5870141347249349,0.5861536026000976,0.6162715911865234,0.5999218622843424,0.5913166681925456,0.590456199645996,0.6188531875610351,0.6050849278767904,0.598200798034668,0.5964797973632813,0.5361398767541956,0.5040140222620081,0.4672987196180556,0.442821870026765,0.415285407172309,0.4611795213487413,0.4581199080855758,0.4703583328812211,0.478007337782118,0.4764775594075521,0.4764775594075521,0.491775569209346,0.499424574110243,0.4933054040979456,0.4948351824725115,0.5070736355251736,0.5131928620515046,0.5131928620515046,0.5131928620515046,0.519312032063802,0.5223716453269676,0.5062510967254639,0.518679141998291,0.5243068337440491,0.5292433500289917,0.49712011218070984,0.4902978837490082,0.4851476848125458,0.540149450302124,0.4737416207790375,0.5204982161521912,0.49550753831863403,0.5907629132270813,0.4268372654914856,0.6227849721908569,0.3963009715080261,0.6040535569190979,0.40985599160194397,0.6084378361701965,0.3989773094654083,0.6030082106590271,0.4066691994667053,0.5970749258995056,0.41600409150123596,0.5582892298698425,0.4499630630016327,0.5615869760513306,0.4537283480167389,0.5520955324172974,0.448453426361084,0.5551224946975708,0.4470059275627136,0.52629554271698,0.46385160088539124,0.20383337140083313,0.17518645524978638,0.17565582692623138,0.17641006410121918,0.17646577954292297,0.1781936138868332,0.18028827011585236,0.19600051641464233,0.19578157365322113,0.23444607853889465,0.23397411406040192,0.3731369972229004,0.37484806776046753,0.6038782000541687,0.6081362962722778,0.5266079902648926,0.5397827625274658,0.5064143538475037,0.5216795206069946,0.46928486227989197,0.49092480540275574,0.4767155945301056,0.4957367479801178,0.846011757850647,0.8492477536201477,1.1646794080734253,1.1289443969726562,1.4605789184570312,1.4504523277282715,1.5003794431686401,1.49485445022583,1.5528569221496582,1.5483620166778564
0.4100800196329752,0.4135161717732747,0.4143752098083496,0.4100800196329752,0.404925791422526,0.391181214650472,0.4040667533874512,0.4126571337381998,0.4152342478434245,0.3851679484049479,0.4014896392822266,0.4109390576680501,0.4126571337381998,0.3817317962646484,0.398053487141927,0.4057848294576009,0.4057848294576009,0.3800137201944987,0.3928992907206217,0.3997715632120768,0.4006306012471517,0.5520495944552951,0.5199788976598669,0.4833266646773727,0.4573646545410156,0.4298754656756365,0.4741635923032407,0.4726364418312355,0.4879082008644386,0.4985984519675926,0.4879082008644386,0.4894353795934607,0.5047071668836806,0.512343004014757,0.5031799881546586,0.5062343456127025,0.518451718930845,0.5245604338469328,0.5230332551179109,0.5215060763888889,0.5276147913049769,0.5321963274920428,0.5887596766153972,0.5870416005452473,0.5879006703694661,0.5939139048258464,0.6007862091064453,0.6119536717732748,0.5990681330362956,0.5896187464396159,0.5870416005452473,0.616248893737793,0.5999272028605144,0.5896187464396159,0.5870416005452473,0.6196850458780925,0.6016452789306641,0.5930548985799153,0.5913368225097656,0.6214031219482422,0.6067994435628256,0.5999272028605144,0.5982091267903645,0.5535767731843171,0.5215060763888889,0.4863810221354167,0.4634733694571036,0.4359841805917245,0.4833266646773727,0.4817994859483507,0.4940169157805266,0.5047071668836806,0.4985984519675926,0.5031799881546586,0.5169245402018229,0.5215060763888889,0.518451718930845,0.5230332551179109,0.5321963274920428,0.5352506849500868,0.5383050424081308,0.5398322211371528,0.5428865785951967,0.5459409360532408,0.5062512755393982,0.5186928510665894,0.5243210196495056,0.5292550921440125,0.4971078336238861,0.4902895390987396,0.48511752486228943,0.5401745438575745,0.47370246052742004,0.5204932689666748,0.49549490213394165,0.5907732248306274,0.42678165435791016,0.6227470636367798,0.3956759572029114,0.6032412648200989,0.4097633957862854,0.6084596514701843,0.39762982726097107,0.6029266119003296,0.4053795039653778,0.5969446897506714,0.4154835641384125,0.558291494846344,0.44996029138565063,0.5615109205245972,0.45344462990760803,0.5520266890525818,0.4484420418739319,0.5551028847694397,0.4470047354698181,0.5260193347930908,0.46368953585624695,0.20376837253570557,0.17518752813339233,0.17565898597240448,0.1764146089553833,0.1763259470462799,0.1780066043138504,0.18004843592643738,0.1959981918334961,0.19560790061950684,0.23439311981201172,0.2338533252477646,0.37312236428260803,0.37481051683425903,0.6044840216636658,0.6077759861946106,0.5304470658302307,0.5446120500564575,0.5087076425552368,0.5226203203201294,0.4737035036087036,0.4930627942085266,0.4806261360645294,0.5014679431915283,0.8460909724235535,0.8492905497550964,1.1645406484603882,1.1289793252944946,1.4605636596679688,1.4504653215408325,1.5003535747528076,1.4948824644088745,1.5530024766921997,1.5483193397521973
0.4077878316243489,0.41036376953125,0.4120810190836588,0.4060705502827962,0.4009187380472819,0.3880391438802083,0.3983428001403808,0.4086464881896973,0.4112223943074544,0.3820286750793457,0.3983428001403808,0.4077878316243489,0.4095051129659017,0.3794527689615885,0.3957668940226237,0.403494644165039,0.4043532689412435,0.3768768310546875,0.3906150499979655,0.3966255187988281,0.3983428001403808,0.5686576560691551,0.5366017659505208,0.503019431785301,0.4785959314416956,0.4495930424442997,0.4969135990849248,0.4969135990849248,0.5106518215603298,0.5198105988679109,0.5106518215603298,0.5182841548213253,0.5289694326895255,0.5335488213433159,0.5274429886429398,0.5335488213433159,0.5411812111183449,0.5457605997721354,0.5457605997721354,0.5488135443793403,0.5518664889865451,0.55491943359375,0.5898192723592123,0.5906778971354166,0.5915365854899088,0.5984056472778321,0.605274772644043,0.6138611475626627,0.6018402099609375,0.5923952102661133,0.5889606475830078,0.6181543986002604,0.6009815851847331,0.5923952102661133,0.5906778971354166,0.6215888977050781,0.6035575230916341,0.5966883977254231,0.5949711481730143,0.6224475860595703,0.6095679601033529,0.6018402099609375,0.6001229604085286,0.5717105441623264,0.5411812111183449,0.5091253209997106,0.4877547652633102,0.4587518480088975,0.5091253209997106,0.5121782656069155,0.5228635434751158,0.5320223772967303,0.5259164880823206,0.5350753219039351,0.5442340992115162,0.5472870438187211,0.5457605997721354,0.5533929330331308,0.5579723216869213,0.5594988222475406,0.564078210901331,0.5686576560691551,0.5701841001157407,0.5701841001157407,0.5062999129295349,0.5186850428581238,0.5243236422538757,0.5292589664459229,0.4971151053905487,0.49029767513275146,0.4851182699203491,0.5401560068130493,0.47367990016937256,0.5204919576644897,0.49556654691696167,0.5909955501556396,0.42654916644096375,0.622141420841217,0.39560163021087646,0.6032026410102844,0.4072076082229614,0.608674168586731,0.3937665522098541,0.603481113910675,0.40186965465545654,0.5970186591148376,0.4122375249862671,0.5582988262176514,0.45005854964256287,0.5616013407707214,0.4534425735473633,0.5524473190307617,0.4486733675003052,0.5557972192764282,0.4472109377384186,0.5260206460952759,0.4644509553909302,0.20358039438724518,0.1751812994480133,0.17566083371639252,0.17642121016979218,0.1762227565050125,0.1778849959373474,0.1799532026052475,0.19600772857666016,0.19558469951152802,0.23413731157779694,0.23335060477256775,0.3735906779766083,0.3747989237308502,0.6043791770935059,0.6074758172035217,0.5453300476074219,0.5576956272125244,0.5374643802642822,0.540756344795227,0.5011206269264221,0.5065776705741882,0.5015667080879211,0.5130254030227661,0.8461225628852844,0.8493096828460693,1.1641182899475098,1.1278542280197144,1.4607735872268677,1.4504913091659546,1.5004924535751343,1.494888424873352,1.5530216693878174,1.5484020709991455
0.408013121287028,0.4097294171651204,0.4105875651041666,0.403722349802653,0.3977152506510417,0.3857010841369629,0.3959989547729492,0.4062967936197916,0.4105875651041666,0.3796939849853515,0.3968571027119954,0.4062967936197916,0.4088712692260742,0.3771195411682129,0.3951407750447591,0.4020060221354166,0.403722349802653,0.3754032135009765,0.3899918556213378,0.3959989547729492,0.3968571027119954,0.5827337759512442,0.5522215666594329,0.517132568359375,0.4957740501121238,0.4667874936704282,0.5140813756872107,0.5156069720232929,0.5278118557400173,0.5384910866066261,0.5293374520760995,0.536965490270544,0.5476447776511864,0.5537472195095486,0.5461191248010706,0.5552728158456308,0.5613752577039931,0.5644264503761575,0.5644264503761575,0.5690032958984375,0.5705288922345196,0.573580084906684,0.5916582743326823,0.5916582743326823,0.5925163904825846,0.5993816375732421,0.6062468846638998,0.6148284276326498,0.6019561131795247,0.5933745702107748,0.5899419784545898,0.6199773788452149,0.6028142929077148,0.5933745702107748,0.5908000946044922,0.6234099706013997,0.6071050643920899,0.5976653416951497,0.5950908660888672,0.62512633005778,0.6122539520263672,0.6045305887858073,0.6010979334513347,0.5812081231011285,0.5522215666594329,0.520183817545573,0.4988252992983217,0.4713643109356915,0.5186581646954572,0.5232350102177372,0.5354398939344618,0.5430679321289062,0.536965490270544,0.5445935284649884,0.5537472195095486,0.5583240085177952,0.5552728158456308,0.5644264503761575,0.5690032958984375,0.5690032958984375,0.573580084906684,0.5796825267650463,0.5796825267650463,0.5796825267650463,0.5063523054122925,0.5186843872070312,0.5243356823921204,0.5292855501174927,0.4971226453781128,0.49030801653862,0.48511824011802673,0.5401427149772644,0.4736170470714569,0.5205082297325134,0.49559149146080017,0.5911117792129517,0.42611968517303467,0.6210362315177917,0.3960650861263275,0.604016125202179,0.4047170579433441,0.6094029545783997,0.39136525988578796,0.6047745943069458,0.3983534574508667,0.5986959934234619,0.4077253043651581,0.5583682656288147,0.4501975476741791,0.5624181032180786,0.4535083472728729,0.5541430711746216,0.44953662157058716,0.5576005578041077,0.44818931818008423,0.5275859832763672,0.46586212515830994,0.20354656875133514,0.17518296837806702,0.1756771206855774,0.17648690938949585,0.1762065440416336,0.17787352204322815,0.17993320524692535,0.1962173581123352,0.19565927982330322,0.23413395881652832,0.233248770236969,0.3746631145477295,0.37504541873931885,0.6043603420257568,0.6087870001792908,0.5530227422714233,0.5699860453605652,0.5535204410552979,0.5619471669197083,0.5164545178413391,0.5227203369140625,0.5146691799163818,0.5242810249328613,0.8470514416694641,0.8503539562225342,1.1641203165054321,1.1266692876815796,1.4627957344055176,1.4505566358566284,1.5028611421585083,1.4949108362197876,1.5548185110092163,1.5489519834518433
0.4089107513427734,0.4106267929077148,0.4114848136901855,0.4054787000020345,0.4003306070963541,0.3866023699442545,0.397756544748942,0.407194709777832,0.4114848136901855,0.3814542770385742,0.397756544748942,0.4063367207845052,0.4089107513427734,0.3780222256978353,0.3951825141906738,0.4020466486612956,0.4029046376546224,0.3763061841328939,0.3900344212849935,0.3951825141906738,0.3968985557556152,0.5857701619466146,0.5552629824037905,0.5201796920211227,0.4988246776439525,0.4698428118670428,0.5156036376953125,0.5186543217411748,0.5308572274667246,0.5400093926323785,0.5323825977466724,0.5400093926323785,0.5506868715639468,0.5567883526837384,0.5491615577980324,0.5567883526837384,0.5644151475694444,0.5659405178493924,0.5674658316153067,0.5705165721752026,0.5735673127350984,0.5750926830150463,0.5916679382324219,0.590809949239095,0.5916679382324219,0.5985320409138998,0.6053962071736654,0.6148343404134115,0.6019641240437825,0.5925259908040365,0.5899518966674805,0.6191244125366211,0.6028221130371094,0.5933839797973632,0.590809949239095,0.622556495666504,0.6071121851603191,0.5976740519205729,0.5951000213623047,0.6242725372314453,0.61311829884847,0.6045381546020507,0.6002480824788411,0.5796687373408564,0.5506868715639468,0.5186543217411748,0.4957739370840567,0.4667920995641638,0.5171289514612268,0.5201796920211227,0.5308572274667246,0.5400093926323785,0.5339079115125868,0.5415347629123264,0.5506868715639468,0.5567883526837384,0.5522122418438947,0.5598390367296007,0.5659405178493924,0.5674658316153067,0.5720419424551505,0.5750926830150463,0.5766179967809606,0.5766179967809606,0.506438136100769,0.5187134146690369,0.5243762135505676,0.529400110244751,0.497171014547348,0.49034449458122253,0.48513901233673096,0.5401483178138733,0.47358742356300354,0.5205597281455994,0.4956479072570801,0.5912595987319946,0.42576631903648376,0.6200888156890869,0.3966994285583496,0.6046522855758667,0.4042806327342987,0.6102961301803589,0.39088448882102966,0.6055654287338257,0.3972077965736389,0.5995644927024841,0.4062085747718811,0.558559000492096,0.4503817558288574,0.5633981227874756,0.453774094581604,0.5547857880592346,0.45033684372901917,0.5580565929412842,0.44886094331741333,0.5284445285797119,0.46751973032951355,0.20353960990905762,0.17519640922546387,0.17571747303009033,0.17661544680595398,0.1761936992406845,0.17785514891147614,0.17991644144058228,0.19656719267368317,0.19569501280784607,0.2341376096010208,0.2331901490688324,0.3753114342689514,0.37519732117652893,0.6043486595153809,0.6094239950180054,0.556511640548706,0.5752627849578857,0.5573844909667969,0.5687896013259888,0.5204302072525024,0.5305140018463135,0.5185933709144592,0.5312499403953552,0.8473920822143555,0.8511045575141907,1.1641849279403687,1.1262693405151367,1.4650650024414062,1.4510477781295776,1.505429744720459,1.495184063911438,1.5569168329238892,1.5499110221862793
0.4087812741597493,0.4113554318745931,0.4139296213785807,0.4079232215881347,0.4027749061584472,0.3890460014343261,0.3984846115112305,0.4087812741597493,0.4122134844462077,0.3830396334330241,0.3984846115112305,0.4079232215881347,0.4104973793029785,0.3796073913574219,0.3967685063680013,0.4027749061584472,0.4044910113016764,0.3770332336425781,0.3907621065775553,0.3976265589396159,0.3984846115112305,0.5842522515190972,0.5552690294053819,0.5201841566297744,0.4988280684859664,0.4667940210413049,0.5110315393518519,0.5125569661458333,0.5278112905996817,0.5369638513635706,0.5262858638057002,0.5339129977756076,0.5461164686414931,0.5537436026114004,0.5430656150535301,0.5506927490234375,0.55984536630136,0.5644216466833044,0.55984536630136,0.5659470734772859,0.5705233538592304,0.5720487806532119,0.590688959757487,0.590688959757487,0.5915470123291016,0.5975533803304036,0.6044178644816081,0.6138564427693685,0.6018437067667644,0.5924050649007161,0.5898309071858724,0.619004758199056,0.6009856541951497,0.5924050649007161,0.590688959757487,0.6215789159138997,0.6044178644816081,0.5966953277587891,0.5949792226155599,0.6232950846354167,0.6095661799112956,0.6018437067667644,0.6001275380452474,0.5750996342411747,0.5445910418475116,0.5095061125578704,0.4881500809280961,0.4591668870713976,0.5095061125578704,0.5110315393518519,0.5232350102177372,0.5308621441876447,0.5262858638057002,0.5339129977756076,0.5430656150535301,0.5476418954354746,0.5445910418475116,0.5522181758174189,0.5583199395073785,0.55984536630136,0.5644216466833044,0.5689979270652489,0.5705233538592304,0.5705233538592304,0.5064377784729004,0.5187132954597473,0.5243819355964661,0.5294328927993774,0.49717748165130615,0.4903583228588104,0.4851495921611786,0.5401467680931091,0.4735778570175171,0.5205384492874146,0.4956372380256653,0.591259241104126,0.42568239569664,0.6196590065956116,0.3968820869922638,0.6038221716880798,0.40456655621528625,0.6097775101661682,0.39148080348968506,0.6054642796516418,0.3979153037071228,0.5995094776153564,0.40700027346611023,0.5586470365524292,0.4505620300769806,0.5633919835090637,0.45377036929130554,0.5550757050514221,0.45042741298675537,0.5582870244979858,0.44890719652175903,0.5289743542671204,0.4682908356189728,0.2036425769329071,0.17526009678840637,0.17584380507469177,0.1768745630979538,0.17619363963603973,0.17783962190151215,0.1799110621213913,0.19704554975032806,0.19568945467472076,0.23432044684886932,0.2331676036119461,0.375636488199234,0.375284880399704,0.6044046878814697,0.609261691570282,0.5582728981971741,0.575053870677948,0.5573744177818298,0.5665151476860046,0.5199422240257263,0.529697835445404,0.5186912417411804,0.5310361981391907,0.8473880290985107,0.8512338995933533,1.164153814315796,1.1262601613998413,1.4655003547668457,1.4512994289398193,1.5057779550552368,1.495200514793396,1.5573720932006836,1.5503531694412231
0.4099962552388509,0.4125705401102701,0.4151448249816895,0.4099962552388509,0.40398956934611,0.3902600606282552,0.4005572001139323,0.4099962552388509,0.4134286244710286,0.3851114908854167,0.4005572001139323,0.4091381390889486,0.4108543395996094,0.3816791216532389,0.397982915242513,0.4048476854960123,0.4048476854960123,0.3782467524210612,0.3928343454996745,0.3988409996032714,0.3988409996032714,0.5827051233362268,0.5521950615776909,0.5171084933810763,0.4942259611906828,0.4637159559461805,0.507955480504919,0.5094810203269676,0.5232105396412037,0.5323635525173611,0.5232105396412037,0.5308380126953125,0.5430420487015336,0.5491440384476273,0.5399910255714699,0.5476185551396122,0.5567715680157697,0.5598225911458333,0.5567715680157697,0.5613480744538484,0.5674500641999422,0.5689756040219908,0.590196164449056,0.5910542805989584,0.5919123331705729,0.5979190190633138,0.6039257049560547,0.6133647282918294,0.6013514200846354,0.5919123331705729,0.5893380482991536,0.6185132980346679,0.6013514200846354,0.5919123331705729,0.590196164449056,0.6210875829060872,0.6039257049560547,0.5962028503417969,0.5953447341918945,0.6228037516276042,0.6090742746988932,0.60220947265625,0.6004933039347331,0.5735521104600695,0.5415165653935186,0.506429997196904,0.4835474650065104,0.4545629430700231,0.5049045138888889,0.507955480504919,0.52015951651114,0.5277870460792824,0.5232105396412037,0.5293125293872974,0.5399910255714699,0.5445675320095487,0.5415165653935186,0.5476185551396122,0.5552460847077546,0.5567715680157697,0.5613480744538484,0.564399097583912,0.5659245808919271,0.5674500641999422,0.5064365863800049,0.5187142491340637,0.524390459060669,0.5295020937919617,0.49719563126564026,0.4903813898563385,0.48517417907714844,0.5401805639266968,0.4735742211341858,0.5205132365226746,0.49562883377075195,0.5912596583366394,0.4256552457809448,0.6192770004272461,0.3969891667366028,0.6035780310630798,0.40484318137168884,0.6094304323196411,0.39199262857437134,0.6055428385734558,0.39844709634780884,0.5994058847427368,0.4075278043746948,0.558732807636261,0.4506710171699524,0.5638073086738586,0.4535882771015167,0.5552855730056763,0.4499821662902832,0.558419406414032,0.44846031069755554,0.528975248336792,0.46757709980010986,0.2038775086402893,0.17537067830562592,0.17603571712970734,0.1772097945213318,0.17623096704483032,0.17785069346427917,0.17992743849754333,0.19750121235847473,0.19568566977977753,0.23467354476451874,0.23321132361888885,0.3757503628730774,0.3752835988998413,0.6044034957885742,0.6091565489768982,0.5579521059989929,0.5728272199630737,0.555721640586853,0.563667356967926,0.5184542536735535,0.5276088714599609,0.5177438855171204,0.5293746590614319,0.8472678661346436,0.851208508014679,1.1641136407852173,1.12615966796875,1.465571641921997,1.4513145685195923,1.5057778358459473,1.4951996803283691,1.5576008558273315,1.5503371953964233
0.4108652750651042,0.4134398142496744,0.4151561737060547,0.410007095336914,0.4048580487569173,0.3911272048950195,0.402283509572347,0.4108652750651042,0.4142979939778646,0.3859781265258789,0.4014253298441569,0.410007095336914,0.4117234547932942,0.3825454076131185,0.3988507906595865,0.4057162284851074,0.4057162284851074,0.3791126887003581,0.393701712290446,0.3997089703877767,0.3997089703877767,0.5811152705439815,0.552127922905816,0.5185636167173032,0.4956788804796007,0.4651659082483362,0.5078841032805266,0.5094097561306423,0.5246662281177662,0.5338201452184607,0.5231405752676505,0.5307688395182292,0.5429740058051216,0.5506022700557003,0.5399227566189236,0.5475509643554688,0.5582305343062789,0.5597561871563946,0.5582305343062789,0.5628074928566261,0.5673844514069734,0.5689101042570891,0.5910826365152995,0.5910826365152995,0.5919408162434896,0.5988062540690104,0.6048135121663412,0.6142534255981446,0.6022389729817709,0.5927989959716797,0.5893662770589193,0.6194025039672851,0.6022389729817709,0.5927989959716797,0.5910826365152995,0.6219770431518554,0.6048135121663412,0.5970898946126302,0.5962317148844402,0.6236934026082357,0.609962526957194,0.6030971527099609,0.6013807932535807,0.571961353443287,0.5399227566189236,0.5063584504304108,0.4834737141927083,0.4544863665545428,0.5048327975802951,0.5063584504304108,0.5185636167173032,0.5261918809678819,0.5231405752676505,0.5277175338179977,0.5383971037688079,0.5429740058051216,0.5414484094690394,0.546025311505353,0.5536535757559317,0.5551792286060474,0.5612818400065104,0.5643331457067419,0.5643331457067419,0.5658587985568576,0.5064778923988342,0.5187304019927979,0.5244151949882507,0.5296186804771423,0.4973077178001404,0.4904782176017761,0.48528677225112915,0.5402104258537292,0.4735797941684723,0.5205115675926208,0.49566856026649475,0.5912593007087708,0.42565006017684937,0.6190522909164429,0.39693260192871094,0.6035676598548889,0.40505000948905945,0.609404444694519,0.39234688878059387,0.6057388186454773,0.3988698422908783,0.5994769930839539,0.4079395830631256,0.558793306350708,0.4507608413696289,0.5642864108085632,0.45354121923446655,0.5557626485824585,0.4497050344944,0.5587652921676636,0.44807592034339905,0.5295029282569885,0.4675566554069519,0.2042129933834076,0.17553670704364777,0.17630112171173096,0.17762179672718048,0.17630957067012787,0.17789733409881592,0.17997536063194275,0.1978665143251419,0.19571568071842194,0.23504598438739777,0.23340792953968048,0.3758179843425751,0.3752804696559906,0.6045829057693481,0.6090449690818787,0.5575453042984009,0.5711807012557983,0.5544927716255188,0.562445878982544,0.5174877047538757,0.5263879895210266,0.5170793533325195,0.5281081795692444,0.8472164869308472,0.8511945009231567,1.164149284362793,1.1262876987457275,1.465540885925293,1.4513604640960693,1.5056313276290894,1.4952073097229004,1.5576969385147095,1.5506887435913086
0.4116605122884114,0.4133763313293457,0.4150921503702799,0.4099446614583333,0.4047971725463867,0.391928482055664,0.4013655344645182,0.4108025868733724,0.4142342567443847,0.3859230677286784,0.4013655344645182,0.4108025868733724,0.4125184059143066,0.382491397857666,0.3996497154235839,0.4065130233764648,0.4065130233764648,0.3799176534016927,0.3936443010965983,0.4005076090494792,0.4013655344645182,0.5826079191984954,0.5521043000397858,0.5200754801432291,0.4971977516456886,0.4666941324869791,0.5093991880063657,0.510924388744213,0.5261762265805845,0.5353273179796006,0.5246510258427373,0.5338021172417535,0.5460035536024306,0.5521043000397858,0.5414280079029224,0.5505790993019387,0.5597301907009549,0.5627805356626158,0.5597301907009549,0.5658309371383102,0.568881282099971,0.5719316270616319,0.5918225606282552,0.5918225606282552,0.5926804860432943,0.5995438257853191,0.605549176534017,0.6149862925211589,0.6029754638671875,0.5943963368733723,0.5909646352132162,0.6201337814331055,0.6029754638671875,0.5935384114583333,0.5918225606282552,0.6227074940999349,0.605549176534017,0.5978279749552409,0.5961121241251628,0.6244233449300131,0.6098388036092123,0.6029754638671875,0.6012596130371094,0.5734568277994792,0.5414280079029224,0.5063488430447048,0.4834711145471643,0.4544926678692853,0.5048236423068576,0.5078740437825521,0.5200754801432291,0.5277013708043982,0.52312582510489,0.5292265715422454,0.5399028636791088,0.5444784093786169,0.5429532086407697,0.5475287543402778,0.5551546450014467,0.556679845739294,0.5612553914388021,0.564305736400463,0.5658309371383102,0.5673560813621238,0.5065102577209473,0.5187612175941467,0.5244459509849548,0.5297442078590393,0.497407466173172,0.4905514717102051,0.48537665605545044,0.540270984172821,0.47359684109687805,0.5205094814300537,0.49567392468452454,0.5912644863128662,0.4255980849266052,0.6190298199653625,0.39667320251464844,0.6038385033607483,0.4043663740158081,0.6098856329917908,0.39255303144454956,0.6061843037605286,0.39915230870246887,0.5998075604438782,0.4081950783729553,0.5587964653968811,0.4507612884044647,0.564414381980896,0.4533541798591614,0.5557375550270081,0.44941872358322144,0.5587254166603088,0.4476567804813385,0.5294703245162964,0.467435747385025,0.20458513498306274,0.17576542496681213,0.17664383351802826,0.17810910940170288,0.17641650140285492,0.1779579371213913,0.1800304651260376,0.19828596711158752,0.19572113454341888,0.23550400137901306,0.23364129662513733,0.37594249844551086,0.37527942657470703,0.6046368479728699,0.6090030670166016,0.5572583079338074,0.5707152485847473,0.5538734793663025,0.5625717639923096,0.5169018507003784,0.5260370969772339,0.5166258811950684,0.5276528596878052,0.8472011089324951,0.8511671423912048,1.1642091274261475,1.1261484622955322,1.4655251502990723,1.4514384269714355,1.5056051015853882,1.4952449798583984,1.5577380657196045,1.551129937171936
0.4108031908671061,0.4133767445882161,0.4150924682617187,0.4099453608194986,0.4039403915405273,0.3919305165608724,0.4022246996561686,0.4116610527038574,0.4142346064249674,0.3867834091186523,0.4022246996561686,0.4108031908671061,0.4125189145406087,0.3824941635131836,0.3996511459350585,0.4065139452616373,0.4065139452616373,0.3799206097920736,0.3936462084452311,0.4005090077718099,0.4013668696085612,0.5857240464952257,0.5536976567021122,0.5216712669089988,0.4987952338324652,0.4682939317491319,0.5125208536783854,0.5140459413881655,0.5277715047200521,0.5369219179506655,0.5277715047200521,0.535396886754919,0.5475974188910591,0.5521725689923321,0.5445472434714989,0.5521725689923321,0.5613229822229456,0.5643731011284723,0.5628480699327257,0.5674232765480324,0.570473395453559,0.5735235143590857,0.5926673889160157,0.5926673889160157,0.593525250752767,0.6003880818684896,0.6072508494059244,0.6166872024536133,0.6046773274739583,0.5952409744262696,0.5926673889160157,0.620976448059082,0.603819465637207,0.5943831125895183,0.5926673889160157,0.6235500335693359,0.6063929875691731,0.5978144963582357,0.5969566345214844,0.6252656936645508,0.6106822331746419,0.6029616038004557,0.6012459437052409,0.5750486020688658,0.5430222122757523,0.5079456470630787,0.4850696705005787,0.4560933996129919,0.5064206158673322,0.5079456470630787,0.5201461791992188,0.5277715047200521,0.5247213858145254,0.5292965924298322,0.5399720368561921,0.5445472434714989,0.5430222122757523,0.5491224500868056,0.5552227444118923,0.558272863317419,0.5628480699327257,0.5658981888382523,0.5674232765480324,0.5689483077437789,0.5065382122993469,0.5187897086143494,0.5244791507720947,0.529874324798584,0.49749475717544556,0.49061501026153564,0.4854605495929718,0.5403639078140259,0.4736230671405792,0.5205069780349731,0.4956742227077484,0.5912379622459412,0.42543262243270874,0.618987500667572,0.39623403549194336,0.6040674448013306,0.40333250164985657,0.6104519367218018,0.39245328307151794,0.6065597534179688,0.39935746788978577,0.6000284552574158,0.408401221036911,0.5587858557701111,0.45073550939559937,0.5645392537117004,0.4531537890434265,0.5557355880737305,0.4491714537143707,0.5587034821510315,0.44731980562210083,0.5295214653015137,0.467404842376709,0.20482991635799408,0.17589588463306427,0.1768362820148468,0.1783895045518875,0.17646436393260956,0.17797785997390747,0.1800452023744583,0.19850631058216095,0.1957187056541443,0.23585940897464752,0.23377875983715057,0.3761952519416809,0.3752809166908264,0.6046277284622192,0.6087396740913391,0.5570183396339417,0.5704726576805115,0.5538466572761536,0.5620975494384766,0.5167943835258484,0.5256568193435669,0.5164928436279297,0.5274351239204407,0.8476654887199402,0.8515767455101013,1.1649603843688965,1.1263090372085571,1.4660415649414062,1.4518851041793823,1.5060405731201172,1.4957114458084106,1.5584919452667236,1.5515950918197632
0.4116159121195475,0.4133318265279134,0.4150477409362793,0.4099000295003255,0.4047523180643717,0.3918830235799154,0.4021784464518229,0.4116159121195475,0.4141897837320963,0.3867353121439615,0.4021784464518229,0.4116159121195475,0.4124738693237305,0.3833035151163736,0.3996045748392741,0.4064682006835937,0.4073261578877767,0.3798716862996419,0.3935989379882812,0.400462532043457,0.4013204892476399,0.5840471055772569,0.5535421300817419,0.5215119538483797,0.4986332080982349,0.4681282608597367,0.5123604668511285,0.5138857241030093,0.5276129263418692,0.5367644133391204,0.5276129263418692,0.5367644133391204,0.5474411575882523,0.5535421300817419,0.5443906430844907,0.5535421300817419,0.5611684163411458,0.5642188743308738,0.5626936735930266,0.5672693888346354,0.570319903338397,0.573370361328125,0.5926438013712565,0.5926438013712565,0.5935017903645833,0.6003653844197591,0.6072289784749348,0.6166664759318033,0.60465513865153,0.5952177047729492,0.5926438013712565,0.6209562301635743,0.6037972132364909,0.5943597157796224,0.5926438013712565,0.6235300699869791,0.6063710530598958,0.5977915445963542,0.5969335556030273,0.6252459843953451,0.6115187962849935,0.6037972132364909,0.602081298828125,0.5764208758318866,0.5428654423466435,0.5093099523473669,0.4864312065972222,0.4574515166106047,0.5077846950954861,0.5077846950954861,0.5199866965964989,0.5276129263418692,0.5245624118381076,0.5306634408456308,0.539814927842882,0.5443906430844907,0.5428654423466435,0.5489664148401331,0.5550673873336227,0.5581179018373843,0.5626936735930266,0.5657441315827546,0.5672693888346354,0.5687946460865162,0.5065460801124573,0.5188012719154358,0.524496853351593,0.5299504995346069,0.49754244089126587,0.4906576871871948,0.48550766706466675,0.5404232144355774,0.4736466109752655,0.5204988718032837,0.4956633150577545,0.5912119746208191,0.4253767728805542,0.6188724040985107,0.3955968916416168,0.6040697693824768,0.40283241868019104,0.6105225682258606,0.3924221694469452,0.606792688369751,0.39950963854789734,0.6001878976821899,0.4085560441017151,0.558760404586792,0.4506722092628479,0.5644775629043579,0.4524526298046112,0.5555487871170044,0.448173850774765,0.5584569573402405,0.4463459551334381,0.5293120741844177,0.46616330742836,0.20491567254066467,0.17597779631614685,0.17697811126708984,0.17861445248126984,0.17647963762283325,0.1779780238866806,0.18004374206066132,0.19884058833122253,0.19570045173168182,0.23603543639183044,0.23382003605365753,0.3764772117137909,0.3752814829349518,0.6046351194381714,0.6086606979370117,0.556831955909729,0.5706130266189575,0.5540828704833984,0.5625112652778625,0.516762375831604,0.5258480906486511,0.5163794159889221,0.5275198817253113,0.8480797410011292,0.8518797159194946,1.1649831533432007,1.1263424158096313,1.4662781953811646,1.452495813369751,1.506431221961975,1.496564507484436,1.5585399866104126,1.5517842769622803
0.4115180651346842,0.4140927950541178,0.4158092816670736,0.4106598218282064,0.4055103619893392,0.3926366806030273,0.4037938435872396,0.4123763084411621,0.4158092816670736,0.3874871889750163,0.4037938435872396,0.4123763084411621,0.4132345517476399,0.3831959724426269,0.4003608703613281,0.4072268486022949,0.4080850919087728,0.3806212425231933,0.394353167215983,0.401219113667806,0.4029356002807617,0.5840029681170428,0.5534875940393519,0.521446454083478,0.4985599093967013,0.4680445353190104,0.5122918023003472,0.5138175681785301,0.5275495175962095,0.5367041128653067,0.5275495175962095,0.5367041128653067,0.5489102964048033,0.5534875940393519,0.5443329987702547,0.5534875940393519,0.5611164234302662,0.564167955186632,0.5611164234302662,0.5672194869429977,0.5702710186993635,0.5717968410915799,0.5926077524820964,0.5926077524820964,0.5926077524820964,0.6003320058186848,0.6071979522705078,0.6166386286417643,0.6046232223510742,0.5951824824015299,0.5926077524820964,0.6209298451741536,0.6037649790445964,0.594324239095052,0.5926077524820964,0.6235045750935873,0.60633970896403,0.5986155192057292,0.5968990325927734,0.625221061706543,0.6114891688028972,0.6037649790445964,0.6020484924316406,0.5763741387261285,0.5443329987702547,0.5092402705439815,0.4863537258572049,0.4573641459147135,0.5077145046657986,0.5077145046657986,0.5199206882052951,0.5275495175962095,0.5244979858398438,0.5306010493525752,0.5397556446216725,0.5458587646484375,0.5428071763780382,0.5489102964048033,0.5550133599175348,0.5580648916739005,0.5626421893084491,0.5656937210648149,0.5672194869429977,0.5687452528211806,0.506550133228302,0.5188195705413818,0.5245242118835449,0.530055046081543,0.49757081270217896,0.4906889796257019,0.48553916811943054,0.5404673218727112,0.47366398572921753,0.5204801559448242,0.49564632773399353,0.591183066368103,0.42524006962776184,0.618388295173645,0.39507919549942017,0.6040409207344055,0.4018438756465912,0.6105231046676636,0.3922465443611145,0.6069507598876953,0.39962542057037354,0.6002461910247803,0.40867185592651367,0.5587263703346252,0.4506211578845978,0.5644732117652893,0.4524441957473755,0.555293619632721,0.4481753408908844,0.557884931564331,0.4463007152080536,0.5293056964874268,0.4665604531764984,0.2050473392009735,0.1760644018650055,0.17711873352527618,0.17882519960403442,0.17650125920772552,0.17798538506031036,0.18004702031612396,0.19902709126472473,0.19568683207035065,0.23622970283031464,0.23390594124794006,0.37678062915802,0.37528106570243835,0.6049512624740601,0.6085398197174072,0.5568598508834839,0.5701342225074768,0.5544126629829407,0.5620549917221069,0.5167443156242371,0.5252417325973511,0.5163238048553467,0.5270315408706665,0.8480812907218933,0.8519114851951599,1.1649856567382812,1.1262797117233276,1.46638023853302,1.4525196552276611,1.5066596269607544,1.4966015815734863,1.5585675239562988,1.5517851114273071
0.4128355662027995,0.4145519892374674,0.4162684122721354,0.4111191431681315,0.4059698740641276,0.3930967013041178,0.4042534510294596,0.4128355662027995,0.4162684122721354,0.38794740041097,0.4042534510294596,0.4128355662027995,0.4136937777201334,0.3836563428243001,0.4008206049601236,0.4076862970987955,0.4085445086161295,0.3810817082722982,0.3948131243387858,0.4016788164774577,0.4033952395121256,0.5824884485315394,0.5534999140986689,0.5199343080873843,0.4985743204752604,0.4680601331922743,0.5123057612666377,0.513831470630787,0.5275628549081308,0.5367171110930267,0.5275628549081308,0.5367171110930267,0.548922786006221,0.5534999140986689,0.5443456579137731,0.5534999140986689,0.561128517433449,0.5641799361617477,0.561128517433449,0.5672313548900463,0.5702827736183449,0.5718084829824942,0.5922019322713216,0.5922019322713216,0.5930601755777994,0.5999258677164714,0.6067915598551432,0.6162319183349609,0.6042169570922852,0.5947765986124675,0.5922019322713216,0.620522944132487,0.6042169570922852,0.5947765986124675,0.5922019322713216,0.6239557902018229,0.6067915598551432,0.5982094446818034,0.5964930216471355,0.6248140335083008,0.611082649230957,0.6042169570922852,0.6016422907511393,0.5763856110749421,0.5428199485496238,0.5092543425383391,0.486368645562066,0.4573801676432291,0.5077286331741898,0.5077286331741898,0.5199343080873843,0.5275628549081308,0.5245114361798322,0.5306142736364294,0.5397685298213253,0.5443456579137731,0.5428199485496238,0.548922786006221,0.5550256234628183,0.5580770421911169,0.5626542267975984,0.565705645525897,0.5672313548900463,0.5687570642541956,0.5065534114837646,0.5188281536102295,0.5245417356491089,0.5301238894462585,0.49757638573646545,0.49069827795028687,0.4855510890483856,0.540501058101654,0.473678857088089,0.5204626321792603,0.49561795592308044,0.5911762118339539,0.4251483082771301,0.6181482672691345,0.39460304379463196,0.603889524936676,0.40094053745269775,0.610515296459198,0.39215269684791565,0.6069983839988708,0.39971107244491577,0.6002510190010071,0.4087187945842743,0.558681309223175,0.4505915939807892,0.5644945502281189,0.45296648144721985,0.5553447604179382,0.4487540125846863,0.5579061508178711,0.4465000331401825,0.5297771096229553,0.4692068099975586,0.20516590774059296,0.1761055886745453,0.17718462646007538,0.1789284497499466,0.17652080953121185,0.1779954731464386,0.18005803227424622,0.19914117455482483,0.19567056000232697,0.23636148869991302,0.23395836353302002,0.37696272134780884,0.37527966499328613,0.6053014397621155,0.6084452271461487,0.5569057464599609,0.5697603225708008,0.5546584725379944,0.5617609024047852,0.5167230367660522,0.5247287750244141,0.5163094401359558,0.5266157984733582,0.8480701446533203,0.8519068956375122,1.1645686626434326,1.1257301568984985,1.4651120901107788,1.4524070024490356,1.5055172443389893,1.4964735507965088,1.5568442344665527,1.5516607761383057
0.4127782503763834,0.4144956588745117,0.417071787516276,0.4119195620218913,0.4059086163838704,0.3938867568969726,0.4050499280293783,0.4136369705200195,0.417071787516276,0.3878758112589518,0.4041912078857422,0.4127782503763834,0.4144956588745117,0.3844409942626953,0.4007563908894856,0.4084847450256347,0.4093434333801269,0.3818648974100748,0.3947454770406087,0.4016151110331217,0.4041912078857422,0.5852280228226273,0.5546963161892361,0.5226379959671585,0.4997391877350984,0.4692074811017072,0.5134784839771412,0.5165316546404803,0.5287443372938369,0.5379038492838542,0.5287443372938369,0.5379038492838542,0.5501165319372107,0.5546963161892361,0.5455368041992188,0.5546963161892361,0.5623292145905672,0.5638558281792535,0.5638558281792535,0.5684355559172454,0.5714887265805845,0.5730153401692708,0.5922475814819336,0.5922475814819336,0.5931062698364258,0.5999759038289388,0.607704226175944,0.6162913004557292,0.6042694091796875,0.5948236465454102,0.5922475814819336,0.6205848058064779,0.6042694091796875,0.593964958190918,0.5922475814819336,0.6240196228027344,0.6068455378214518,0.5982584635416667,0.5956823984781902,0.6248783111572266,0.6111390431722005,0.6034107208251953,0.6008345921834309,0.5775951244212963,0.5455368041992188,0.510425313313802,0.4875265050817419,0.4585213837800203,0.5088986997251157,0.5088986997251157,0.5211113823784722,0.5287443372938369,0.5256911666304976,0.531797507957176,0.5409570199471933,0.5470633612738716,0.5455368041992188,0.5501165319372107,0.5562228732638889,0.559276043927228,0.5638558281792535,0.5669089988425926,0.5684355559172454,0.5699621695059317,0.5065370202064514,0.5188308358192444,0.5245479941368103,0.5301428437232971,0.4975733458995819,0.4907054305076599,0.48555323481559753,0.5405167937278748,0.4737059772014618,0.5204340219497681,0.4955912232398987,0.5911744236946106,0.4250815510749817,0.617665708065033,0.39445117115974426,0.6038837432861328,0.40107518434524536,0.6105039119720459,0.3921939730644226,0.6071752905845642,0.3997792601585388,0.6004448533058167,0.4087775647640228,0.5585669279098511,0.450553834438324,0.5643422603607178,0.4529619812965393,0.5553318858146667,0.44877058267593384,0.5578734278678894,0.4464913308620453,0.5299307703971863,0.46933260560035706,0.2051820307970047,0.17611923813819885,0.17720091342926025,0.17894262075424194,0.17652550339698792,0.17799659073352814,0.1800614297389984,0.19916513562202454,0.1956350952386856,0.2363760769367218,0.2339472621679306,0.37706229090690613,0.3752671778202057,0.6053585410118103,0.6082659959793091,0.5575467944145203,0.5701063871383667,0.5558755993843079,0.5626197457313538,0.5173271894454956,0.525561511516571,0.5167754888534546,0.5270714163780212,0.8480921387672424,0.8519278764724731,1.164629340171814,1.1258562803268433,1.4650321006774902,1.4524385929107666,1.505285382270813,1.4964673519134521,1.5568190813064575,1.5516902208328247
0.4136531511942545,0.4153704643249511,0.4162290891011556,0.4119358698527018,0.4059253692626953,0.3939043998718262,0.4059253692626953,0.4145118077596029,0.4170877456665039,0.3887525240580241,0.4042080879211426,0.4127945264180501,0.4145118077596029,0.3844593365987142,0.4007735252380371,0.4076426823933919,0.4085013071695964,0.3818833986918131,0.3947630246480306,0.4016321818033854,0.4033494631449381,0.5867233276367188,0.5561938250506365,0.5241378219039352,0.5027672096535012,0.4737641511140046,0.5180319326895254,0.5210848772967304,0.5348231562861689,0.5439820466218172,0.5332967122395833,0.542455546061198,0.5531408804434317,0.5577203256112558,0.5516143798828125,0.5592467696578415,0.5668791594328704,0.568405603479456,0.568405603479456,0.5729850486472801,0.5760379932544849,0.5775644938151042,0.5922508239746094,0.5922508239746094,0.5931094487508138,0.6008371988932292,0.6077063878377279,0.6162928263346354,0.6042718251546224,0.5948267618815104,0.5913921356201172,0.6214446385701498,0.6051304499308269,0.5948267618815104,0.5922508239746094,0.6240205764770508,0.6085650126139323,0.5982613245646159,0.5956853866577149,0.6257378896077473,0.6128582000732422,0.6042718251546224,0.6008371988932292,0.5806174384223091,0.5485614352756076,0.5134524875217014,0.493608319317853,0.4630788167317708,0.5134524875217014,0.5149789880823206,0.5256643224645544,0.5332967122395833,0.5317702116789641,0.5363496568467881,0.5455084906684028,0.5516143798828125,0.5500879358362268,0.5546673244900173,0.5607732702184607,0.5622997142650463,0.5699321040400752,0.5714586046006944,0.5714586046006944,0.5729850486472801,0.5065227746963501,0.5188290476799011,0.5245552659034729,0.5301550626754761,0.49757692217826843,0.4907108545303345,0.4855569303035736,0.5405337810516357,0.47371575236320496,0.5203971862792969,0.4955706298351288,0.5911267399787903,0.4250503182411194,0.6176058650016785,0.3944438695907593,0.60426926612854,0.40189501643180847,0.6104912161827087,0.392815500497818,0.6072297692298889,0.3998335301876068,0.6006337404251099,0.4088200330734253,0.5585281252861023,0.45055192708969116,0.5643209218978882,0.45300060510635376,0.5554218292236328,0.4495909512042999,0.5579906702041626,0.4474225640296936,0.530182957649231,0.4700426459312439,0.20518894493579865,0.17613179981708527,0.17721639573574066,0.17895883321762085,0.17652295529842377,0.17798873782157898,0.18005244433879852,0.19924524426460266,0.1956208497285843,0.2363845258951187,0.23391379415988922,0.3772857189178467,0.37527376413345337,0.6054115891456604,0.6081946492195129,0.5581457614898682,0.5716238617897034,0.5564904808998108,0.5653805732727051,0.5180251002311707,0.5291306972503662,0.5172960162162781,0.5294962525367737,0.848130464553833,0.8519936800003052,1.1646620035171509,1.1261141300201416,1.4650548696517944,1.4532748460769653,1.5052826404571533,1.497215747833252,1.5568591356277466,1.5521591901779175
0.4142070770263671,0.4150661786397298,0.4159253120422363,0.4107706069946289,0.4056158701578776,0.3927290916442871,0.4038976351420084,0.4133479436238607,0.4159253120422363,0.3875743865966797,0.4038976351420084,0.412488842010498,0.4142070770263671,0.3832787831624349,0.4004611651102702,0.4081932385762533,0.4090523401896159,0.3815605481465657,0.3944473266601562,0.4013202985127767,0.4038976351420084,0.5895790382667824,0.5620872214988426,0.5300134729456019,0.5086309362340856,0.4811391194661458,0.5254314846462673,0.5284861246744792,0.5407046847873264,0.5498686613859953,0.5407046847873264,0.5498686613859953,0.5605598732277199,0.5651418615270544,0.5590325814706308,0.5681965015552662,0.5743057816116898,0.5758331298828125,0.5758331298828125,0.5819424099392361,0.584997049967448,0.5865243982385706,0.5920446395874024,0.5929037729899088,0.5937629063924154,0.600635846455892,0.6075087865193685,0.6178182601928711,0.6049314498901367,0.5954811096191406,0.5911855697631836,0.6221138000488281,0.606649653116862,0.5963402430216471,0.5929037729899088,0.6255502700805664,0.6092270533243815,0.5997767130533854,0.5963402430216471,0.626409403483073,0.6135226567586263,0.6057905832926432,0.6023541132609049,0.5819424099392361,0.5544505931712963,0.5208494963469329,0.5009943079065393,0.4719751993815104,0.5208494963469329,0.5254314846462673,0.5376500447591146,0.5452866730866609,0.5391773930302373,0.54681396484375,0.555977941442419,0.5590325814706308,0.5590325814706308,0.566669209798177,0.5697238498263889,0.571251141583478,0.5788877699110243,0.5819424099392361,0.5819424099392361,0.5819424099392361,0.5065167546272278,0.5188194513320923,0.5245585441589355,0.5301468968391418,0.49756187200546265,0.490712434053421,0.4855557978153229,0.5405290126800537,0.47373679280281067,0.5203906297683716,0.4955851137638092,0.5911291837692261,0.42502251267433167,0.617341160774231,0.3944207727909088,0.6044356822967529,0.4020851254463196,0.6109006404876709,0.39320051670074463,0.6077372431755066,0.3998696208000183,0.6012818217277527,0.4088681638240814,0.5585146546363831,0.45055025815963745,0.5640497803688049,0.45294323563575745,0.5551280379295349,0.4496880769729614,0.5576866865158081,0.4475996196269989,0.5301310420036316,0.47001928091049194,0.2050599753856659,0.17609138786792755,0.17715086042881012,0.17886753380298615,0.17649109661579132,0.1779504120349884,0.18001526594161987,0.19917576014995575,0.19555898010730743,0.2362607717514038,0.23366253077983856,0.377400666475296,0.3752681314945221,0.6053203344345093,0.6078575849533081,0.5599792003631592,0.5741981863975525,0.5612286329269409,0.5693197250366211,0.5242387652397156,0.5342102646827698,0.5230652689933777,0.533429741859436,0.8483405113220215,0.8522276878356934,1.1655222177505493,1.1266809701919556,1.4665848016738892,1.454399824142456,1.5069299936294556,1.4982233047485352,1.5576200485229492,1.5527585744857788
0.413159434000651,0.413159434000651,0.414877700805664,0.4097228686014811,0.404568068186442,0.392540168762207,0.4037089347839355,0.413159434000651,0.4165959676106771,0.3865262031555175,0.4037089347839355,0.4123003005981445,0.4140185674031575,0.3830896695454915,0.4002724011739095,0.4071454683939616,0.4080046017964681,0.3813714027404785,0.39425843556722,0.401131534576416,0.402849801381429,0.6032662285698784,0.575773846661603,0.5467541729962384,0.5238438924153646,0.4978788587782118,0.5421721281828704,0.5467541729962384,0.5589730156792535,0.5681371053059896,0.5559182626229745,0.5666097570348669,0.5773012514467593,0.5803559479890046,0.5727191501193576,0.58341064453125,0.5895200376157408,0.5910473858868635,0.5895200376157408,0.5956294307002314,0.6002115320276331,0.6017388802987558,0.5927188237508138,0.5944370905558268,0.5952962239583334,0.6013101577758789,0.6073241551717122,0.6193520228068033,0.6081832885742188,0.5978736241658529,0.5927188237508138,0.6236476898193359,0.6081832885742188,0.5978736241658529,0.5935779571533203,0.6262251536051432,0.6107606887817383,0.6013101577758789,0.5970144907633463,0.6270842870076497,0.6159154891967773,0.6073241551717122,0.6030284881591796,0.5971568354853878,0.5681371053059896,0.539117431640625,0.5177344428168402,0.491769465693721,0.5375900268554688,0.5406447799117476,0.5513362178096065,0.5605003639503762,0.5543909143518518,0.5620277122214988,0.5696644535771123,0.5742464983904804,0.5742464983904804,0.5803559479890046,0.5849379928023727,0.5864653410734953,0.5910473858868635,0.5956294307002314,0.5956294307002314,0.5956294307002314,0.5065233707427979,0.5188206434249878,0.5245634317398071,0.530145525932312,0.49753478169441223,0.4906900227069855,0.48552316427230835,0.5405304431915283,0.4737347662448883,0.5203897356987,0.49558886885643005,0.5912590026855469,0.42501458525657654,0.616935670375824,0.39454224705696106,0.6052532196044922,0.40229281783103943,0.6120873689651489,0.39331385493278503,0.6084508299827576,0.39984115958213806,0.6019995212554932,0.40883901715278625,0.5585586428642273,0.4506489932537079,0.5642666220664978,0.4529615640640259,0.5553072690963745,0.4498516619205475,0.5578643679618835,0.44787850975990295,0.5305470824241638,0.46999821066856384,0.20491692423820496,0.17606721818447113,0.17709577083587646,0.17877480387687683,0.17643599212169647,0.17789123952388763,0.17997899651527405,0.19910188019275665,0.19553466141223907,0.23601603507995605,0.23348595201969147,0.3781067132949829,0.37530308961868286,0.603902280330658,0.6068336963653564,0.5671036243438721,0.5790927410125732,0.5726138353347778,0.5767656564712524,0.5368003249168396,0.5433545112609863,0.534002959728241,0.5415043234825134,0.8484898805618286,0.8527717590332031,1.167638897895813,1.1270573139190674,1.4686942100524902,1.454965591430664,1.5086320638656616,1.498928427696228,1.5602813959121704,1.5528053045272827
0.4130275090535482,0.4087319691975911,0.4121683756510416,0.4078728357950846,0.402718194325765,0.391549809773763,0.4035772959391276,0.4130275090535482,0.4164639155069987,0.3863951365152995,0.4035772959391276,0.4121683756510416,0.4138866106669108,0.3829587300618489,0.4001408894856771,0.4087319691975911,0.4095910708109537,0.3812404950459798,0.3949862162272135,0.402718194325765,0.4052955309549967,0.600231424967448,0.5880129778826678,0.5681580154984086,0.5513576931423612,0.5253935637297453,0.5681580154984086,0.5773218225549769,0.5895402696397569,0.5987040766963252,0.5864856861255787,0.5987040766963252,0.607867940266927,0.6093952320240162,0.6032860084816262,0.6155044555664062,0.6200863308376736,0.6185590390805845,0.6216136225947627,0.6292501378942419,0.6307774861653646,0.6292501378942419,0.5960175196329752,0.5960175196329752,0.5951583862304688,0.6011721928914388,0.6063268025716145,0.6192134221394857,0.6089041392008464,0.5977357228597006,0.5925811131795248,0.6252271652221679,0.6106223424275716,0.598594856262207,0.5934401830037435,0.6286636352539062,0.6131996790568034,0.6011721928914388,0.5960175196329752,0.6303818384806316,0.6174952189127604,0.6071859359741211,0.6011721928914388,0.6200863308376736,0.591067561396846,0.5651034319842303,0.5483031096281828,0.5223389237015336,0.5620487919560185,0.5681580154984086,0.5803764625831886,0.5895402696397569,0.5788491708260995,0.591067561396846,0.5987040766963252,0.6017587167245371,0.5971767849392361,0.6093952320240162,0.6124498155381944,0.6124498155381944,0.6170317473234954,0.6231409708658854,0.6231409708658854,0.6216136225947627,0.5065279603004456,0.5188256502151489,0.5245673060417175,0.53011554479599,0.49747973680496216,0.49063149094581604,0.4853958189487457,0.5404866933822632,0.47370243072509766,0.5203859806060791,0.4955722689628601,0.5913228988647461,0.4249982237815857,0.6169843077659607,0.39329636096954346,0.6084915399551392,0.4021497368812561,0.6140201687812805,0.39289551973342896,0.6102454662322998,0.39900094270706177,0.6039256453514099,0.40781205892562866,0.5585756301879883,0.45065072178840637,0.5644048452377319,0.45287957787513733,0.5558866858482361,0.4498465359210968,0.5585088729858398,0.4478929936885834,0.5316047668457031,0.46974650025367737,0.20447523891925812,0.17599867284297943,0.17700622975826263,0.17865031957626343,0.17619331181049347,0.17762936651706696,0.17971421778202057,0.19907161593437195,0.19533059000968933,0.2356719821691513,0.23313570022583008,0.3792913258075714,0.37528368830680847,0.6029667854309082,0.5990089178085327,0.5832156538963318,0.5869578719139099,0.5907446146011353,0.5918974876403809,0.5580036044120789,0.5574919581413269,0.5549583435058594,0.5541449189186096,0.8492804169654846,0.8542255163192749,1.1705185174942017,1.1290087699890137,1.4721242189407349,1.4581102132797241,1.5118639469146729,1.5019376277923584,1.5640381574630737,1.5559203624725342
0.4032655715942382,0.4015467961629231,0.4092812538146972,0.4075624783833821,0.4032655715942382,0.3912341435750325,0.4015467961629231,0.4118594169616699,0.4178751309712727,0.3852184613545735,0.4015467961629231,0.4101406415303548,0.4110000292460123,0.3817809104919433,0.3981092453002929,0.405843702952067,0.405843702952067,0.3783433596293131,0.3929529190063476,0.3989686330159505,0.4015467961629231,0.6244668466073495,0.6214112458405672,0.6061332420066551,0.593910895453559,0.5679383454499422,0.6107166431568287,0.6214112458405672,0.6336336489076968,0.6412725943106192,0.627522447374132,0.6443281950774016,0.6504393966109664,0.6504393966109664,0.6443281950774016,0.6596061989113137,0.6611339992947048,0.6580783985279225,0.6596061989113137,0.6718285454644097,0.6718285454644097,0.6672451443142361,0.6292840957641601,0.6112370173136393,0.5992055892944336,0.6000649770100911,0.6043619155883789,0.6189715067545573,0.6086588541666667,0.598346201578776,0.5914710998535156,0.6249872207641601,0.6103776295979818,0.5992055892944336,0.5957680384318034,0.6284247080485026,0.6129557927449544,0.6026431401570638,0.6000649770100911,0.6310028711954753,0.6181121190388997,0.6095182418823242,0.606080691019694,0.6046054981372975,0.6091888427734375,0.6000220969871238,0.5908552946867767,0.566410545066551,0.6000220969871238,0.6137722439236111,0.6244668466073495,0.6305780481409143,0.6183556450737847,0.6366891931604456,0.6412725943106192,0.6412725943106192,0.6366891931604456,0.6519671969943577,0.6534949973777489,0.6489115962275752,0.6534949973777489,0.662661799678096,0.662661799678096,0.6580783985279225,0.5064767599105835,0.5188269019126892,0.5245698690414429,0.5300574898719788,0.4973653256893158,0.49057042598724365,0.48530441522598267,0.5402896404266357,0.4736993908882141,0.5203458070755005,0.4954174757003784,0.5913341641426086,0.42502614855766296,0.6174138188362122,0.3933458626270294,0.6132376790046692,0.3990468978881836,0.6179192662239075,0.39103755354881287,0.6111012697219849,0.3976007401943207,0.6054287552833557,0.4054092466831207,0.5583849549293518,0.4506605863571167,0.563903272151947,0.451874703168869,0.5558551549911499,0.44993191957473755,0.5584676265716553,0.44857969880104065,0.532222330570221,0.46907714009284973,0.20382513105869293,0.1759037971496582,0.17690671980381012,0.1784992516040802,0.17579036951065063,0.177190899848938,0.17911651730537415,0.19905313849449158,0.19493639469146729,0.23530860245227814,0.23258182406425476,0.38094520568847656,0.3754764497280121,0.603229820728302,0.5924235582351685,0.6043015718460083,0.6035899519920349,0.6177313923835754,0.6218017935752869,0.5898076295852661,0.5869089961051941,0.5860537886619568,0.5799587965011597,0.8497436046600342,0.8550524115562439,1.1788675785064697,1.1362050771713257,1.4765777587890625,1.4633400440216064,1.5156166553497314,1.5072773694992065,1.5688315629959106,1.5601259469985962
0.3874645868937174,0.3994931221008301,0.407225767771403,0.4080849647521972,0.4037890434265136,0.3891829490661621,0.3994931221008301,0.4098033269246419,0.4166767756144205,0.3823095003763834,0.3986339569091797,0.4080849647521972,0.4106624921162923,0.3788727442423502,0.3951972325642903,0.4029298464457194,0.4037890434265136,0.3762952168782552,0.3900421142578125,0.3960563977559407,0.3977747599283854,0.6625600744176794,0.6625600744176794,0.6549228809497974,0.6503405535662615,0.6350662231445312,0.6610326131184896,0.6824167322229456,0.6915813304759838,0.69310873526114,0.6793618661385995,0.700745928729022,0.7038007948133681,0.6992185239438657,0.6946361965603298,0.7144928543655961,0.7129653930664063,0.7083831221969039,0.7083831221969039,0.7236574526186342,0.7221299913194444,0.7175477204499421,0.6185845692952474,0.6082743962605794,0.5996825536092122,0.5979641596476237,0.6014009475708008,0.6177253723144531,0.609133529663086,0.598823356628418,0.5902315775553385,0.6254580179850261,0.6108519236246744,0.5996825536092122,0.5945274353027343,0.6288947423299154,0.6134294509887696,0.6039784749348959,0.6022600809733073,0.6323314666748047,0.6185845692952474,0.6108519236246744,0.6074151992797852,0.6533954761646412,0.6533954761646412,0.6442308213975695,0.6442308213975695,0.6457582826967593,0.6503405535662615,0.6701972113715278,0.6808892709237558,0.6854715983072917,0.6671423452871817,0.6915813304759838,0.6961636013454862,0.69310873526114,0.6839441370081019,0.7053282561125579,0.7053282561125579,0.6992185239438657,0.697691062644676,0.7129653930664063,0.7129653930664063,0.7083831221969039,0.5064308047294617,0.5188185572624207,0.524562418460846,0.5299360156059265,0.49734431505203247,0.4905616343021393,0.4852882921695709,0.5399182438850403,0.4736989438533783,0.5202542543411255,0.4953494966030121,0.5911062359809875,0.4254249036312103,0.6174241304397583,0.3933725953102112,0.6154508590698242,0.39597854018211365,0.6194063425064087,0.38890159130096436,0.6112248301506042,0.3967396020889282,0.6057712435722351,0.40412434935569763,0.5577328205108643,0.4506634771823883,0.5634992122650146,0.4518924653530121,0.5553355813026428,0.4503607451915741,0.5574213266372681,0.4493925869464874,0.5322372317314148,0.46875134110450745,0.20281663537025452,0.17580077052116394,0.17680704593658447,0.178323432803154,0.17534081637859344,0.17664583027362823,0.1782458871603012,0.19904640316963196,0.19443456828594208,0.2345781922340393,0.23145842552185059,0.3820021152496338,0.3759295642375946,0.5994009971618652,0.5765901207923889,0.6342392563819885,0.6403840184211731,0.6626677513122559,0.6834462881088257,0.6353247165679932,0.6537668704986572,0.6265959739685059,0.6359844207763672,0.8498083353042603,0.8551107048988342,1.1841405630111694,1.1372737884521484,1.479271650314331,1.4635032415390015,1.5168859958648682,1.5073328018188477,1.571375846862793,1.5598316192626953
0.3851215362548828,0.395429801940918,0.4057380358378092,0.4074560801188151,0.4074560801188151,0.3902756690979004,0.3980068524678548,0.409174124399821,0.4177643458048503,0.3816854476928711,0.396288808186849,0.4065970738728841,0.4117512067159017,0.3773903528849284,0.3911347071329752,0.4005839347839355,0.4040199915568034,0.3739542643229167,0.3851215362548828,0.3928527196248372,0.3971478462219238,0.69759521484375,0.7021766380027489,0.7021766380027489,0.7082852398907696,0.7128666630497685,0.7220295658817998,0.7464639734338832,0.7556268197518808,0.7571539984809028,0.7357738918728298,0.7647897225839121,0.7663169013129341,0.7617354216399016,0.7479910956488716,0.7724255032009548,0.7724255032009548,0.7663169013129341,0.7571539984809028,0.7754798041449653,0.7770069263599537,0.7724255032009548,0.6196343104044596,0.6093260447184244,0.5998767852783203,0.5972997665405273,0.5955816904703776,0.6161982218424479,0.6084670384724935,0.5981587727864583,0.5887095133463541,0.6247884114583333,0.6119031270345052,0.600735855102539,0.5938636779785156,0.6290835062662761,0.6153391520182292,0.6058899561564127,0.600735855102539,0.6316605885823567,0.6204933166503906,0.6136211395263672,0.6084670384724935,0.6792694091796875,0.6869051332826968,0.6899594342267071,0.7037038167317708,0.7205024436668114,0.7113395408347801,0.7388281928168403,0.7495182743778935,0.7525725753219039,0.7250838668258102,0.7556268197518808,0.7571539984809028,0.7525725753219039,0.7373010706018519,0.7617354216399016,0.7602082994249132,0.7540996975368923,0.7449367947048611,0.7617354216399016,0.7617354216399016,0.7571539984809028,0.5062732100486755,0.5187498331069946,0.5245505571365356,0.5298101902008057,0.49720314145088196,0.49047717452049255,0.4851495325565338,0.5395424962043762,0.47369158267974854,0.5201259851455688,0.4951706528663635,0.5902348160743713,0.4258921444416046,0.617045521736145,0.39293158054351807,0.6176363229751587,0.3912687301635742,0.6206716299057007,0.38780391216278076,0.6120874285697937,0.3957642614841461,0.607427179813385,0.4020322859287262,0.5570831298828125,0.45063963532447815,0.5634725689888,0.4526232182979584,0.555415689945221,0.4513531029224396,0.5574737191200256,0.4503387212753296,0.5340753793716431,0.4687598943710327,0.20143914222717285,0.175418883562088,0.1764797419309616,0.17791098356246948,0.17472636699676514,0.17596782743930817,0.177244633436203,0.19896557927131653,0.19392217695713043,0.23369406163692474,0.23006677627563477,0.3815118670463562,0.37664949893951416,0.579623818397522,0.5746458172798157,0.6826459765434265,0.6942712068557739,0.7212383151054382,0.7406638264656067,0.7034910917282104,0.7198565602302551,0.6919439435005188,0.7004984617233276,0.8503679633140564,0.8551684021949768,1.1860443353652954,1.1378177404403687,1.4795522689819336,1.4640637636184692,1.516800880432129,1.5075453519821167,1.5728275775909424,1.561219334602356
0.3828993479410807,0.3949226379394531,0.4060871124267578,0.408663527170817,0.408663527170817,0.3906285921732584,0.3974990526835124,0.4078047116597493,0.4163927714029948,0.382040532430013,0.3923462231953938,0.4026518821716308,0.408663527170817,0.3760288874308268,0.3871933619181315,0.395781421661377,0.4009342829386393,0.3725936889648437,0.3803229331970215,0.3880521774291992,0.3923462231953938,0.7250491106951679,0.737263262713397,0.7479506316008391,0.7677985862449364,0.7845929746274595,0.780012681749132,0.8090212221498843,0.8197085910373264,0.8227621572989005,0.7907000506365741,0.8212353741681134,0.8258156670464409,0.8227621572989005,0.7968071266456886,0.8242888839156539,0.8258156670464409,0.8212353741681134,0.8013874195240162,0.8212353741681134,0.8242888839156539,0.8212353741681134,0.6199297587076823,0.6087652842203776,0.597600809733073,0.5958831787109375,0.5924479802449544,0.6130592981974284,0.6079064687093099,0.5984595616658529,0.5890127182006836,0.62164732615153,0.6130592981974284,0.601036008199056,0.5915891647338867,0.6268001556396484,0.6173533121744792,0.6070476531982422,0.597600809733073,0.6302354176839192,0.62164732615153,0.6139181137084961,0.6079064687093099,0.7082547223126446,0.7235223840784144,0.737263262713397,0.7586380004882812,0.780012681749132,0.7693253128616898,0.7998606363932291,0.8136015715422453,0.818181864420573,0.7784859551323785,0.8090212221498843,0.8166550812897859,0.818181864420573,0.7845929746274595,0.8090212221498843,0.8136015715422453,0.8151282981589988,0.7861197577582465,0.8029142026548033,0.8074944955331308,0.8090212221498843,0.506015956401825,0.5185610055923462,0.5245230793952942,0.529666543006897,0.49692821502685547,0.4903203248977661,0.48490607738494873,0.5391514301300049,0.4736841022968292,0.5200145244598389,0.4949098527431488,0.5897855758666992,0.42640626430511475,0.6168954372406006,0.39269956946372986,0.6202782988548279,0.3887646794319153,0.622475802898407,0.385136216878891,0.6122364401817322,0.39512768387794495,0.6078156232833862,0.401443749666214,0.5568456649780273,0.45067891478538513,0.5648024678230286,0.45261070132255554,0.5562324523925781,0.4523445665836334,0.5583177208900452,0.4518488347530365,0.5357048511505127,0.46923235058784485,0.20037147402763367,0.17506149411201477,0.17617167532444,0.17751163244247437,0.17434988915920258,0.17556394636631012,0.17670585215091705,0.19880858063697815,0.19371584057807922,0.2329658418893814,0.22913619875907898,0.3815081715583801,0.37760674953460693,0.5780800580978394,0.5751595497131348,0.7159190773963928,0.7271958589553833,0.768686056137085,0.7795360088348389,0.7570376396179199,0.7716168165206909,0.7409182786941528,0.7534245252609253,0.8614132404327393,0.8617469668388367,1.1924524307250977,1.138698697090149,1.4901515245437622,1.470116376876831,1.526463508605957,1.5128867626190186,1.5882055759429932,1.5729042291641235
0.3816318194071452,0.3945150693257649,0.4056805610656738,0.4073983192443847,0.4091161092122395,0.3919384320576985,0.3970917383829752,0.4065394401550293,0.4151282946268717,0.3824906984965006,0.3902206420898437,0.4005272547403971,0.4082571983337402,0.3764785130818684,0.3833495775858561,0.392797311147054,0.3996683756510417,0.3713252067565918,0.3764785130818684,0.3842084566752116,0.3902206420898437,0.7539200394241898,0.769189057526765,0.785985028302228,0.8088885837131077,0.8287383468062789,0.825684497974537,0.8531687983760128,0.868437816478588,0.8760723537868924,0.8317921391239873,0.8638571280020254,0.873018561469184,0.8745454576280381,0.8348459314416956,0.8638571280020254,0.868437816478588,0.8699647126374421,0.8348459314416956,0.8562225906937211,0.8623302318431713,0.8638571280020254,0.6195425669352214,0.6066593170166016,0.5946349461873373,0.5929171880086263,0.5886227289835612,0.6083770751953125,0.6049415588378906,0.5980704625447592,0.5903405507405599,0.6178248087565105,0.6118125915527344,0.6015060424804688,0.5929171880086263,0.6229780832926433,0.6169659296671549,0.6083770751953125,0.59978822072347,0.6264136632283529,0.6212603251139323,0.615248171488444,0.6083770751953125,0.738650964807581,0.755446935583044,0.7737698025173612,0.7997271502459491,0.8211038094979746,0.8134692721896701,0.8440073649088542,0.8623302318431713,0.873018561469184,0.8195769133391204,0.8501150060583044,0.8638571280020254,0.8745454576280381,0.8226307056568287,0.8485881098994502,0.859276439525463,0.8669109203197338,0.8211038094979746,0.8394266764322916,0.8485881098994502,0.8562225906937211,0.5058131814002991,0.5183139443397522,0.5244613885879517,0.52943354845047,0.49667155742645264,0.49015167355537415,0.4846195876598358,0.5384847521781921,0.4736565351486206,0.5199220180511475,0.49471911787986755,0.589460015296936,0.426539808511734,0.6170018315315247,0.39181283116340637,0.621005117893219,0.3858793377876282,0.6230428218841553,0.382127583026886,0.61208176612854,0.3945661783218384,0.6075934767723083,0.40113547444343567,0.5568674802780151,0.4507208466529846,0.5656661987304688,0.45516955852508545,0.5561524629592896,0.4531124532222748,0.5581817030906677,0.45254912972450256,0.5353841185569763,0.4693339169025421,0.19982019066810608,0.17483071982860565,0.1759444922208786,0.17718160152435303,0.17417460680007935,0.1753779649734497,0.17649847269058228,0.1985597163438797,0.1936270296573639,0.23246383666992188,0.22883819043636322,0.3806300163269043,0.37778565287590027,0.5783236026763916,0.5767978429794312,0.7409830689430237,0.7534419298171997,0.8048521280288696,0.8170810341835022,0.8018056154251099,0.8063865303993225,0.7809605002403259,0.7851221561431885,0.8608918190002441,0.8612703680992126,1.191305160522461,1.13707435131073,1.4902818202972412,1.4701048135757446,1.5265785455703735,1.513153314590454,1.589078426361084,1.5740500688552856
0.3822907129923502,0.3943047523498535,0.4054606437683105,0.4080350875854492,0.4097513834635417,0.3917303085327148,0.3968791961669922,0.4046024958292643,0.4131839434305827,0.3822907129923502,0.38915589650472,0.3985954920450846,0.407176939646403,0.3754255612691243,0.381432565053304,0.3908721605936686,0.3985954920450846,0.3711348215738932,0.3745674133300781,0.381432565053304,0.3874396006266276,0.7783720228407118,0.7966791223596643,0.8149862218786169,0.8409212465639467,0.8622795387550637,0.8561772099247685,0.8851634272822627,0.900419334129051,0.909572912145544,0.8622795387550637,0.89279135244864,0.9049961231372976,0.9110984519675924,0.8638051350911459,0.8912658126265914,0.9019449304651332,0.9065217194733796,0.8622795387550637,0.8836378309461805,0.89279135244864,0.8988937377929688,0.6174224853515625,0.604550298055013,0.5925362904866537,0.5899618784586589,0.5848129908243815,0.604550298055013,0.6002595901489258,0.5942525863647461,0.5882455825805664,0.6139898935953776,0.607982889811198,0.6011177698771158,0.5942525863647461,0.6217132568359375,0.61570618947347,0.608841069539388,0.6019758860270182,0.6260039647420247,0.6225713729858399,0.6182806650797527,0.6131317774454753,0.7615905196578414,0.7814232155128762,0.8012559113679109,0.828716532389323,0.8500748245804398,0.8409212465639467,0.8699075204354746,0.8866890236183449,0.9019449304651332,0.8470236319082755,0.8775354456018518,0.8958425451208044,0.9110984519675924,0.8470236319082755,0.8744842529296875,0.8897402162905093,0.9019449304651332,0.8439724392361111,0.865330731427228,0.8775354456018518,0.8882146199544271,0.5055749416351318,0.5180744528770447,0.5244099497795105,0.5292826294898987,0.4963769018650055,0.48992273211479187,0.48422858119010925,0.5381295084953308,0.4735732674598694,0.5197722315788269,0.4943847060203552,0.5893169641494751,0.42653945088386536,0.6173710227012634,0.3914627730846405,0.620945155620575,0.38489577174186707,0.6241226196289062,0.38064906001091003,0.6112334728240967,0.3942282497882843,0.6059821844100952,0.40115439891815186,0.5569330453872681,0.4510795772075653,0.564913809299469,0.45566967129707336,0.5536492466926575,0.45227688550949097,0.5554099678993225,0.45184093713760376,0.5313307642936707,0.4659614861011505,0.19935430586338043,0.1746150404214859,0.17574116587638855,0.17688308656215668,0.17397314310073853,0.17514726519584656,0.17624787986278534,0.19824925065040588,0.1935352385044098,0.23209449648857117,0.22853322327136993,0.37992221117019653,0.3781541883945465,0.579510509967804,0.5805137753486633,0.7623372077941895,0.7752864360809326,0.8330246806144714,0.8432851433753967,0.8295016884803772,0.8334478139877319,0.8076323866844177,0.8103991150856018,0.8605253100395203,0.8611493110656738,1.1918615102767944,1.1374486684799194,1.4943581819534302,1.4748014211654663,1.5295425653457642,1.5190131664276123,1.5999845266342163,1.5813713073730469
0.3839975992838542,0.3951554934183756,0.406313419342041,0.4071717262268066,0.4088883399963379,0.3925806045532226,0.3985887209574381,0.4054551124572754,0.4123215357462565,0.3839975992838542,0.3908639907836914,0.4003053029378255,0.4080300331115722,0.3779894828796387,0.3839975992838542,0.3925806045532226,0.3994469960530599,0.3728396733601888,0.377131175994873,0.3831392923990885,0.3882891019185384,0.796609044958044,0.8149194788049768,0.8347557915581597,0.860695563422309,0.8835835774739583,0.8744283605504919,0.9018940113208912,0.918678566261574,0.9278337831850404,0.8790059972692419,0.9095233493381076,0.923256202980324,0.9308855409975404,0.8805318196614583,0.9079975269458912,0.918678566261574,0.924782081886574,0.8790059972692419,0.8988422535083912,0.9095233493381076,0.9156268649631076,0.6157389958699544,0.6028644561767578,0.5908482869466146,0.5882733662923177,0.5839818318684896,0.6028644561767578,0.5985729853312175,0.5925649007161459,0.5865567525227865,0.6123058319091796,0.6062976837158203,0.5994312922159831,0.5942814509073894,0.6191722234090169,0.6131641387939453,0.6071559906005859,0.6002895991007487,0.6234636942545573,0.6217471440633138,0.61659730275472,0.6123058319091796,0.7798244900173611,0.7996607462565104,0.8210229379159433,0.8484885886863426,0.8683249014395255,0.860695563422309,0.8866353352864583,0.9034198902271412,0.917152687355324,0.8652731436270255,0.8957905522099248,0.9141009860568576,0.9308855409975404,0.8667990225332755,0.8927387943974248,0.9095233493381076,0.923256202980324,0.8637472647207755,0.8820576985677083,0.8957905522099248,0.9064716480396412,0.5053020119667053,0.5177773833274841,0.5243436694145203,0.5291264057159424,0.4960961937904358,0.489711195230484,0.48385104537010193,0.5378786325454712,0.47345635294914246,0.5196481943130493,0.49416548013687134,0.5892317295074463,0.42650434374809265,0.6173731088638306,0.391469806432724,0.6204667687416077,0.38571247458457947,0.6238452792167664,0.381123423576355,0.6091110706329346,0.3943846523761749,0.6034715175628662,0.40164855122566223,0.5569398403167725,0.45140132308006287,0.5649048686027527,0.4556918740272522,0.5535517334938049,0.45157110691070557,0.555281937122345,0.4514327645301819,0.5306337475776672,0.4644254148006439,0.19885723292827606,0.1744018793106079,0.17554140090942383,0.17659634351730347,0.1738145649433136,0.17496713995933533,0.17605113983154297,0.1978689432144165,0.1934605836868286,0.23174409568309784,0.22819936275482178,0.37974318861961365,0.37923407554626465,0.5816699266433716,0.5896108746528625,0.7835497260093689,0.7948065400123596,0.8517793416976929,0.8641201257705688,0.8443100452423096,0.8566521406173706,0.8239753246307373,0.8325299024581909,0.8621135950088501,0.8623548746109009,1.1953153610229492,1.1408767700195312,1.5008360147476196,1.4833028316497803,1.5354247093200684,1.528421401977539,1.6108803749084473,1.593161702156067
0.385339609781901,0.3973522186279297,0.407648754119873,0.4085068066914876,0.4102228800455729,0.3939200401306152,0.3999263445536296,0.407648754119873,0.4136550585428873,0.385339609781901,0.3930619875590006,0.4025004704793294,0.4102228800455729,0.381049378712972,0.3879137357076009,0.3964941660563151,0.4042165756225586,0.3776172002156575,0.3827654838562012,0.3887717882792155,0.3947780927022298,0.8043567233615452,0.8241870456271702,0.8440174244068287,0.873000250922309,0.8943559999819155,0.8836781254521122,0.9111355251736112,0.9263896235713251,0.9355421278211804,0.8882543493200231,0.915711749041522,0.9294404771592882,0.93859292489511,0.8882543493200231,0.9126609519675926,0.9248642532913772,0.9324912742332176,0.8867289225260416,0.9050338745117188,0.9141863222475404,0.9202879729094328,0.6127212524414063,0.6015666961669922,0.5904121398925781,0.5878379821777344,0.5844058354695638,0.6024247487386067,0.5972764968872071,0.5912701288859049,0.5852638244628906,0.6110051472981771,0.6049988428751628,0.5981344858805339,0.5929862340291341,0.6170114517211914,0.6110051472981771,0.6049988428751628,0.5989925384521484,0.6195856094360351,0.6161534627278645,0.6110051472981771,0.6058568954467773,0.7936788488317419,0.8135091710973669,0.8348649766710069,0.8607969495985243,0.8836781254521122,0.873000250922309,0.9004576506438079,0.9172371758355036,0.9309658474392362,0.8775764747902199,0.9080847280996815,0.9263896235713251,0.9416437784830728,0.8775764747902199,0.9035084477177372,0.9202879729094328,0.9324912742332176,0.8745256777162905,0.892830573187934,0.9050338745117188,0.915711749041522,0.505066990852356,0.5174855589866638,0.5242684483528137,0.5289890170097351,0.49579450488090515,0.48949331045150757,0.48349982500076294,0.5376066565513611,0.47335103154182434,0.5195217728614807,0.49398377537727356,0.5890787243843079,0.4264461100101471,0.6165014505386353,0.3924292027950287,0.6200803518295288,0.38618138432502747,0.6225003004074097,0.3816360831260681,0.6057218909263611,0.39525145292282104,0.6004894971847534,0.4027262032032013,0.556597888469696,0.4514405429363251,0.5650859475135803,0.45575201511383057,0.5535621643066406,0.45117464661598206,0.5552889108657837,0.4512788653373718,0.5306445956230164,0.46235671639442444,0.19872406125068665,0.17427663505077362,0.17540022730827332,0.17637436091899872,0.17378340661525726,0.17493827641010284,0.17603786289691925,0.19738034904003143,0.1934460997581482,0.23157784342765808,0.2281782478094101,0.3796426057815552,0.3796570599079132,0.5840142369270325,0.5951799750328064,0.7937137484550476,0.8036208152770996,0.8617287278175354,0.8718512654304504,0.8563922643661499,0.867327868938446,0.8358843922615051,0.8433672785758972,0.8623997569084167,0.862541675567627,1.19830322265625,1.141861915588379,1.504232406616211,1.4847525358200073,1.5382938385009766,1.530255913734436,1.6181001663208008,1.596182942390442
0.3885006586710612,0.3987957954406738,0.4090909322102865,0.4108067830403646,0.4116647084554036,0.3962220191955566,0.402227528889974,0.4090909322102865,0.4159543673197428,0.3893586158752441,0.3962220191955566,0.4048013051350911,0.4133805592854818,0.3850689570109049,0.3919323921203613,0.400511646270752,0.4082330067952474,0.3833531061808268,0.3885006586710612,0.3945061683654785,0.4013696034749349,0.8105910689742477,0.8304187350802952,0.8517716019241898,0.8807504724573206,0.9036285400390623,0.8914269341362847,0.915830202455874,0.9310822663483797,0.9432838722511574,0.8929521348741319,0.9204058046694156,0.934132667824074,0.9448090729890046,0.8929521348741319,0.915830202455874,0.9280318083586516,0.9371830692997684,0.8899017333984375,0.9066789415147568,0.9173554031937212,0.9249814068829572,0.6115618387858073,0.6004088083902995,0.5892557144165039,0.5866819381713867,0.5841081619262696,0.6021246592203776,0.5969771067301433,0.590113639831543,0.5841081619262696,0.6098459879557292,0.6029825846354167,0.5961191813151042,0.590971565246582,0.6132776896158855,0.6064142862955729,0.5995508829752604,0.594403330485026,0.6149935404459635,0.6089880625406902,0.6046984354654948,0.5986929575602213,0.8014398645471643,0.8212674741391782,0.8426203409830729,0.8685488665545428,0.8914269341362847,0.8807504724573206,0.9082041987666376,0.9249814068829572,0.9371830692997684,0.8838008739330151,0.9143050017180266,0.9326074670862268,0.9478594744646992,0.8838008739330151,0.9112546002423322,0.9265066076208044,0.9402334707754628,0.8822756731951679,0.9005781385633681,0.9143050017180266,0.9249814068829572,0.5047844052314758,0.5171163082122803,0.5241578221321106,0.5288059711456299,0.49547213315963745,0.4892319142818451,0.4830678105354309,0.5373058319091797,0.4732009470462799,0.5193029642105103,0.49374160170555115,0.5889049768447876,0.4263700544834137,0.6150756478309631,0.3951636552810669,0.618635356426239,0.38787901401519775,0.6199594736099243,0.38425424695014954,0.6032631397247314,0.39804068207740784,0.5983795523643494,0.40613046288490295,0.556406557559967,0.4516872763633728,0.5651571750640869,0.45570439100265503,0.5534712672233582,0.4506557285785675,0.5548494458198547,0.45091649889945984,0.5306735634803772,0.4607440233230591,0.19856439530849457,0.17412236332893372,0.17523391544818878,0.1761321723461151,0.17371711134910583,0.17486372590065002,0.17596517503261566,0.19691114127635956,0.19340485334396362,0.23142923414707184,0.228131502866745,0.379596084356308,0.3800531029701233,0.5873478055000305,0.5993677377700806,0.7953532934188843,0.8100504279136658,0.8618453145027161,0.8772534132003784,0.8603238463401794,0.8738900423049927,0.8392290472984314,0.8516186475753784,0.8623647689819336,0.8624597191810608,1.1985259056091309,1.1423463821411133,1.5052660703659058,1.4855895042419434,1.5396664142608643,1.5314584970474243,1.6192415952682495,1.5973345041275024
0.3921319325764974,0.4024324417114258,0.4118745803833007,0.412732982635498,0.4144497235616048,0.3989989280700683,0.4041492144266764,0.410157839457194,0.4170248667399088,0.3921319325764974,0.3989989280700683,0.40758269627889,0.4153080940246582,0.3895567893981934,0.3955654462178548,0.4032908121744791,0.4110162099202474,0.3878400484720866,0.3929903030395508,0.3989989280700683,0.4050075848897298,0.8138188680013021,0.8336569326895255,0.8565469812463831,0.8855410540545429,0.9084311026114004,0.8931710702401621,0.9191131591796876,0.934373191550926,0.9481072319878472,0.8962231106228299,0.9221651430483218,0.9374251754195602,0.9496332239221644,0.8946970621744792,0.9175871107313368,0.931321151168258,0.9435291996708622,0.8931710702401621,0.9099570945457176,0.9206391511140046,0.929795159233941,0.6101596832275391,0.5990008036295573,0.5895586013793945,0.5869834899902344,0.5844083786010742,0.6015759150187174,0.5964256286621094,0.5904170354207356,0.5835500081380208,0.6084429423014323,0.6024342854817708,0.595567258199056,0.5904170354207356,0.6110180536905925,0.605009396870931,0.5990008036295573,0.5938505172729492,0.6118764241536458,0.6075845718383789,0.6024342854817708,0.5972839991251627,0.8077149002640336,0.8260269165039062,0.8473909731264467,0.8748590540002894,0.897749102557147,0.8855410540545429,0.9130091349283854,0.929795159233941,0.9420032077365452,0.8901190863715278,0.9175871107313368,0.935899183485243,0.9511592158564814,0.8885930944372107,0.9130091349283854,0.929795159233941,0.9420032077365452,0.88706704598886,0.9038531268084492,0.9160611187970196,0.9267431753653068,0.5044889450073242,0.5166601538658142,0.5239684581756592,0.5285286903381348,0.49520912766456604,0.4890412390232086,0.4827786386013031,0.536799430847168,0.4731096625328064,0.5190290212631226,0.4935952126979828,0.5886867642402649,0.4263657331466675,0.6136236190795898,0.39838463068008423,0.6170834898948669,0.3916521370410919,0.6177412271499634,0.38879621028900146,0.601818323135376,0.401691734790802,0.5973761081695557,0.40990787744522095,0.5563533902168274,0.4524356424808502,0.5647716522216797,0.45519155263900757,0.5528892278671265,0.44921794533729553,0.5539904236793518,0.4487559497356415,0.5305478572845459,0.46078166365623474,0.19843462109565735,0.17404857277870178,0.17512361705303192,0.1759650856256485,0.17370082437992096,0.17483992874622345,0.17593491077423096,0.19650085270404816,0.1933196783065796,0.23124216496944427,0.22798913717269897,0.3793751001358032,0.38007164001464844,0.590258002281189,0.6024371385574341,0.8019056916236877,0.8152315616607666,0.8678045868873596,0.8810256719589233,0.8668999671936035,0.8790253400802612,0.8457236289978027,0.858479917049408,0.8619959354400635,0.8621265292167664,1.198538899421692,1.1427711248397827,1.504362940788269,1.4857252836227417,1.5387639999389648,1.530965805053711,1.618476390838623,1.5996602773666382
0.3947389284769694,0.4050346374511718,0.4136144002278646,0.4153303464253743,0.4170462926228841,0.4016027450561523,0.4067505836486816,0.4127564112345377,0.4179042816162109,0.3955968856811523,0.4016027450561523,0.4093245188395182,0.4161883354187011,0.3930229822794596,0.3990288098653157,0.4067505836486816,0.4136144002278646,0.391307004292806,0.397312863667806,0.4024607022603353,0.4084665298461914,0.8182912755895544,0.8365947582103588,0.8594741256148727,0.8884546915690105,0.9113340589735244,0.896081147370515,0.922011085792824,0.9372639973958332,0.9509915952329282,0.8976064046223958,0.9235363430447048,0.9403145684136284,0.9540422227647568,0.8976064046223958,0.9204857720269096,0.9342134263780382,0.9479410242151332,0.8945558336046007,0.9113340589735244,0.922011085792824,0.9326881126121238,0.6083749771118164,0.5980792999267578,0.5886415481567383,0.5869255701700846,0.5843516667683919,0.6015111923217773,0.5963633219401042,0.5903574625651041,0.5834936777750651,0.6083749771118164,0.6023691813151042,0.5955053329467773,0.5903574625651041,0.6109489440917969,0.6049430847167969,0.5989372253417968,0.5929314295450846,0.6118068695068359,0.6075169881184895,0.6023691813151042,0.5963633219401042,0.8106648197880497,0.8304936161747685,0.8533729835792824,0.8808282357675058,0.9037076031720196,0.8884546915690105,0.9159098872432002,0.9311627988462094,0.9433651394314236,0.8915052625868055,0.9189605147750288,0.9372639973958332,0.9509915952329282,0.8899799488208912,0.9143846299913194,0.9296375415943288,0.9433651394314236,0.8869293778030961,0.9052328604239004,0.9174352010091146,0.9265869705765336,0.5041925311088562,0.5162046551704407,0.523757815361023,0.5282548069953918,0.49491292238235474,0.48881995677948,0.4824630320072174,0.5363298654556274,0.47301560640335083,0.51876300573349,0.4934191405773163,0.5886115431785583,0.4263252317905426,0.611812949180603,0.4015668034553528,0.6152763366699219,0.394734650850296,0.6159797310829163,0.3941396474838257,0.6006057858467102,0.40577563643455505,0.5964544415473938,0.4132344126701355,0.5564023852348328,0.4535153806209564,0.5642892718315125,0.45514920353889465,0.5522460341453552,0.4480501115322113,0.5530245304107666,0.44743436574935913,0.5303418636322021,0.4597800672054291,0.19834262132644653,0.1739838719367981,0.17503274977207184,0.17583951354026794,0.17369239032268524,0.17482899129390717,0.17592792212963104,0.1962321251630783,0.19330735504627228,0.23115932941436768,0.22792035341262817,0.3792664706707001,0.3805752098560333,0.5944830775260925,0.6052258610725403,0.805796205997467,0.8184205293655396,0.8720329403877258,0.8876383304595947,0.8708184957504272,0.8851940035820007,0.8493397235870361,0.8640555739402771,0.8619383573532104,0.862091600894928,1.2010334730148315,1.1433573961257935,1.5063170194625854,1.48685622215271,1.5402605533599854,1.5321186780929565,1.6215912103652954,1.6019659042358398
0.3969214121500651,0.4072200775146484,0.4166605313618978,0.4183769861857096,0.4200934410095215,0.4037871996561686,0.4097947438557943,0.4158023198445638,0.4200934410095215,0.3977796236673991,0.4055036544799805,0.412369441986084,0.4183769861857096,0.3960632006327311,0.4029289881388346,0.4097947438557943,0.4158023198445638,0.3943467458089192,0.4003542900085449,0.4055036544799805,0.4115111986796061,0.819873555501302,0.838182293927228,0.8625939828378183,0.8885313811125579,0.912943070023148,0.8961600409613715,0.9220974392361112,0.9388804682978876,0.9526120786313658,0.8992115162037037,0.9251489144784432,0.94193194354022,0.9556634973596644,0.8976857503255208,0.9205717298719618,0.9343032836914062,0.9465091281467014,0.8961600409613715,0.9114173606589988,0.9220974392361112,0.9327775743272568,0.6071860631306966,0.5968873977661133,0.58744691212972,0.5857304890950521,0.5831558227539062,0.6011784871419271,0.5960291544596354,0.5900216420491536,0.5840140660603841,0.6080443064371744,0.602036730448405,0.5960291544596354,0.5908798217773438,0.6106189727783203,0.6046113967895508,0.5986038208007812,0.5934544881184896,0.6123353958129882,0.6071860631306966,0.602036730448405,0.5968873977661133,0.8107191297743056,0.8305536340784143,0.8534396136248553,0.8824284871419271,0.9068401195384838,0.8885313811125579,0.9159945452654804,0.9327775743272568,0.944983418782552,0.8915828563548901,0.9205717298719618,0.9373547589337384,0.9526120786313658,0.8900570904767072,0.9144687793872974,0.931251808449074,0.9434576529043692,0.8870056717484086,0.9053144101743344,0.9175202546296296,0.9266746238425926,0.5039235949516296,0.5157728791236877,0.5235214829444885,0.5280080437660217,0.49465709924697876,0.4886336326599121,0.48221805691719055,0.535913348197937,0.47294092178344727,0.5185240507125854,0.4932352304458618,0.5885439515113831,0.42619991302490234,0.6108153462409973,0.4035687744617462,0.6135620474815369,0.39856821298599243,0.6146087646484375,0.39758065342903137,0.5991910099983215,0.4090030789375305,0.5951253175735474,0.4165551960468292,0.5564353466033936,0.4545650780200958,0.5642173886299133,0.45501038432121277,0.5522588491439819,0.44805315136909485,0.5530610680580139,0.4474495053291321,0.5306522250175476,0.45992380380630493,0.1983233541250229,0.17394483089447021,0.17497126758098602,0.17575669288635254,0.1736825704574585,0.17481939494609833,0.17593879997730255,0.1960192620754242,0.1933038830757141,0.23114629089832306,0.2279030829668045,0.3789444863796234,0.3809763789176941,0.5957238674163818,0.6082320213317871,0.8069442510604858,0.8191254138946533,0.8743912577629089,0.8874176144599915,0.8735758662223816,0.8846038579940796,0.8520002961158752,0.8634368181228638,0.8613098859786987,0.8613979816436768,1.2006559371948242,1.1442816257476807,1.5057728290557861,1.4876500368118286,1.5397945642471313,1.5323175191879272,1.6216986179351807,1.6057183742523193
0.3987548828125,0.4090538024902344,0.4193527539571126,0.4210692405700683,0.423643970489502,0.4073373158772786,0.4133450508117676,0.4176362673441569,0.4219274838765462,0.4004713694254557,0.4073373158772786,0.4133450508117676,0.4184945106506347,0.3978966395060221,0.404762585957845,0.410770320892334,0.4159197807312011,0.3961801528930664,0.4013296127319335,0.4073373158772786,0.4124868075052897,0.819835125958478,0.838144373010706,0.8625566835756655,0.8900205258969908,0.9129070140697338,0.8961235894097223,0.9220616658528644,0.9373193246346933,0.9525770399305556,0.899175121166088,0.9251131976092304,0.9418966787832754,0.9571543375651042,0.8976493552879051,0.9220616658528644,0.9357935587565104,0.9495255081741898,0.8961235894097223,0.9129070140697338,0.9235874317310474,0.9342677928783276,0.6064502080281575,0.5961512247721354,0.585852305094401,0.5841358184814454,0.5815610885620117,0.5995842615763346,0.5952929814656576,0.5892852783203125,0.5841358184814454,0.6064502080281575,0.6013007481892904,0.5952929814656576,0.5901435216267904,0.609883181254069,0.6047337214152019,0.5987260182698567,0.5935764948527018,0.6115996678670247,0.6073084513346354,0.6021589914957682,0.5970094680786133,0.809154764811198,0.8305154871057581,0.8534020317925347,0.88086587411386,0.9052781846788196,0.8884947600188079,0.9159586023401332,0.9327420270001446,0.9449482105396412,0.8915462917751736,0.9190101340964988,0.9357935587565104,0.9510512740523728,0.8900205258969908,0.9144327799479168,0.9296904952437788,0.9418966787832754,0.8869689376265915,0.9052781846788196,0.917484368218316,0.9266389634874131,0.50364089012146,0.515253484249115,0.5232155323028564,0.5277491211891174,0.4943937063217163,0.4884493052959442,0.4819774031639099,0.535546064376831,0.4728507995605469,0.5182468295097351,0.49308422207832336,0.5884836912155151,0.4261673092842102,0.6103652715682983,0.4041510820388794,0.6122319102287292,0.40095245838165283,0.6137465834617615,0.4007132351398468,0.5983797907829285,0.4120367467403412,0.5944006443023682,0.4194793999195099,0.5564365983009338,0.4550090432167053,0.5642081499099731,0.4552878737449646,0.5522691607475281,0.44821634888648987,0.553040087223053,0.4478345215320587,0.5322030782699585,0.4600428342819214,0.19834156334400177,0.17392608523368835,0.17492473125457764,0.1756879687309265,0.1737109273672104,0.17486749589443207,0.17606975138187408,0.19579945504665375,0.19340795278549194,0.23115085065364838,0.2279466837644577,0.37871095538139343,0.38161706924438477,0.5974189639091492,0.610116720199585,0.8075945973396301,0.8174245357513428,0.8733311295509338,0.8865346312522888,0.8732577562332153,0.8824081420898438,0.8522745966911316,0.8598104119300842,0.8611981272697449,0.8611894249916077,1.2009196281433105,1.144965410232544,1.5054665803909302,1.4880403280258179,1.5395872592926025,1.5328060388565063,1.6208081245422363,1.6051123142242432
0.3994584719340006,0.409760824839274,0.4192046483357747,0.421780268351237,0.4243558565775553,0.4071852366129557,0.4131949424743652,0.4174875895182292,0.421780268351237,0.4003170013427734,0.4071852366129557,0.4131949424743652,0.4183461189270019,0.397741413116455,0.4046096483866374,0.4106193542480468,0.4157705307006836,0.3968828837076822,0.402034060160319,0.4071852366129557,0.4123364130655924,0.8197302924262153,0.8380456429940683,0.8609397605613426,0.8884127581561053,0.9128332067418982,0.8945178561740451,0.9219908537688078,0.9372535988136574,0.9525163438585068,0.897570405183015,0.9250434027777776,0.9418324223271124,0.9570952238859952,0.8960441306785301,0.9204645792643228,0.9357273243091724,0.947937520345052,0.8945178561740451,0.9113068757233797,0.9219908537688078,0.9326747753002026,0.6055057525634766,0.5960619608561198,0.5857596079508464,0.5840425491333008,0.5806083679199219,0.5994960784912109,0.5943449020385743,0.5891937255859375,0.5831839879353841,0.6063643137613932,0.6012131373087565,0.5943449020385743,0.5883351643880208,0.6097984313964844,0.603788693745931,0.5977790196736653,0.591769282023112,0.61151549021403,0.6063643137613932,0.6012131373087565,0.5960619608561198,0.8090463708948206,0.8288879959671586,0.8517821135344329,0.8807813856336806,0.9036755032009548,0.8868864836516204,0.9143594812463832,0.9311485007957176,0.9433586968315972,0.8899390326605903,0.918938304759838,0.9357273243091724,0.947937520345052,0.8884127581561053,0.9128332067418982,0.9280959517867476,0.9387798733181424,0.8868864836516204,0.90520177770544,0.915885755750868,0.9235171282732928,0.5033427476882935,0.5148735642433167,0.5229831337928772,0.5275362133979797,0.49404388666152954,0.488158643245697,0.4815976023674011,0.5352905988693237,0.4727432131767273,0.5180833339691162,0.49295344948768616,0.5884439945220947,0.4261487126350403,0.6103538870811462,0.4042997658252716,0.6115158200263977,0.4028286635875702,0.6132543683052063,0.40216997265815735,0.5980097651481628,0.4134381115436554,0.5940672159194946,0.4210346043109894,0.5564934015274048,0.45538681745529175,0.5642519593238831,0.4553254544734955,0.5524415969848633,0.4483579099178314,0.5530548691749573,0.4479895532131195,0.5334975123405457,0.4601024091243744,0.19834010303020477,0.17388391494750977,0.1748414933681488,0.17556709051132202,0.1737549751996994,0.17495907843112946,0.1763199269771576,0.19542303681373596,0.1936779022216797,0.23114517331123352,0.22798947989940643,0.37853920459747314,0.3819862902164459,0.5980165600776672,0.611596405506134,0.8072169423103333,0.817066490650177,0.8721962571144104,0.8861203193664551,0.8726273775100708,0.8820606470108032,0.8516457676887512,0.8590717911720276,0.8607049584388733,0.8608236312866211,1.200911521911621,1.1449308395385742,1.5052393674850464,1.4878102540969849,1.5394529104232788,1.5325428247451782,1.6203711032867432,1.6038477420806885
0.3986893018086751,0.4098513603210449,0.4192962010701497,0.4210134506225585,0.4235893249511718,0.4072755177815755,0.4124272346496582,0.4175789515177409,0.421872075398763,0.4004065195719401,0.4072755177815755,0.4132858594258626,0.4184375762939453,0.3978306770324707,0.4038410186767578,0.4107099850972494,0.4158617337544759,0.3961134274800618,0.4012651443481445,0.4064168930053711,0.4115686098734538,0.8182737562391493,0.8381174158166956,0.8610140200014468,0.8884898998119213,0.9113864474826388,0.8945956194842303,0.9205451117621528,0.935809439199942,0.9510738796657986,0.896122063530816,0.9235979433412904,0.9403887713396992,0.9556532118055556,0.896122063530816,0.9205451117621528,0.93428305166739,0.9480209915726272,0.8945956194842303,0.9113864474826388,0.9220714992947048,0.9327566076208044,0.6064756393432618,0.5961722056070964,0.5867273966471355,0.5850101470947265,0.5815756479899089,0.6004653294881185,0.5944549560546875,0.5893032073974609,0.5832928975423177,0.6073342641194661,0.601323954264323,0.5935963312784831,0.5875859578450521,0.6099101384480794,0.6038997650146485,0.5970308303833007,0.5910204569498698,0.6107687632242839,0.6056170145670573,0.601323954264323,0.5953135808308919,0.8075886479130497,0.8289588080512152,0.8503289116753472,0.8793312355324074,0.9037542837637442,0.88543701171875,0.9129128915292244,0.9297037195276332,0.9403887713396992,0.8884898998119213,0.9159657796223958,0.9327566076208044,0.9464945475260416,0.8869634557653356,0.9129128915292244,0.9266508314344618,0.9388623272931136,0.88543701171875,0.9037542837637442,0.91443933557581,0.9235979433412904,0.5030867457389832,0.5145450830459595,0.522758424282074,0.5273054242134094,0.4937201738357544,0.4878949522972107,0.4812687933444977,0.5349761843681335,0.47263994812965393,0.517923891544342,0.49282917380332947,0.5884268283843994,0.42610809206962585,0.6104215383529663,0.4041883647441864,0.6112598776817322,0.40329059958457947,0.6130276322364807,0.4026275873184204,0.5978487133979797,0.4140421152114868,0.5939143300056458,0.42162010073661804,0.5565335750579834,0.45563238859176636,0.564634382724762,0.45550674200057983,0.5526939630508423,0.44853079319000244,0.5531046986579895,0.4482297897338867,0.5344868898391724,0.4604357182979584,0.19834797084331512,0.1738537698984146,0.17477278411388397,0.17545822262763977,0.17383086681365967,0.1751108318567276,0.1767176240682602,0.1951829493045807,0.19406189024448395,0.23114013671875,0.22806298732757568,0.37846964597702026,0.3823269307613373,0.5985169410705566,0.6119024157524109,0.8061591386795044,0.8167170286178589,0.8706362843513489,0.8852864503860474,0.8704032301902771,0.881382167339325,0.8494662642478943,0.8585732579231262,0.8606294989585876,0.8607941269874573,1.201430320739746,1.145985722541809,1.5060107707977295,1.48844575881958,1.5403605699539185,1.5331103801727295,1.6214174032211304,1.604781150817871
0.397775395711263,0.4089345296223958,0.418376890818278,0.4209520657857259,0.424385643005371,0.4063593546549479,0.412368106842041,0.4175184885660807,0.4218104680379231,0.3994922002156575,0.4063593546549479,0.4132265090942383,0.418376890818278,0.3969169934590658,0.4037841796875,0.4106513341267904,0.4158016840616862,0.3952002207438151,0.4003506024678548,0.4063593546549479,0.4115097045898437,0.8182727955005787,0.8365852073386864,0.8610017564561632,0.8884704024703415,0.9113609596535012,0.8945745397497107,0.9205171373155382,0.935777508770978,0.9510378237123842,0.8976266366464121,0.9235692342122396,0.9403555976019964,0.9540899206090856,0.8961005881980614,0.9189910888671876,0.9327254118742766,0.9464597348813656,0.8945745397497107,0.9098349112051504,0.9205171373155382,0.931199363425926,0.6072237014770507,0.5969230016072591,0.5874806722005208,0.5857638676961263,0.5823302586873372,0.6012149810791015,0.596064567565918,0.5900558471679688,0.5840470631917317,0.608082135518392,0.6020733515421549,0.5943478266398112,0.5866222381591797,0.6115156809488932,0.6046485265096029,0.5969230016072591,0.5909142176310221,0.6123741149902344,0.6072237014770507,0.6012149810791015,0.5952061971028646,0.807590569390191,0.8289550216109665,0.8503195303457755,0.8793141682942708,0.9037307739257812,0.8854183620876737,0.9128869515878184,0.928147323043258,0.9403555976019964,0.8869443540219908,0.9159390484845196,0.9327254118742766,0.944933686433015,0.8869443540219908,0.9113609596535012,0.9266212745949074,0.9373035007052952,0.8854183620876737,0.9037307739257812,0.914413000036169,0.9235692342122396,0.5027893781661987,0.5142815113067627,0.5225641131401062,0.5270866751670837,0.4933914542198181,0.4876348674297333,0.4809512794017792,0.5347295999526978,0.47258445620536804,0.5177305340766907,0.49269112944602966,0.5884150266647339,0.42610806226730347,0.6104711294174194,0.40399086475372314,0.611257791519165,0.4030650854110718,0.6130286455154419,0.402048796415329,0.5979487895965576,0.4137483239173889,0.5939621329307556,0.42149269580841064,0.5565358400344849,0.4556986093521118,0.5648003220558167,0.4554750621318817,0.5527640581130981,0.4485623240470886,0.5531192421913147,0.4484286606311798,0.5345555543899536,0.4604756534099579,0.19836392998695374,0.17383942008018494,0.17472223937511444,0.17536945641040802,0.17392556369304657,0.1752920001745224,0.17714768648147583,0.19499672949314117,0.1943918615579605,0.23114000260829926,0.22818206250667572,0.3784555196762085,0.38238826394081116,0.5996443033218384,0.6116220355033875,0.8060218095779419,0.8160319328308105,0.8703895807266235,0.8840160369873047,0.8690515160560608,0.8797906041145325,0.848113477230072,0.8573260307312012,0.8609262704849243,0.8609184622764587,1.2018818855285645,1.1465134620666504,1.508096694946289,1.4893584251403809,1.5429580211639404,1.534123182296753,1.6227298974990845,1.6052159070968628
0.396973705291748,0.4081274668375651,0.4184232711791992,0.4209972063700358,0.4244291305541992,0.4064115206400553,0.4115593910217285,0.4167072931925455,0.4209972063700358,0.3986896514892578,0.4064115206400553,0.4132753690083822,0.4184232711791992,0.3961157162984212,0.402979564666748,0.4098434448242187,0.4158493041992187,0.3943997701009115,0.4004056294759114,0.4055535316467285,0.4115593910217285,0.816703118218316,0.8365320276331019,0.8594115645797165,0.8883923000759548,0.9112718370225694,0.8944934986255787,0.9204236065899885,0.9356766312210648,0.9494043420862268,0.8975441261574074,0.9234742341218172,0.940252572518808,0.95398028338397,0.8960188123914931,0.9188983493381075,0.9326260602032695,0.9448284573025174,0.8944934986255787,0.9097465232566552,0.9204236065899885,0.9295754326714408,0.6080373764038086,0.5985995610555013,0.5883037567138671,0.5865877787272136,0.5831558863321941,0.6028894424438477,0.5968835830688477,0.5908777236938476,0.5848718643188476,0.6097533543904622,0.6028894424438477,0.5943096160888672,0.5874457677205404,0.6123272577921549,0.6054634094238281,0.5977415720621745,0.5908777236938476,0.6131852467854818,0.6080373764038086,0.6020315170288086,0.5960255940755208,0.8075512921368634,0.8273802015516493,0.8502597384982639,0.877715160228588,0.9036453247070312,0.8853416725441262,0.9127971507884838,0.9280501189055266,0.940252572518808,0.8883923000759548,0.9158477218062788,0.9326260602032695,0.943303143536603,0.8883923000759548,0.9127971507884838,0.9265248616536458,0.9372019449869792,0.8868669863100405,0.9051706384729457,0.9158477218062788,0.9234742341218172,0.5025296807289124,0.514126718044281,0.5224287509918213,0.5269119739532471,0.49314406514167786,0.4874146580696106,0.48068657517433167,0.5345309376716614,0.47254201769828796,0.5175483822822571,0.4925411343574524,0.5884035229682922,0.42610207200050354,0.6105139851570129,0.4038446247577667,0.6112653017044067,0.4028477370738983,0.6130571365356445,0.40164288878440857,0.5980571508407593,0.41344520449638367,0.5940364599227905,0.4213259518146515,0.5565208792686462,0.4557107985019684,0.5649002194404602,0.45550283789634705,0.552879273891449,0.44859203696250916,0.5531498193740845,0.4485275447368622,0.5347341299057007,0.46054670214653015,0.1984255462884903,0.1738291084766388,0.17466558516025543,0.17527109384536743,0.17402826249599457,0.17547005414962769,0.17752723395824432,0.1947246640920639,0.19462594389915466,0.23117108643054962,0.2283850759267807,0.3784067630767822,0.38239896297454834,0.6001052260398865,0.6114476323127747,0.8059849143028259,0.8161927461624146,0.8700628876686096,0.8840759992599487,0.8687130212783813,0.8792275190353394,0.8475923538208008,0.8566974401473999,0.8609103560447693,0.8608963489532471,1.2018738985061646,1.1469078063964844,1.5082452297210693,1.4904087781906128,1.543218731880188,1.535344123840332,1.622511625289917,1.6063405275344849
0.3960343360900878,0.4071889241536458,0.4174854596455892,0.4200596173604329,0.4234917958577474,0.4054728507995605,0.4114791552225749,0.4166274388631185,0.4209176381429036,0.397750441233317,0.4054728507995605,0.4123372077941895,0.4183435122172038,0.3943182627360026,0.4020406723022461,0.4097630818684896,0.4149113337198893,0.393460210164388,0.3986084938049316,0.4046147982279459,0.4106211026509603,0.8167156078197338,0.8365459865993924,0.8594272189670139,0.8868846752025463,0.9128167046440973,0.8945116961443865,0.9204437255859376,0.9356978804976852,0.9509520354094328,0.896037122938368,0.9234945791739004,0.9387487340856482,0.9524774622034144,0.896037122938368,0.9189183553059896,0.9326470834237558,0.9448503847475404,0.8929863258644387,0.9097658510561344,0.9204437255859376,0.9295962298357928,0.6088295618693034,0.5993910471598307,0.5890944798787435,0.5873784383138021,0.5839462280273438,0.6036812464396158,0.5985329945882162,0.5925266901652019,0.5865203857421875,0.6114036560058593,0.6036812464396158,0.5959589004516601,0.5890944798787435,0.6139778137207031,0.6071134567260742,0.5993910471598307,0.5925266901652019,0.6148358662923177,0.609687614440918,0.6036812464396158,0.5976749420166015,0.807563160083912,0.8289189091435185,0.85180014151114,0.8792575977466724,0.903664200394242,0.8838338216145833,0.9128167046440973,0.9280708030418112,0.940274104365596,0.8868846752025463,0.9158675017180268,0.9311216566297744,0.943324957953559,0.8868846752025463,0.9128167046440973,0.925020005967882,0.9356978804976852,0.8853592484085648,0.903664200394242,0.9143420749240452,0.9219691523799188,0.5023075342178345,0.514021635055542,0.5223122835159302,0.5267420411109924,0.49295634031295776,0.48723310232162476,0.48046451807022095,0.5342390537261963,0.47251150012016296,0.5173578858375549,0.4923836290836334,0.5883825421333313,0.4260879158973694,0.6105471849441528,0.4037230312824249,0.6112702488899231,0.40273529291152954,0.6130823493003845,0.4014487564563751,0.5981147885322571,0.4131484627723694,0.5941675901412964,0.4210507273674011,0.55650395154953,0.4557301104068756,0.5649176836013794,0.45562657713890076,0.552996039390564,0.4487203061580658,0.5532113909721375,0.4485571086406708,0.5349797010421753,0.461056649684906,0.1984860599040985,0.17381033301353455,0.17460207641124725,0.1751774698495865,0.1741047203540802,0.17560788989067078,0.17781499028205872,0.1944785863161087,0.19477207958698273,0.23119591176509857,0.22857408225536346,0.37837380170822144,0.3824046552181244,0.6003323197364807,0.6112731099128723,0.8058146238327026,0.8156144618988037,0.8694661259651184,0.8832007646560669,0.8682484030723572,0.8784254193305969,0.8471905589103699,0.8558157086372375,0.8608523607254028,0.8607651591300964,1.201742172241211,1.1468857526779175,1.5082591772079468,1.4902665615081787,1.5434895753860474,1.5352059602737427,1.6222046613693237,1.6059038639068604
0.3960377375284831,0.4071882883707682,0.4174811363220215,0.4200543403625488,0.4234852790832519,0.4054728190104166,0.4114769617716471,0.4157656669616699,0.4209120750427246,0.3977532068888346,0.4054728190104166,0.4123346964518229,0.4183388710021972,0.3943222681681315,0.4011841456095377,0.4089037577311198,0.4149079004923502,0.3926067988077799,0.3986109415690104,0.4046150843302409,0.4097614924112955,0.8168401082356771,0.8366633662471065,0.859536291051794,0.8885086624710649,0.912906448929398,0.8946081090856481,0.9205307571976272,0.9357793737340856,0.949503128616898,0.8976578323929398,0.923580480504919,0.9388291535554107,0.9525528519241898,0.896132970739294,0.9190058955439816,0.9312047887731482,0.9434037385163484,0.8930832474320023,0.9098567256221064,0.9190058955439816,0.9281550654658564,0.6096138000488281,0.5993209838867187,0.5898859024047851,0.5881704330444336,0.5847394943237305,0.6044673919677734,0.5993209838867187,0.5933168411254883,0.5873126983642578,0.6121870040893554,0.6053251266479492,0.5976055145263672,0.5907436370849609,0.6147602081298829,0.6087560653686523,0.6010364532470703,0.594174575805664,0.6164756774902344,0.610471534729004,0.6044673919677734,0.5984632492065429,0.809215799967448,0.8305639196325232,0.8534368444372107,0.8808843542028356,0.905282140661169,0.8854589391637732,0.912906448929398,0.9296799271195024,0.9403540152090568,0.8885086624710649,0.9174810338903356,0.932729650426794,0.9449286001699942,0.8885086624710649,0.914431310583044,0.9266302038122106,0.9357793737340856,0.8854589391637732,0.9037572790075232,0.9159561722366898,0.923580480504919,0.5021862387657166,0.5139067769050598,0.5221942663192749,0.5265871286392212,0.4928022623062134,0.4870592951774597,0.48022550344467163,0.5338812470436096,0.4724440276622772,0.5171904563903809,0.4922909736633301,0.5883359313011169,0.42608293890953064,0.6105658411979675,0.40362825989723206,0.6112810373306274,0.40267008543014526,0.6131023168563843,0.4013001024723053,0.5983116030693054,0.41294047236442566,0.5943681001663208,0.4208676218986511,0.5564880967140198,0.4557341933250427,0.5649445056915283,0.45558682084083557,0.552971601486206,0.4484728276729584,0.5531441569328308,0.44825026392936707,0.5346773862838745,0.4610292315483093,0.19853444397449493,0.17379499971866608,0.17454834282398224,0.17509175837039948,0.1741723120212555,0.1757301539182663,0.17805349826812744,0.1941896229982376,0.1949053555727005,0.2311970442533493,0.22879180312156677,0.3783611059188843,0.3826077878475189,0.6007498502731323,0.6112262010574341,0.8064404129981995,0.8154111504554749,0.8700229525566101,0.8827661275863647,0.8689897656440735,0.8782057762145996,0.8480016589164734,0.8556024432182312,0.8608750104904175,0.8607783913612366,1.201735019683838,1.1476595401763916,1.5085049867630005,1.4907915592193604,1.5436499118804932,1.5356355905532837,1.6226513385772705,1.6063052415847778
0.3958051999409993,0.4069497108459473,0.418094253540039,0.4206660588582356,0.4240951538085937,0.4060924530029297,0.4112360636393229,0.41637970606486,0.4206660588582356,0.3983770052591959,0.4052351633707682,0.4120933532714844,0.418094253540039,0.3940906524658203,0.4009488105773925,0.4086642583211263,0.414665158589681,0.3915188153584798,0.3975197156270345,0.4035206158955892,0.4095215479532877,0.8168685913085938,0.8366811116536458,0.8610657303421586,0.8884984334309896,0.9128830521195024,0.8945945457175926,0.9220272488064236,0.9372676708080152,0.9494599518952548,0.8976426301179109,0.9250753332067418,0.9403156986942998,0.9525079797815392,0.8976426301179109,0.9205032348632812,0.9326955159505208,0.943363783094618,0.8945945457175926,0.9113589816623264,0.9205032348632812,0.9281234176070602,0.6101231257120768,0.5998358408610026,0.5904058456420899,0.5886913299560547,0.5861194610595704,0.6049794514973958,0.6006931304931641,0.5946922302246094,0.5886913299560547,0.6126949310302734,0.6066940307617188,0.5989785512288411,0.5912631352742513,0.6161240259806315,0.6101231257120768,0.6024076461791992,0.5955494562784831,0.6178385416666666,0.6126949310302734,0.6066940307617188,0.5998358408610026,0.8107724225079572,0.8305849428530092,0.8534455475983797,0.882402264630353,0.9067868833188656,0.8869743629738137,0.9144070660626448,0.9311715020073784,0.9418397691514756,0.8900224473741319,0.9189791644061052,0.9342195864076968,0.944887853551794,0.8884984334309896,0.9144070660626448,0.9281234176070602,0.9372676708080152,0.8854503490306713,0.9037387989185476,0.915931080005787,0.9235513192635996,0.5020748376846313,0.5137686729431152,0.52208411693573,0.5264766812324524,0.49264174699783325,0.4869084060192108,0.4800387918949127,0.5336838960647583,0.4723571240901947,0.5170296430587769,0.4921815097332001,0.5883050560951233,0.42606765031814575,0.6105641722679138,0.4035564959049225,0.6113026738166809,0.40261033177375793,0.613158643245697,0.40113207697868347,0.5986866354942322,0.41282549500465393,0.5946782827377319,0.42075836658477783,0.5564810037612915,0.45573246479034424,0.5649482607841492,0.45557135343551636,0.5531684160232544,0.44850075244903564,0.5533488392829895,0.44825682044029236,0.5350145697593689,0.46174532175064087,0.19859735667705536,0.17377950251102448,0.1745317429304123,0.175052672624588,0.17423784732818604,0.17582926154136658,0.17822912335395813,0.19399017095565796,0.1949988603591919,0.23120099306106567,0.22901134192943573,0.37834593653678894,0.38277915120124817,0.6010046005249023,0.6112524271011353,0.8069761395454407,0.8159130811691284,0.8703964948654175,0.8834004998207092,0.8701547980308533,0.879047155380249,0.849300742149353,0.8564722537994385,0.8612431287765503,0.8610695004463196,1.2030189037322998,1.1493785381317139,1.5092960596084595,1.492255449295044,1.544458270072937,1.536968469619751,1.6230156421661377,1.6075868606567383
0.3967183430989583,0.407859992980957,0.4190016428629557,0.4207157452901204,0.4241439501444499,0.4061459223429361,0.4121452649434408,0.4172875722249349,0.4215728123982747,0.398432445526123,0.4052888552347819,0.4130023002624511,0.4181446075439453,0.3941472053527832,0.401003615061442,0.4087170600891113,0.4147164026896159,0.391576067606608,0.3967183430989583,0.4027177174886068,0.4087170600891113,0.8185216267903646,0.8368053294994213,0.8596600002712673,0.8886092574508102,0.9129875465675636,0.894703843858507,0.9221294261791088,0.9358422173394098,0.9495550084997106,0.8977511370623553,0.9251767193829572,0.9404131288881656,0.9526023582175924,0.8977511370623553,0.920605751320168,0.9327949241355612,0.943460422092014,0.893180168999566,0.9114639282226562,0.920605751320168,0.9282240125868056,0.6101238250732421,0.6006962458292643,0.590411631266276,0.5895545959472657,0.5869834264119466,0.6058385848999024,0.6015532811482748,0.595553970336914,0.5895545959472657,0.6135520299275716,0.6066956202189128,0.5989821751912435,0.5921257654825847,0.616980234781901,0.6101238250732421,0.6024103800455729,0.595553970336914,0.6186943054199219,0.6126949310302734,0.6066956202189128,0.6006962458292643,0.8109033655237269,0.8322344179506656,0.8550890887225115,0.8840382893880209,0.908416635018808,0.8886092574508102,0.916034839771412,0.931271305790654,0.943460422092014,0.8901328757957175,0.920605751320168,0.9358422173394098,0.9465077152958624,0.8901328757957175,0.916034839771412,0.9282240125868056,0.9373658921983506,0.8870855825918692,0.9053693418149596,0.916034839771412,0.9236530445240162,0.5019522309303284,0.5137267708778381,0.522038996219635,0.5264169573783875,0.4924966096878052,0.4867321848869324,0.47982552647590637,0.5335862636566162,0.4722822606563568,0.5168272256851196,0.49197468161582947,0.5882442593574524,0.42604631185531616,0.6105571389198303,0.40350931882858276,0.6113362908363342,0.40248581767082214,0.6132853627204895,0.4009125828742981,0.5990572571754456,0.412840873003006,0.5949621796607971,0.4207865595817566,0.5564804673194885,0.4557250738143921,0.5649821162223816,0.4555239677429199,0.5533151030540466,0.44855982065200806,0.5534931421279907,0.4483966529369354,0.5351447463035583,0.46178004145622253,0.19872719049453735,0.17376525700092316,0.17451126873493195,0.17503148317337036,0.17429588735103607,0.17589552700519562,0.17831788957118988,0.19396460056304932,0.1950317621231079,0.23128363490104675,0.22931918501853943,0.3783321678638458,0.38302162289619446,0.6013315916061401,0.6116812825202942,0.8080580830574036,0.8170395493507385,0.8715104460716248,0.8845300078392029,0.8715997934341431,0.8799677491188049,0.8509844541549683,0.8574467301368713,0.8614716529846191,0.8612903952598572,1.2038118839263916,1.1506333351135254,1.5095640420913696,1.4927605390548706,1.544603705406189,1.5372992753982544,1.623366355895996,1.6081962585449219
0.3967670440673828,0.4079070727030436,0.4190471013387044,0.4207609812418619,0.4250455856323242,0.4070501645406087,0.4121917088826497,0.4173332532246908,0.4224748293558756,0.3993378321329752,0.4061932245890299,0.4130486488342285,0.4190471013387044,0.3941962560017903,0.4019085884094238,0.4087640126546224,0.4147624969482422,0.3924824078877767,0.3976239522298177,0.4036224365234375,0.4096209208170573,0.8170059204101563,0.8383338645652488,0.8611852010091146,0.8901302761501736,0.914505061396846,0.8947005095305266,0.9221221358687788,0.9373563978407118,0.9495438187210647,0.8977473506221065,0.9251690334743924,0.9404032389322916,0.9525906032986112,0.8977473506221065,0.9205987435800058,0.9327861079463252,0.9449735288266784,0.8947005095305266,0.9114582203052662,0.9205987435800058,0.9297392668547454,0.6101416269938151,0.6007153828938802,0.5904322942097981,0.5895753860473633,0.5870045979817708,0.6058569590250651,0.6015723546346029,0.5955738703409831,0.5895753860473633,0.6135693232218424,0.6075708389282226,0.5990015665690104,0.5921461741129558,0.6169970194498698,0.61099853515625,0.6024292627970378,0.5955738703409831,0.6187108357747396,0.6135693232218424,0.6075708389282226,0.6007153828938802,0.8109122382269965,0.8322401258680555,0.856614911114728,0.885559986255787,0.9084113226996527,0.8886068273473668,0.9160284536856192,0.9327861079463252,0.9434500800238717,0.8916536684389468,0.9205987435800058,0.935832949037905,0.9464969211154514,0.8901302761501736,0.9160284536856192,0.9282158745659722,0.9373563978407118,0.8870834350585938,0.9053644816080728,0.9160284536856192,0.9236455846715856,0.5018882155418396,0.5136764049530029,0.5219818949699402,0.5263511538505554,0.4924186170101166,0.48664671182632446,0.47972598671913147,0.533441424369812,0.47222235798835754,0.5167059302330017,0.49190476536750793,0.588188886642456,0.42603936791419983,0.6105670928955078,0.40352240204811096,0.6113892197608948,0.40241214632987976,0.6135320067405701,0.4007611572742462,0.5994174480438232,0.41295498609542847,0.5952034592628479,0.42090651392936707,0.5564776659011841,0.45572391152381897,0.5654226541519165,0.4554232954978943,0.5537258982658386,0.4486503601074219,0.5542691349983215,0.448525607585907,0.5349656343460083,0.46202269196510315,0.1987653374671936,0.17375288903713226,0.1744959056377411,0.1750166118144989,0.17435956001281738,0.17598426342010498,0.17844529449939728,0.19391685724258423,0.1951415091753006,0.2312932312488556,0.2294408679008484,0.3783211410045624,0.38343313336372375,0.6014149188995361,0.6126683354377747,0.8081546425819397,0.8176625967025757,0.8717675805091858,0.8848386406898499,0.871854305267334,0.8801838159561157,0.8512608408927917,0.8577072620391846,0.8621422648429871,0.8618482351303101,1.2056035995483398,1.1515228748321533,1.5103189945220947,1.4928226470947266,1.5451180934906006,1.5372469425201416,1.6239176988601685,1.6082340478897095
0.3976236661275228,0.4087634086608886,0.4190462430318196,0.4216169675191243,0.42504456837972,0.4070495923360189,0.4130479176839193,0.4173324584960937,0.4224738756815592,0.3993374824523926,0.4061927159627279,0.4130479176839193,0.4190462430318196,0.3950529734293619,0.4019081751505534,0.4096203168233235,0.4156186421712239,0.3924822489420573,0.3984805742899577,0.404478899637858,0.4104772249857584,0.8169371993453415,0.8367411860713252,0.8611153496636285,0.8900596336082176,0.9129104049117476,0.8946297539605035,0.922050702130353,0.9357611197012442,0.949471593786169,0.8976765385380497,0.9250974301938656,0.9403312965675636,0.9525183783637152,0.8961531462492767,0.9205273098415798,0.9327143916377316,0.9449014169198496,0.8931064181857639,0.9113870126229744,0.9205273098415798,0.9296676070601853,0.6101357142130533,0.6007097880045573,0.5904269536336263,0.5887131373087565,0.5861424128214519,0.6058511734008789,0.6007097880045573,0.5955683390299479,0.5895700454711914,0.613563346862793,0.6075649897257487,0.5989959716796875,0.5921407699584961,0.6169909159342448,0.6109926223754882,0.6024236043294271,0.5955683390299479,0.6187047322591146,0.613563346862793,0.6067080815633138,0.6007097880045573,0.8108436867042824,0.8321710092050058,0.856545172797309,0.8854894567418982,0.9083402280454282,0.8885362413194444,0.9159571329752604,0.9327143916377316,0.94337808114511,0.8915830258969908,0.9205273098415798,0.9357611197012442,0.9449014169198496,0.8900596336082176,0.9159571329752604,0.928144214771412,0.9372845119900174,0.8870128490306713,0.905293443467882,0.9159571329752604,0.9235740944191262,0.501830518245697,0.5135942697525024,0.5219098925590515,0.5262768268585205,0.492330938577652,0.4865393340587616,0.4795835614204407,0.5333564281463623,0.47212347388267517,0.5166297554969788,0.49184873700141907,0.5881478786468506,0.4260336458683014,0.6105614900588989,0.4035533666610718,0.6114450693130493,0.4023597836494446,0.6137508153915405,0.40065547823905945,0.5997563004493713,0.4129970669746399,0.5954345464706421,0.42096516489982605,0.5564790368080139,0.45573803782463074,0.5654656887054443,0.4544549584388733,0.5538426637649536,0.44852811098098755,0.5545269846916199,0.4485340118408203,0.5347277522087097,0.46118465065956116,0.19877198338508606,0.17373397946357727,0.1744602620601654,0.17496894299983978,0.17437012493610382,0.17600028216838837,0.17847688496112823,0.19383814930915833,0.19520071148872375,0.23128604888916016,0.2294996678829193,0.37827879190444946,0.38352257013320923,0.6014943718910217,0.6130611896514893,0.808165967464447,0.8179317712783813,0.8717421889305115,0.8849672079086304,0.8716862797737122,0.8803313970565796,0.8511096835136414,0.8578598499298096,0.8622915148735046,0.8620337843894958,1.2061362266540527,1.1521327495574951,1.5105950832366943,1.493204951286316,1.5451997518539429,1.5374114513397217,1.6251544952392578,1.6096601486206055
0.396895694732666,0.4080374081929525,0.4191791216532389,0.4208932240804036,0.4243214607238769,0.4071803410847981,0.4131797472635904,0.4174650192260742,0.4226073582967122,0.399466864267985,0.4063233057657877,0.4131797472635904,0.4191791216532389,0.3951815605163574,0.4020380020141602,0.4097515106201171,0.4157509167989095,0.3926104227701822,0.3986097971598307,0.4046091715494792,0.4106085777282715,0.8169870447229456,0.8367945353190104,0.8611729939778646,0.8885988023546006,0.9129772610134548,0.8946933887622974,0.9221191971390336,0.935832044813368,0.949544949001736,0.8977407384801794,0.925166490342882,0.9404030128761576,0.952592298719618,0.8962170636212384,0.9205955222800926,0.9327847516095196,0.9449739809389468,0.8931697704173901,0.911453586154514,0.9205955222800926,0.9297374584056712,0.610302480061849,0.600017801920573,0.590590222676595,0.5888760884602865,0.5863049189249675,0.605160140991211,0.6008748372395833,0.5948754628499349,0.5888760884602865,0.6137306849161784,0.6068742752075196,0.5991607666015625,0.5914472579956055,0.6171588897705078,0.610302480061849,0.602588971455892,0.5957324981689454,0.6188730239868164,0.612873649597168,0.6068742752075196,0.6008748372395833,0.8108924583152488,0.832223567256221,0.8566020259150753,0.8855514526367188,0.9084062929506656,0.8885988023546006,0.9160245542173032,0.9312610767505788,0.9434503060800058,0.8916460955584491,0.9205955222800926,0.9343084264684608,0.9449739809389468,0.8901224206995081,0.9160245542173032,0.9282137835467305,0.935832044813368,0.8870751274956598,0.9053589997468172,0.9160245542173032,0.923642815483941,0.5017724633216858,0.5135217308998108,0.5218554735183716,0.5262219309806824,0.49226343631744385,0.4864659011363983,0.47948816418647766,0.5332968235015869,0.4720511734485626,0.5165719389915466,0.4917949140071869,0.5881166458129883,0.4260281026363373,0.6105520725250244,0.4035970866680145,0.6115081310272217,0.4023114740848541,0.6138817071914673,0.40056413412094116,0.5999118089675903,0.41298380494117737,0.5955688953399658,0.42096826434135437,0.5564786791801453,0.4557269811630249,0.5655466914176941,0.45386406779289246,0.5537940859794617,0.44842374324798584,0.55449378490448,0.4485342800617218,0.5337908267974854,0.46028944849967957,0.19877834618091583,0.17372512817382812,0.174445241689682,0.1749442219734192,0.1743876188993454,0.17602074146270752,0.17850877344608307,0.1937798708677292,0.19523939490318298,0.23127511143684387,0.2295268476009369,0.3782654106616974,0.38366782665252686,0.6015692949295044,0.6133077144622803,0.8081853985786438,0.818022608757019,0.871700644493103,0.8849356174468994,0.8714275360107422,0.8803789019584656,0.850841224193573,0.8579481244087219,0.8626530766487122,0.8624051213264465,1.2063822746276855,1.152289867401123,1.5108952522277832,1.4935647249221802,1.5454061031341553,1.5378353595733643,1.6258221864700317,1.6101038455963135
0.3970503489176432,0.4081925392150879,0.4193347613016764,0.4210489273071289,0.4244773228963216,0.4073354721069336,0.4124780019124349,0.4176205635070801,0.4227631251017252,0.3987645149230957,0.4064783732096354,0.413335100809733,0.4193347613016764,0.3944790522257487,0.4021929105122884,0.4090496381123861,0.4150492986043294,0.3927648862202962,0.3979074478149414,0.4039070765177409,0.4099067370096842,0.8169907181351274,0.8367990564416956,0.859654857494213,0.8886055840386284,0.9129850599500868,0.894700453016493,0.9221273916739005,0.9358409175166378,0.949554330331308,0.8977478592484086,0.923651123046875,0.9404120551215278,0.9526017930772568,0.8962241843894676,0.920603660300926,0.9327934547706886,0.9449831927264178,0.8931767216435185,0.9114613850911458,0.920603660300926,0.9297459920247396,0.6104664484659831,0.6001813252766927,0.5898962020874023,0.588182004292806,0.5856107711791992,0.6053239186604817,0.6001813252766927,0.5950387954711914,0.5890391031901042,0.6130377451578776,0.6070380528767904,0.5984671274820964,0.5916103998819987,0.6173231760660808,0.6104664484659831,0.6027526219685873,0.5950387954711914,0.619037373860677,0.6130377451578776,0.6070380528767904,0.6010384241739909,0.8108957926432292,0.8322279188368056,0.855083719889323,0.8840343899197048,0.9084139223451968,0.887081852665654,0.9145087913230612,0.931269723397714,0.9419357864945024,0.8901292588975694,0.919079985441985,0.9327934547706886,0.9434595178674768,0.8886055840386284,0.9145087913230612,0.926698585792824,0.9343171861436632,0.8855581212926794,0.9038427847403068,0.9145087913230612,0.9221273916739005,0.5016874074935913,0.5134320855140686,0.5217975378036499,0.526174783706665,0.4921741485595703,0.48638084530830383,0.4793897271156311,0.5332741141319275,0.47199344635009766,0.5164769291877747,0.49170488119125366,0.5881055593490601,0.42602142691612244,0.61053466796875,0.40360501408576965,0.6115311980247498,0.40228933095932007,0.6139849424362183,0.4004913568496704,0.6000511050224304,0.4129578471183777,0.5956821441650391,0.42094704508781433,0.5564488172531128,0.45569339394569397,0.5654741525650024,0.45363184809684753,0.5537126064300537,0.44840988516807556,0.554421603679657,0.44854074716567993,0.533224880695343,0.4603009521961212,0.19878432154655457,0.17371726036071777,0.17442695796489716,0.17491990327835083,0.1743958294391632,0.17602795362472534,0.17851737141609192,0.19373340904712677,0.19524991512298584,0.2312762439250946,0.22957465052604675,0.37824296951293945,0.3838268220424652,0.6016002893447876,0.613598108291626,0.8080618381500244,0.8180983066558838,0.8713905811309814,0.8848228454589844,0.8710604906082153,0.880371630191803,0.850488007068634,0.8579942584037781,0.8626837134361267,0.8624844551086426,1.2063432931900024,1.1522809267044067,1.5109676122665405,1.4936013221740723,1.545461654663086,1.5379347801208496,1.6258764266967773,1.6100014448165894
0.3970523516337076,0.4081933339436849,0.419334348042806,0.4210483551025391,0.4244763374328613,0.4073363622029622,0.4124783515930176,0.4176203409830729,0.4227623621622721,0.3987663586934407,0.4064793586730957,0.4133353551228841,0.419334348042806,0.3944813410441081,0.402194341023763,0.4099073410034179,0.4150493621826172,0.392767333984375,0.3979093551635742,0.403908348083496,0.4099073410034179,0.8170113457573784,0.8368175365306713,0.8596709074797454,0.8886184692382812,0.9129953455041956,0.8947126600477431,0.9206131546585647,0.9358486599392362,0.9495606599030672,0.8977597837094907,0.9236602218062788,0.9404193454318576,0.9526077835648148,0.8962362218786168,0.9206131546585647,0.932801592791522,0.9449900309244792,0.8931890982168692,0.9114717836733216,0.9206131546585647,0.9297544691297744,0.6104454040527344,0.600161361694336,0.5898773829142253,0.5881633758544922,0.5855923970540364,0.6053033828735351,0.600161361694336,0.5941623687744141,0.5890203475952148,0.6138733545939128,0.6070173899332683,0.5984473546346029,0.590734354654948,0.6173013687133789,0.6104454040527344,0.601875368754069,0.5950194040934245,0.6190153757731119,0.6130163828531902,0.6070173899332683,0.600161361694336,0.8109170984338832,0.8307233457212095,0.85357666015625,0.8825242219147859,0.908424660011574,0.8870949074074074,0.9145189073350696,0.9297544691297744,0.9404193454318576,0.8886184692382812,0.919089592827691,0.932801592791522,0.9419429072627314,0.8886184692382812,0.9145189073350696,0.9251837836371528,0.9343251546223958,0.8855713455765336,0.903854031032986,0.9145189073350696,0.9206131546585647,0.5015942454338074,0.5133103728294373,0.5217071175575256,0.52610182762146,0.4920981824398041,0.4863120913505554,0.47931674122810364,0.5331900119781494,0.4719579815864563,0.5163736939430237,0.4916377663612366,0.5880616307258606,0.4260156452655792,0.6105295419692993,0.4035992920398712,0.6115835905075073,0.40226396918296814,0.6140952706336975,0.4004408121109009,0.6002236008644104,0.4129451811313629,0.5958343148231506,0.4209381639957428,0.5564028024673462,0.4556691348552704,0.565409243106842,0.4537472128868103,0.55365389585495,0.44850286841392517,0.5543380379676819,0.448617547750473,0.5331799387931824,0.46064022183418274,0.1987891048192978,0.17370887100696564,0.1744121015071869,0.17489859461784363,0.17440912127494812,0.17604194581508636,0.17853665351867676,0.19367167353630066,0.19527320563793182,0.23126281797885895,0.2295868694782257,0.3781946897506714,0.38403522968292236,0.6016279458999634,0.6137130260467529,0.8080224990844727,0.8181073665618896,0.8711600303649902,0.8847397565841675,0.8707508444786072,0.880375325679779,0.850196123123169,0.8580390214920044,0.8626822233200073,0.8625202775001526,1.2063959836959839,1.1523395776748657,1.5109492540359497,1.4936403036117554,1.5453932285308838,1.537949800491333,1.6258108615875244,1.6099493503570557
0.3969969749450683,0.4081398328145345,0.4192827224731445,0.4209970156351725,0.4244256019592285,0.4072827021280924,0.4124255816141764,0.4175684293111165,0.4218541781107585,0.3987112363179524,0.4064255714416503,0.4132827123006184,0.4192827224731445,0.3944255193074544,0.4021398226420085,0.4089969952901204,0.4149970054626465,0.3927112261454264,0.3978541056315104,0.4038541158040364,0.4098541259765625,0.8169911702473959,0.8368007518627025,0.8596579092520255,0.8886103877314815,0.912991389521846,0.894705652307581,0.9206104419849536,0.9358486034252026,0.9495629204644096,0.8977532845956308,0.9236580742730036,0.9388962357132524,0.952610496238426,0.8962294401945892,0.9190866540979457,0.9328009711371528,0.9434676558883102,0.8931818079065393,0.9099437572337964,0.9206104419849536,0.929753338849103,0.6104260762532552,0.6001403172810872,0.589854621887207,0.5881402969360352,0.5855688730875651,0.6052832285563151,0.6009974797566732,0.5949974695841471,0.5889974594116211,0.6138546625773112,0.6069974899291992,0.5984260559082031,0.5915688832600912,0.6172832489013672,0.6104260762532552,0.6018546422322592,0.5949974695841471,0.6189975102742513,0.6129975001017253,0.6069974899291992,0.6001403172810872,0.8093720612702546,0.830705487286603,0.8535627011899595,0.8825151231553819,0.9068961249457466,0.8855627554434317,0.912991389521846,0.929753338849103,0.9404200236002604,0.8886103877314815,0.9175628662109376,0.9312771832501446,0.941943868001302,0.8886103877314815,0.912991389521846,0.9251819186740452,0.9343248155381944,0.8855627554434317,0.9038484926576968,0.9145152339228876,0.9206104419849536,0.50155109167099,0.5132786631584167,0.521666944026947,0.5260539650917053,0.49205008149147034,0.4862556457519531,0.47925445437431335,0.5331307649612427,0.4719332158565521,0.5163125395774841,0.4915965795516968,0.5880348086357117,0.42600327730178833,0.6105287671089172,0.40356478095054626,0.6116331815719604,0.40225285291671753,0.6141389608383179,0.4004220962524414,0.600420355796814,0.41293081641197205,0.596042811870575,0.42092475295066833,0.5563007593154907,0.4556102454662323,0.5653080344200134,0.4535455107688904,0.5533695220947266,0.4483727216720581,0.5539914965629578,0.44855397939682007,0.532794713973999,0.46043580770492554,0.19889013469219208,0.1736990064382553,0.17439383268356323,0.17487823963165283,0.17446571588516235,0.1761251986026764,0.17865638434886932,0.1936570554971695,0.1953488439321518,0.23134204745292664,0.22982098162174225,0.37817275524139404,0.3841421902179718,0.6016334891319275,0.6138450503349304,0.8080195784568787,0.81816565990448,0.8710554242134094,0.8846406936645508,0.8705843091011047,0.8802950978279114,0.8500175476074219,0.8580315709114075,0.8627398014068604,0.8625627756118774,1.2066608667373657,1.1523946523666382,1.511169195175171,1.4937536716461182,1.5455929040908813,1.538068175315857,1.6259328126907349,1.6100285053253174
0.3969690640767415,0.4081120808919271,0.4183979352315267,0.4209693908691406,0.4243980089823405,0.4063977559407552,0.4123978614807129,0.4175407727559407,0.4218265533447266,0.3986833890279134,0.4063977559407552,0.4132549921671549,0.4192550659179687,0.3943976084391276,0.4021120071411133,0.408969243367513,0.4149693171183268,0.3926832834879557,0.3978262265523274,0.4038263003031412,0.409826374053955,0.8169348257559317,0.8367446334273727,0.8596020733868635,0.8885548344364873,0.911412274395978,0.8946501555266204,0.9205552842881944,0.9357935587565104,0.9495079888237848,0.8976978443287037,0.9236029165762442,0.9388412475585938,0.952555677625868,0.896173999927662,0.9190314398871527,0.9327459264684608,0.9434127242476852,0.8931263111255787,0.90988848650897,0.9205552842881944,0.9296982376663772,0.6104005177815756,0.6001146316528321,0.5898288091023763,0.5881144841512044,0.5855429967244467,0.6052575429280599,0.600971794128418,0.5941145579020183,0.5889716466267904,0.6138291041056315,0.6069718678792317,0.5984003067016601,0.5906859715779622,0.6172577540079752,0.6104005177815756,0.6018289566040039,0.5949717203776042,0.6189720153808593,0.6129719416300455,0.6069718678792317,0.6001146316528321,0.8093157167787906,0.8306493123372396,0.8535067522967303,0.8824595133463542,0.9068407977068864,0.8855072021484375,0.9129361187970196,0.9296982376663772,0.940365035445602,0.8885548344364873,0.9175075954861112,0.931222082067419,0.9418888798466436,0.8870309900354456,0.9129361187970196,0.925126760977286,0.9327459264684608,0.8855072021484375,0.9022693210177952,0.9129361187970196,0.9205552842881944,0.5015009045600891,0.5132096409797668,0.5216098427772522,0.5260116457939148,0.4920196533203125,0.48624739050865173,0.4792450964450836,0.5331224203109741,0.4719144105911255,0.5162866711616516,0.49158674478530884,0.5880243182182312,0.42599958181381226,0.6105273365974426,0.4035564064979553,0.6116504073143005,0.4022435247898102,0.6141523718833923,0.400398850440979,0.6005297303199768,0.4129171371459961,0.5961615443229675,0.42091238498687744,0.5562466979026794,0.45557674765586853,0.5653096437454224,0.4535422921180725,0.5533564686775208,0.4482966959476471,0.5539551973342896,0.4483035206794739,0.5327957272529602,0.46061667799949646,0.1990496814250946,0.1736985296010971,0.1743754893541336,0.17485642433166504,0.17455989122390747,0.1762467324733734,0.17881375551223755,0.1936381459236145,0.19539520144462585,0.23143722116947174,0.2300156056880951,0.37815865874290466,0.3842514455318451,0.6016578078269958,0.6139063239097595,0.8080101013183594,0.8181952834129333,0.8709865212440491,0.8846198320388794,0.870476484298706,0.8803218603134155,0.84989333152771,0.8581335544586182,0.863450288772583,0.8629389405250549,1.206732153892517,1.1525239944458008,1.5115389823913574,1.493999719619751,1.5460712909698486,1.5383440256118774,1.6261903047561646,1.6100984811782837
