left_landmark_x_0,left_landmark_x_1,left_landmark_x_2,left_landmark_x_3,left_landmark_x_4,left_landmark_x_5,left_landmark_x_6,left_landmark_x_7,left_landmark_x_8,left_landmark_x_9,left_landmark_x_10,left_landmark_x_11,left_landmark_x_12,left_landmark_x_13,left_landmark_x_14,left_landmark_x_15,left_landmark_x_16,left_landmark_x_17,left_landmark_x_18,left_landmark_x_19,left_landmark_x_20,left_landmark_y_0,left_landmark_y_1,left_landmark_y_2,left_landmark_y_3,left_landmark_y_4,left_landmark_y_5,left_landmark_y_6,left_landmark_y_7,left_landmark_y_8,left_landmark_y_9,left_landmark_y_10,left_landmark_y_11,left_landmark_y_12,left_landmark_y_13,left_landmark_y_14,left_landmark_y_15,left_landmark_y_16,left_landmark_y_17,left_landmark_y_18,left_landmark_y_19,left_landmark_y_20,right_landmark_x_0,right_landmark_x_1,right_landmark_x_2,right_landmark_x_3,right_landmark_x_4,right_landmark_x_5,right_landmark_x_6,right_landmark_x_7,right_landmark_x_8,right_landmark_x_9,right_landmark_x_10,right_landmark_x_11,right_landmark_x_12,right_landmark_x_13,right_landmark_x_14,right_landmark_x_15,right_landmark_x_16,right_landmark_x_17,right_landmark_x_18,right_landmark_x_19,right_landmark_x_20,right_landmark_y_0,right_landmark_y_1,right_landmark_y_2,right_landmark_y_3,right_landmark_y_4,right_landmark_y_5,right_landmark_y_6,right_landmark_y_7,right_landmark_y_8,right_landmark_y_9,right_landmark_y_10,right_landmark_y_11,right_landmark_y_12,right_landmark_y_13,right_landmark_y_14,right_landmark_y_15,right_landmark_y_16,right_landmark_y_17,right_landmark_y_18,right_landmark_y_19,right_landmark_y_20,pose_landmark_x_0,pose_landmark_x_1,pose_landmark_x_2,pose_landmark_x_3,pose_landmark_x_4,pose_landmark_x_5,pose_landmark_x_6,pose_landmark_x_7,pose_landmark_x_8,pose_landmark_x_9,pose_landmark_x_10,pose_landmark_x_11,pose_landmark_x_12,pose_landmark_x_13,pose_landmark_x_14,pose_landmark_x_15,pose_landmark_x_16,pose_landmark_x_17,pose_landmark_x_18,pose_landmark_x_19,pose_landmark_x_20,pose_landmark_x_21,pose_landmark_x_22,pose_landmark_x_23,pose_landmark_x_24,pose_landmark_x_25,pose_landmark_x_26,pose_landmark_x_27,pose_landmark_x_28,pose_landmark_x_29,pose_landmark_x_30,pose_landmark_x_31,pose_landmark_x_32,pose_landmark_y_0,pose_landmark_y_1,pose_landmark_y_2,pose_landmark_y_3,pose_landmark_y_4,pose_landmark_y_5,pose_landmark_y_6,pose_landmark_y_7,pose_landmark_y_8,pose_landmark_y_9,pose_landmark_y_10,pose_landmark_y_11,pose_landmark_y_12,pose_landmark_y_13,pose_landmark_y_14,pose_landmark_y_15,pose_landmark_y_16,pose_landmark_y_17,pose_landmark_y_18,pose_landmark_y_19,pose_landmark_y_20,pose_landmark_y_21,pose_landmark_y_22,pose_landmark_y_23,pose_landmark_y_24,pose_landmark_y_25,pose_landmark_y_26,pose_landmark_y_27,pose_landmark_y_28,pose_landmark_y_29,pose_landmark_y_30,pose_landmark_y_31,pose_landmark_y_32
0.3843833923339844,0.3964110056559244,0.407579485575358,0.4110159556070963,0.4144523938496907,0.3946927706400553,0.4007065773010254,0.4058612505594889,0.4110159556070963,0.3869607289632161,0.3938336372375488,0.4007065773010254,0.4067203521728516,0.3835242589314778,0.3903971989949544,0.3972701072692871,0.4024247805277506,0.3818060239156087,0.3878198305765787,0.3929745356241862,0.3981292088826497,0.8210258766456887,0.839353660300926,0.8607360274703414,0.8882277312102141,0.9111374466507524,0.8943370112666378,0.9218286584924767,0.9371018021195024,0.9508477105034724,0.897391594780816,0.9264105902777776,0.940156442147714,0.9539022940176504,0.897391594780816,0.9218286584924767,0.9340471620912904,0.943211082175926,0.8943370112666378,0.9111374466507524,0.9218286584924767,0.9294652303059896,0.600021235148112,0.5888526916503907,0.57940247853597,0.5776842117309571,0.5751068751017253,0.5948664983113606,0.5897118250528971,0.5828388849894206,0.5759660085042317,0.6025985717773438,0.5957256317138672,0.5871344884236653,0.5785433451334635,0.6051759084065755,0.5991621017456055,0.5905709584554036,0.583698018391927,0.6060350418090821,0.6008803049723307,0.5948664983113606,0.5888526916503907,0.8149165965892651,0.8347716720015914,0.8561540956850405,0.8851730911820023,0.9096101548936631,0.8882277312102141,0.917246726707176,0.9325198703342014,0.943211082175926,0.8912823712384259,0.9218286584924767,0.9340471620912904,0.943211082175926,0.8912823712384259,0.917246726707176,0.9279379385489004,0.9340471620912904,0.8897550229673032,0.9080828066225404,0.917246726707176,0.9233560067635996,0.48808690905570984,0.49736320972442627,0.5049759149551392,0.509870171546936,0.4778233766555786,0.4717445969581604,0.46454742550849915,0.5209944844245911,0.4563971161842346,0.5025123357772827,0.47483858466148376,0.5746257305145264,0.41228610277175903,0.5979185104370117,0.39053285121917725,0.6007770895957947,0.3892909288406372,0.6050236225128174,0.38697901368141174,0.5918289422988892,0.39965182542800903,0.5862762331962585,0.40608447790145874,0.5455824136734009,0.4446881413459778,0.5543398261070251,0.4510943293571472,0.5446473360061646,0.44537752866744995,0.545742392539978,0.4453926384449005,0.519948422908783,0.45684894919395447,0.1992778778076172,0.17420583963394165,0.1759876012802124,0.17730361223220825,0.17339086532592773,0.17470180988311768,0.17602163553237915,0.1956823468208313,0.19717204570770264,0.2348528504371643,0.23388385772705078,0.3768344521522522,0.38732925057411194,0.6050534248352051,0.6231628656387329,0.8075330853462219,0.8148740530014038,0.8710389733314514,0.8800790905952454,0.8728925585746765,0.8753849267959595,0.8522952795028687,0.8512647151947021,0.8272797465324402,0.8309656977653503,1.1524114608764648,1.1245777606964111,1.4295308589935303,1.4212687015533447,1.4628989696502686,1.4640648365020752,1.534598469734192,1.5175883769989014
0.384363333384196,0.3963923772176106,0.4075621922810872,0.4101398150126139,0.4144359270731608,0.3946739196777343,0.4006884574890136,0.4058437347412109,0.4109990437825521,0.3869409879048665,0.3938147226969401,0.4006884574890136,0.4067029635111491,0.3835041046142578,0.3903778394063313,0.3972515741984049,0.4024068832397461,0.3817856788635254,0.3878001848856608,0.3929554939270019,0.3989699999491373,0.8209967154043692,0.8393266465928819,0.8607116134078414,0.8882065384476273,0.9111189665617766,0.8958440144856771,0.923338939525463,0.9370864303023728,0.9508339210792824,0.8973715322989004,0.926393918637876,0.940141409414786,0.953888843677662,0.8973715322989004,0.9218114782262732,0.9340314511899594,0.9447239063404224,0.8943165531864873,0.9111189665617766,0.9218114782262732,0.929448954264323,0.6000267028808594,0.5888568878173828,0.5794055302937825,0.5776870727539063,0.5742502212524414,0.5948713938395183,0.589716084798177,0.5828423817952474,0.57596861521403,0.60260435740153,0.5957305908203125,0.5871384302775066,0.5785462697347005,0.6051820119222006,0.5991675059000651,0.5905753453572591,0.5837015787760417,0.6060412089029948,0.6008858998616536,0.5948713938395183,0.5879976908365886,0.8148867006655093,0.8347441496672454,0.8561291164822049,0.8851515593352142,0.9095915052625868,0.8882065384476273,0.9172289813006366,0.932503933376736,0.9431963885271992,0.8912615175600405,0.9218114782262732,0.9340314511899594,0.9431963885271992,0.8912615175600405,0.9172289813006366,0.9279214364510996,0.9340314511899594,0.8897340562608507,0.9080639874493636,0.9172289813006366,0.923338939525463,0.4878142476081848,0.49793004989624023,0.5054495930671692,0.5102220177650452,0.4778623878955841,0.47174975275993347,0.4645719826221466,0.5212174654006958,0.45666155219078064,0.5022047162055969,0.4748368263244629,0.5745295882225037,0.4125153720378876,0.5978000164031982,0.3905062675476074,0.6006720066070557,0.3890886604785919,0.6044337749481201,0.38665369153022766,0.5914718508720398,0.3994561433792114,0.5861510038375854,0.4060923755168915,0.5454862713813782,0.44435492157936096,0.5533432364463806,0.4445682466030121,0.5406504273414612,0.4384552240371704,0.540617823600769,0.438109427690506,0.5184372663497925,0.4518398940563202,0.19921888411045074,0.1745595932006836,0.17640480399131775,0.17782139778137207,0.17357388138771057,0.17489202320575714,0.17620204389095306,0.19681678712368011,0.19713599979877472,0.2347201406955719,0.2326720654964447,0.376830130815506,0.3868542015552521,0.6047570705413818,0.6170202493667603,0.8074284791946411,0.8147618770599365,0.871756374835968,0.8802098035812378,0.8732729554176331,0.875644862651825,0.8525707721710205,0.8525604009628296,0.8489407300949097,0.8497580885887146,1.1819467544555664,1.134964108467102,1.46934175491333,1.4539906978607178,1.5021603107452393,1.4974157810211182,1.5779532194137573,1.5597119331359863
0.3843814531962077,0.3964094797770182,0.4067192395528157,0.4101558367411295,0.4144515673319499,0.3946911811828613,0.4007052103678385,0.4058601061503092,0.4110149701436361,0.3869588851928711,0.3938320477803548,0.4007052103678385,0.4067192395528157,0.3835222880045573,0.390395450592041,0.3972686449686686,0.4032826423645019,0.3818039894104004,0.3878180185953776,0.3929729143778483,0.3989869117736816,0.8209377147533276,0.839266120062934,0.860649334942853,0.8881419994212963,0.9125799673574942,0.8957788538049769,0.92327151828342,0.9370178787796586,0.9507641827618636,0.8973062585901331,0.926326271339699,0.9400726318359376,0.953818992332176,0.8973062585901331,0.9217441700122976,0.9339631257233796,0.9446547331633393,0.8942515055338541,0.911052562572338,0.9217441700122976,0.929381024395978,0.6000271479288737,0.5888582229614258,0.5794076283772787,0.5776892979939778,0.5742527643839518,0.5948722203572591,0.5897173563639323,0.5828442255655925,0.5759710311889649,0.6026045481363932,0.5957314173380533,0.5871399561564128,0.5785484949747721,0.6051820119222006,0.5991679509480794,0.5905764897664388,0.583703358968099,0.606041145324707,0.6008862813313802,0.5948722203572591,0.5879990895589192,0.8148282086407697,0.8346840187355324,0.8560672336154513,0.8850872463650173,0.9095252143012152,0.8881419994212963,0.9171620686848958,0.9324357774522568,0.9431273848922164,0.8911967524775752,0.9217441700122976,0.9339631257233796,0.9431273848922164,0.8911967524775752,0.9171620686848958,0.9278536761248554,0.9339631257233796,0.8881419994212963,0.9064704612449364,0.9171620686848958,0.92327151828342,0.48774418234825134,0.4984167218208313,0.5058134198188782,0.5104346871376038,0.47799423336982727,0.4718150496482849,0.46471643447875977,0.5212861895561218,0.45698222517967224,0.5020270347595215,0.47487062215805054,0.5744744539260864,0.4126799404621124,0.5977966785430908,0.3904537558555603,0.6006665825843811,0.38899511098861694,0.6041249632835388,0.3866376578807831,0.5912321209907532,0.3993116617202759,0.5860839486122131,0.40607091784477234,0.5454714894294739,0.44402119517326355,0.5520788431167603,0.44012805819511414,0.5378005504608154,0.43305811285972595,0.5373223423957825,0.4326433837413788,0.51686030626297,0.44636771082878113,0.1992131620645523,0.17491205036640167,0.17676174640655518,0.17822453379631042,0.17377842962741852,0.17507338523864746,0.17634542286396027,0.1974586546421051,0.19706839323043823,0.23451001942157745,0.23178242146968842,0.37687838077545166,0.3867603540420532,0.604716420173645,0.6149675846099854,0.8074437975883484,0.8148579001426697,0.8732120394706726,0.8804865479469299,0.8738892078399658,0.8761405944824219,0.8528481125831604,0.8538647890090942,0.8580789566040039,0.8584138751029968,1.1988078355789185,1.1452223062515259,1.4879029989242554,1.470917820930481,1.5201586484909058,1.5147395133972168,1.597857117652893,1.5781208276748657
0.384392770131429,0.3964073816935221,0.407563845316569,0.4109965960184733,0.4144293467203776,0.3946910222371419,0.4006983439127604,0.4058474540710449,0.4109965960184733,0.3861091295878092,0.3938328425089518,0.4006983439127604,0.406705633799235,0.3826763788859049,0.3904000600179036,0.3972655932108561,0.4032728830973307,0.3818181991577148,0.3878255208333333,0.3929746309916178,0.3989819526672363,0.820534430609809,0.8388424343532986,0.8602018003110532,0.8876637776692708,0.9120744493272568,0.8952921549479167,0.9227541323061342,0.9380108303493924,0.950216109664352,0.8968178077980324,0.9258054945203992,0.941062136049624,0.9532675283926504,0.8968178077980324,0.9212284794560184,0.9334338152850116,0.9425878454137732,0.8937664455837674,0.9105487964771412,0.9212284794560184,0.9288568002206308,0.5997979482014973,0.5894996643066406,0.5800596237182617,0.5774850845336914,0.5749104817708334,0.594648806254069,0.5894996643066406,0.582634162902832,0.5757686614990234,0.6023724873860677,0.5955069859822592,0.5869251251220703,0.5783432642618815,0.6049470901489258,0.5980815887451172,0.5903579076131185,0.582634162902832,0.6058052698771159,0.5997979482014973,0.5937906265258789,0.5877833048502604,0.8144317626953125,0.8342654192889178,0.8556247852466724,0.8846124719690394,0.9090231436270254,0.8876637776692708,0.9166514643916376,0.9319081624348958,0.9425878454137732,0.8907151398835359,0.9212284794560184,0.9334338152850116,0.9425878454137732,0.8907151398835359,0.9166514643916376,0.927331147370515,0.9334338152850116,0.8891894305193866,0.9074974907769098,0.9166514643916376,0.9227541323061342,0.4875565469264984,0.4985828101634979,0.5059821009635925,0.5104892253875732,0.4780455231666565,0.47186118364334106,0.4648539423942566,0.5212774276733398,0.4572666883468628,0.5017990469932556,0.4748830199241638,0.5744003653526306,0.4127670228481293,0.5977953672409058,0.39033880829811096,0.6005855202674866,0.3889865279197693,0.6038305163383484,0.38665419816970825,0.5908219218254089,0.39931032061576843,0.5858210325241089,0.40613171458244324,0.5452633500099182,0.44389423727989197,0.5511553287506104,0.43923893570899963,0.5366421937942505,0.43215706944465637,0.5365886092185974,0.4317847788333893,0.5146114230155945,0.4450553357601166,0.19954484701156616,0.17586885392665863,0.17750917375087738,0.17884445190429688,0.17471744120121002,0.17578507959842682,0.1768081784248352,0.19793839752674103,0.19703614711761475,0.23450665175914764,0.23142798244953156,0.376934677362442,0.38665536046028137,0.6049201488494873,0.6145203113555908,0.8076065182685852,0.8152294158935547,0.8741771578788757,0.8811149597167969,0.8741311430931091,0.87691730260849,0.8531061410903931,0.8554997444152832,0.8582848310470581,0.8584861159324646,1.1992592811584473,1.146834135055542,1.4910528659820557,1.4714972972869873,1.5228158235549927,1.5149036645889282,1.6035879850387573,1.5784505605697632
0.3843729972839355,0.3963868776957194,0.407542610168457,0.4109751383463542,0.4144076983133952,0.3938124656677246,0.4006775538126627,0.4058263460795084,0.4109751383463542,0.3860892613728841,0.3938124656677246,0.4006775538126627,0.4066844940185546,0.382656733194987,0.3903799374898274,0.398103141784668,0.4032519340515136,0.3817985852559407,0.3878055254618326,0.3938124656677246,0.3989612579345703,0.8204588713469328,0.8387657448097512,0.8601237544307002,0.889109632703993,0.9119932386610244,0.8952119050202546,0.9226722434714988,0.9379279807761864,0.9516581217447916,0.898263097692419,0.9257233796296296,0.9409791169343172,0.9531836615668404,0.8967375013563368,0.9211466471354168,0.9333512482819734,0.944030253092448,0.893686365198206,0.9119932386610244,0.9211466471354168,0.9287745157877604,0.5997646967569987,0.588608996073405,0.5800276438395182,0.5774532318115234,0.5748788197835286,0.5946159362792969,0.5894671122233073,0.582602055867513,0.575736935933431,0.6023391087849935,0.5954740524291993,0.5868927001953125,0.5783113479614258,0.6049135208129883,0.5980484644571941,0.5894671122233073,0.582602055867513,0.6057716369628906,0.5997646967569987,0.5937577565511067,0.5877508163452149,0.8143565990306713,0.8341890688295718,0.8555470784505208,0.88453290020978,0.9089421025028936,0.8875840928819444,0.9165699711552372,0.9318256519458912,0.9425046567563656,0.8906352290400752,0.9211466471354168,0.9333512482819734,0.9425046567563656,0.8906352290400752,0.9165699711552372,0.9272489759657118,0.934876788104022,0.889109632703993,0.9074165061668114,0.9165699711552372,0.9226722434714988,0.4874711036682129,0.49875444173812866,0.5061463713645935,0.5105584859848022,0.47806116938591003,0.47187086939811707,0.464900404214859,0.5212398767471313,0.45738905668258667,0.5017264485359192,0.4749089479446411,0.5743156671524048,0.41280460357666016,0.5977643728256226,0.3903023600578308,0.600532591342926,0.3889896273612976,0.6036224961280823,0.3867548406124115,0.5907447338104248,0.3993251621723175,0.585780143737793,0.40623578429222107,0.544703483581543,0.4435688853263855,0.5504246354103088,0.4376925528049469,0.5360450148582458,0.4315044581890106,0.5361245274543762,0.43137410283088684,0.5140792727470398,0.44426342844963074,0.20010800659656525,0.17673185467720032,0.17811620235443115,0.1793167144060135,0.17583806812763214,0.17672821879386902,0.17753808200359344,0.19822005927562714,0.1970362812280655,0.23451849818229675,0.23139850795269012,0.3769608736038208,0.3866005539894104,0.605148434638977,0.614497184753418,0.8076100945472717,0.8157171010971069,0.8743554353713989,0.8817221522331238,0.8741713166236877,0.8776894211769104,0.8531709909439087,0.8568684458732605,0.8587656617164612,0.858243465423584,1.1999180316925049,1.147361397743225,1.4931268692016602,1.470603108406067,1.5243548154830933,1.5131750106811523,1.6083128452301025,1.5798238515853882
0.3844291687011719,0.3964405377705892,0.4067360242207845,0.4101678212483724,0.4144576072692871,0.3938666661580404,0.4007303237915039,0.4058780670166015,0.4110257784525553,0.3861450831095377,0.3947246233622233,0.4015882809956868,0.4075939814249674,0.382713254292806,0.3904348373413085,0.398156452178955,0.4041621526082357,0.381855297088623,0.3878609975179036,0.3938666661580404,0.3998723665873209,0.8203724048755787,0.8386754353841146,0.8600289803964121,0.889008868182147,0.9118876704463252,0.8951098406756366,0.9225644712094908,0.9378169872142652,0.9500189887152778,0.8981603551793982,0.9256149291992188,0.9408675017180266,0.9530695032190394,0.8966350979275174,0.92103921395761,0.9332412154586228,0.9439180162217882,0.8935845834237558,0.9118876704463252,0.92103921395761,0.9286654437029804,0.5997760772705079,0.5886226654052734,0.5800430933634441,0.5774691899617513,0.5748953501383464,0.5946283340454102,0.5894805908203125,0.5826169331868489,0.5757532755533854,0.6023499170939127,0.5954862594604492,0.5860487620035807,0.5783271789550781,0.6049238204956054,0.5980601628621419,0.5894805908203125,0.5826169331868489,0.6057817459106445,0.5997760772705079,0.5937703450520834,0.5869067509969076,0.8127461186161747,0.8340996636284722,0.8569784658926505,0.8859583536783854,0.9088371559425636,0.889008868182147,0.9179886994538484,0.9332412154586228,0.9423927589699074,0.892059326171875,0.9225644712094908,0.9347664727105036,0.9423927589699074,0.892059326171875,0.9179886994538484,0.9286654437029804,0.9347664727105036,0.8905341254340278,0.9073118986906828,0.9164634422019676,0.9225644712094908,0.48728829622268677,0.4987978935241699,0.5062302947044373,0.5105904936790466,0.478063702583313,0.4718751907348633,0.46493667364120483,0.5211962461471558,0.45750463008880615,0.5015668869018555,0.47491881251335144,0.5742858052253723,0.41285672783851624,0.5977181196212769,0.39030420780181885,0.6004421710968018,0.3889923095703125,0.6035021543502808,0.3870031535625458,0.5906715393066406,0.3993915319442749,0.5856914520263672,0.4063637852668762,0.5444613099098206,0.4435516595840454,0.5502130389213562,0.4379204213619232,0.5362167954444885,0.43212470412254333,0.5363866090774536,0.4319985508918762,0.5141886472702026,0.44452255964279175,0.2002457082271576,0.17706353962421417,0.17833103239536285,0.17947567999362946,0.1763494312763214,0.1771831065416336,0.1779017448425293,0.19835567474365234,0.1970321238040924,0.23450075089931488,0.23124706745147705,0.37698742747306824,0.3865302503108978,0.6053340435028076,0.6140572428703308,0.8075892925262451,0.815912127494812,0.8743748664855957,0.881983757019043,0.8742097020149231,0.8778219819068909,0.8532317280769348,0.857084333896637,0.8581355810165405,0.8579296469688416,1.1977899074554443,1.1470216512680054,1.491381049156189,1.472754716873169,1.523102879524231,1.5150680541992188,1.604732632637024,1.5834966897964478
0.3844053904215495,0.3964180628458659,0.406714661916097,0.4101468722025553,0.4144371032714843,0.393843936920166,0.4007083257039388,0.4058566093444824,0.4110049247741699,0.3869795163472493,0.3947019577026367,0.4015663782755533,0.4075727144877116,0.3835473378499349,0.3904117266337076,0.398134167989095,0.4041405042012532,0.3818312327067057,0.3878375689188639,0.393843936920166,0.3998502731323242,0.8204045613606771,0.8387096263744213,0.8600655449761285,0.8890485410337094,0.9119298299153644,0.8951501916956018,0.9226077609592014,0.9378619723849826,0.9500653302228008,0.8982010452835648,0.9256586145471644,0.9409128259729456,0.953116183810764,0.8966756184895833,0.9226077609592014,0.9332857485170718,0.9439636795609084,0.8936247649016203,0.9119298299153644,0.9210823906792536,0.9302348949291088,0.5989177068074544,0.5886211395263672,0.5800406773885091,0.5774665196736654,0.5748923619588217,0.5946275075276692,0.5894791920979817,0.5826147715250651,0.5757504145304362,0.6023499170939127,0.5954855600992839,0.5860469818115235,0.57832457224528,0.6049240748087565,0.5980597178141276,0.5894791920979817,0.5826147715250651,0.6057821273803711,0.599775759379069,0.5937694549560547,0.5877630869547527,0.8143028541847511,0.8341333459924769,0.8570146913881656,0.8859976874457465,0.9088789763274016,0.8890485410337094,0.9180315370912904,0.9332857485170718,0.942438252766927,0.8920993381076389,0.9226077609592014,0.9348111753110532,0.942438252766927,0.8920993381076389,0.9180315370912904,0.9287094681351272,0.9348111753110532,0.8905739678276909,0.9088789763274016,0.9180315370912904,0.9241331877531828,0.4871942698955536,0.4987999200820923,0.506257176399231,0.5105932950973511,0.4780651926994324,0.4718780219554901,0.46496710181236267,0.5210488438606262,0.4575845003128052,0.5014520287513733,0.4749501943588257,0.5742284655570984,0.41292014718055725,0.5976564884185791,0.39026936888694763,0.6003962159156799,0.3889898657798767,0.6033860445022583,0.38703498244285583,0.5906657576560974,0.3994240164756775,0.5856878757476807,0.4064596891403198,0.5441827178001404,0.4435739815235138,0.5492953658103943,0.43804940581321716,0.5356626510620117,0.43149614334106445,0.535939633846283,0.4312925934791565,0.5136170387268066,0.4443608522415161,0.2002674639225006,0.17717106640338898,0.17837853729724884,0.17949345707893372,0.17657609283924103,0.17739559710025787,0.17806538939476013,0.1983616054058075,0.19702182710170746,0.2343011498451233,0.23095616698265076,0.3769955337047577,0.3865026831626892,0.6053900122642517,0.613860547542572,0.8075546026229858,0.8160645365715027,0.874373197555542,0.8822994232177734,0.8742173314094543,0.8779045939445496,0.8532474040985107,0.8571498394012451,0.8571754097938538,0.856946587562561,1.195525050163269,1.1466078758239746,1.4895493984222412,1.4704350233078003,1.521428108215332,1.5129735469818115,1.6034818887710571,1.5810145139694214
0.3843525568644205,0.3963686307271322,0.4075263977050781,0.4109595616658528,0.4143927256266276,0.3946520487467448,0.4006600697835286,0.4058098157246907,0.4109595616658528,0.3869274139404297,0.3946520487467448,0.4015183766682942,0.4075263977050781,0.3834942817687988,0.3903605779012044,0.3980852127075195,0.4040932337443034,0.3817776997884115,0.3877857208251953,0.3937937418619792,0.3998017946879069,0.82026288067853,0.8385730319552951,0.8614608199508101,0.8889260751229745,0.9118138631184896,0.8950294777199074,0.9224947894061052,0.9377532958984376,0.9499601010923032,0.8980811790183738,0.9255464907045716,0.940804997196904,0.953011745876736,0.8980811790183738,0.9224947894061052,0.933175715693721,0.9438566984953703,0.8950294777199074,0.9118138631184896,0.9209689104998552,0.9301240143952546,0.5989252090454101,0.588625717163086,0.5800427754720052,0.5774679183959961,0.574893061319987,0.5946337381998698,0.5894839604695638,0.5826176325480144,0.5757513682047526,0.6023583730061849,0.5954920450846354,0.5860507965087891,0.5783262252807617,0.604933230082194,0.5980669021606445,0.5894839604695638,0.5817593892415365,0.6057914733886719,0.599783452351888,0.5937754313151041,0.5869091033935547,0.8126335991753473,0.8339955082646122,0.8568832397460937,0.8858743738245081,0.9102879842122396,0.8889260751229745,0.9179172657154224,0.9316498933015046,0.9423308195891203,0.8919777764214409,0.9224947894061052,0.934701594599971,0.9423308195891203,0.8919777764214409,0.9179172657154224,0.9285981920030382,0.934701594599971,0.8904519540292245,0.9072362829137732,0.9179172657154224,0.9240206117983216,0.4870743751525879,0.49881163239479065,0.5062940716743469,0.5106053948402405,0.4780663847923279,0.47187694907188416,0.46497124433517456,0.5209384560585022,0.4576115012168884,0.5013505816459656,0.47495874762535095,0.5741813778877258,0.41298678517341614,0.5975946187973022,0.39026689529418945,0.6003639698028564,0.38899099826812744,0.6033575534820557,0.38708290457725525,0.5906516909599304,0.39947861433029175,0.5856778621673584,0.40660229325294495,0.5441339612007141,0.44366371631622314,0.5485333204269409,0.4379688799381256,0.535746157169342,0.4314361810684204,0.5361144542694092,0.4311596155166626,0.5136779546737671,0.4447464644908905,0.20020999014377594,0.17717181146144867,0.17837859690189362,0.179490864276886,0.17657922208309174,0.17740027606487274,0.17807063460350037,0.19836141169071198,0.19693882763385773,0.23404283821582794,0.2305046021938324,0.3770222067832947,0.3864854872226715,0.6052950024604797,0.6138250231742859,0.8071574568748474,0.8161773681640625,0.8738954067230225,0.8824484944343567,0.8739281296730042,0.877957820892334,0.8531133532524109,0.8571716547012329,0.8561908006668091,0.8565670847892761,1.196386456489563,1.1460121870040894,1.4886666536331177,1.4711947441101074,1.520142674446106,1.5137276649475098,1.6013683080673218,1.581262469291687
0.384395949045817,0.3964051564534505,0.406698735555013,0.4101299285888672,0.4144189516703288,0.3938317616780599,0.4006941477457682,0.4058409372965494,0.4109877268473307,0.3869693438212077,0.3946895599365234,0.4015519460042318,0.4075565338134765,0.3835381507873535,0.3904005686442057,0.3981207529703776,0.4041253407796224,0.3818225542704264,0.3878271420796712,0.3938317616780599,0.3998363494873047,0.8203183209454572,0.8386180171260127,0.8614926938657408,0.8889422946506076,0.911816914876302,0.8950421933774595,0.9224917376482928,0.937741540979456,0.9499413384331598,0.8980921427408854,0.9255416870117188,0.940791490342882,0.9529912877965856,0.8980921427408854,0.9224917376482928,0.9331666169343172,0.9438414397063078,0.8950421933774595,0.911816914876302,0.9224917376482928,0.9301166675708912,0.5988457997639974,0.5894100189208984,0.5799742380777995,0.5774008433024088,0.5748274485270183,0.5945568084716797,0.5894100189208984,0.5825476328531901,0.5756852467854817,0.6022769927978515,0.5945568084716797,0.5859788258870443,0.5782586415608724,0.6048503875732422,0.5979880015055339,0.5894100189208984,0.5816898345947266,0.6057081858317057,0.599703598022461,0.5936990102132161,0.5868366241455079,0.8142184222186053,0.8340430930808739,0.8569177698206019,0.8858923452871817,0.9102919401945893,0.8889422946506076,0.917916813603154,0.9331666169343172,0.9423164650245948,0.8919922440140335,0.9224917376482928,0.93469159161603,0.9423164650245948,0.8919922440140335,0.917916813603154,0.9285916928891782,0.93469159161603,0.8904672693323206,0.9087669655128762,0.917916813603154,0.9240167123300058,0.4867698848247528,0.4987841248512268,0.50629723072052,0.51060551404953,0.4780074954032898,0.4718177020549774,0.46495598554611206,0.5207068920135498,0.4576220214366913,0.5011857748031616,0.4749445617198944,0.5741589069366455,0.4130307137966156,0.5975378751754761,0.39023420214653015,0.6003496646881104,0.3889927566051483,0.6033532619476318,0.3871666491031647,0.5906447172164917,0.3995303213596344,0.5856707692146301,0.40668898820877075,0.5440119504928589,0.4436427652835846,0.548298180103302,0.43775826692581177,0.5358260273933411,0.4305635392665863,0.5361754894256592,0.4303302764892578,0.512286901473999,0.44362112879753113,0.20007047057151794,0.1771310716867447,0.17831170558929443,0.17939771711826324,0.17658323049545288,0.1774071305990219,0.1780768483877182,0.1983003318309784,0.19688642024993896,0.23376807570457458,0.23006699979305267,0.3771209120750427,0.3864791691303253,0.6052685379981995,0.613811194896698,0.8068466186523438,0.8162136077880859,0.8735754489898682,0.8825274705886841,0.8737294673919678,0.8779803514480591,0.8530387878417969,0.8571657538414001,0.8555777072906494,0.8562619090080261,1.196429967880249,1.14559006690979,1.4891921281814575,1.4714664220809937,1.5204538106918335,1.5142416954040527,1.6017788648605347,1.5816688537597656
0.3843605995178222,0.3963739077250163,0.4066710472106933,0.410103416442871,0.4143938700358073,0.393799622853597,0.4006643931070963,0.405812931060791,0.4109615008036295,0.386076800028483,0.3946577390034994,0.4015224774678548,0.4075291315714518,0.3835025151570638,0.3903672536214193,0.3980901082356771,0.4040967623392741,0.381786314646403,0.38779296875,0.393799622853597,0.399806276957194,0.8202803435149016,0.8385863127531828,0.8614688449435763,0.8889278270580151,0.9133358425564236,0.8950298168041088,0.922488855432581,0.9377438580548322,0.9499477810329862,0.8980808399341724,0.9255398220486112,0.9407948246708624,0.9529988606770832,0.8980808399341724,0.922488855432581,0.9331673516167536,0.943845847800926,0.8950298168041088,0.9118103592484086,0.9209633156105324,0.9301163284866898,0.5988840738932292,0.5894449869791667,0.580005963643392,0.5774316787719727,0.5748573939005533,0.5945935567220052,0.5894449869791667,0.5825802485148112,0.5757155100504557,0.602316411336263,0.5954516728719076,0.5860126495361329,0.578289794921875,0.6048906962076823,0.5980259577433268,0.5894449869791667,0.5817221959431966,0.6057488123575846,0.5997421264648437,0.5937355041503907,0.5868707656860351,0.8141783537688079,0.8340098063151041,0.8553668551974827,0.8843513206199364,0.91028481942636,0.88740234375,0.9179123489945024,0.9316418117947048,0.9423203079788772,0.8919788501880787,0.922488855432581,0.9346928349247684,0.9423203079788772,0.8919788501880787,0.9179123489945024,0.9285908451786749,0.9362183182327836,0.89045331036603,0.9087593361183448,0.9179123489945024,0.924014338740596,0.48652684688568115,0.49877816438674927,0.5063093900680542,0.5106086730957031,0.47797080874443054,0.47178351879119873,0.4649471938610077,0.5206313729286194,0.45763346552848816,0.5010315179824829,0.4749152362346649,0.5741371512413025,0.41310182213783264,0.5974889993667603,0.3902250826358795,0.6003227829933167,0.38900285959243774,0.6033318638801575,0.3872421681880951,0.5906420350074768,0.39954710006713867,0.5856671929359436,0.40674787759780884,0.5439713001251221,0.44364795088768005,0.5477619171142578,0.43793243169784546,0.535388171672821,0.4298517107963562,0.5357252955436707,0.42910048365592957,0.512363076210022,0.4437081217765808,0.19992542266845703,0.1771162748336792,0.1782900094985962,0.1793706864118576,0.1765839159488678,0.17740990221500397,0.17808130383491516,0.19830165803432465,0.1968318223953247,0.2336059808731079,0.22969287633895874,0.377211332321167,0.38642871379852295,0.6051892042160034,0.6137447953224182,0.8066761493682861,0.8162490725517273,0.8733437657356262,0.88260418176651,0.8735799789428711,0.8780423998832703,0.8529588580131531,0.8571906685829163,0.8551117777824402,0.8560266494750977,1.1967463493347168,1.1455527544021606,1.4902483224868774,1.4729408025741577,1.5221023559570312,1.5160820484161377,1.601965308189392,1.5825132131576538
0.3843579928080241,0.3963719367980957,0.4066696166992187,0.4101021766662597,0.4143928527832031,0.3937975247701009,0.4006626447041829,0.4058114687601725,0.4109602928161621,0.3860742568969726,0.3946556727091471,0.4015207608540853,0.4083858807881673,0.3834998448689778,0.3912231127421061,0.3980882008870443,0.4040952046712239,0.3817835807800293,0.3877905527750651,0.3937975247701009,0.3998044967651367,0.8203841032805266,0.838691089771412,0.8615748087565104,0.8890352602358218,0.9119189227068866,0.8951375325520833,0.9225979840313948,0.9378538343641492,0.950058435510706,0.8981887252242476,0.9256491767035592,0.94090497052228,0.9515840883608218,0.8981887252242476,0.9225979840313948,0.9332770453559028,0.9424305668583622,0.8951375325520833,0.9119189227068866,0.921072444209346,0.92870031286169,0.5988927205403646,0.5894531885782878,0.580013656616211,0.5774392445882162,0.574006716410319,0.5946020762125651,0.5894531885782878,0.5825881322224935,0.5757230122884115,0.6023253122965495,0.5954601923624675,0.5860206604003906,0.5782974243164063,0.6048997243245443,0.5980346043904622,0.5894531885782878,0.5817299524943034,0.6057578404744466,0.5997509002685547,0.593743896484375,0.586878776550293,0.8127562346281829,0.8325887609411169,0.8554724799262152,0.8844584712275753,0.910393382884838,0.8875096638997396,0.9164957117151332,0.9317515055338542,0.9424305668583622,0.8920863963939526,0.921072444209346,0.9348026416919848,0.9424305668583622,0.8920863963939526,0.9180212515371816,0.92870031286169,0.9348026416919848,0.8905608000578704,0.9088677865487558,0.9180212515371816,0.9241235803674768,0.4863246977329254,0.49876073002815247,0.5063140988349915,0.5106110572814941,0.4779326617717743,0.4717615842819214,0.4649425446987152,0.5206077694892883,0.4576573967933655,0.5009183287620544,0.4748954474925995,0.5741310715675354,0.4131527841091156,0.5974821448326111,0.3902119994163513,0.6003166437149048,0.3890025317668915,0.6033293604850769,0.38727107644081116,0.5906455516815186,0.39956220984458923,0.5856672525405884,0.40680140256881714,0.5439409017562866,0.44363531470298767,0.5473511815071106,0.4380088746547699,0.5354268550872803,0.42995867133140564,0.5358425378799438,0.4292322099208832,0.5124457478523254,0.443899542093277,0.199879452586174,0.17710599303245544,0.17826947569847107,0.1793404072523117,0.17659111320972443,0.17741794884204865,0.17808851599693298,0.19830213487148285,0.19677843153476715,0.2335560917854309,0.2295258343219757,0.3772696852684021,0.38639402389526367,0.6051007509231567,0.6137579083442688,0.8065016269683838,0.8162762522697449,0.8731235265731812,0.8826303482055664,0.8734293580055237,0.8780481219291687,0.8528838753700256,0.8571681380271912,0.854766845703125,0.8557938933372498,1.1961067914962769,1.145315170288086,1.4894294738769531,1.472459316253662,1.5211458206176758,1.5153093338012695,1.6018611192703247,1.58284330368042
0.384344736735026,0.3955030441284179,0.406661319732666,0.4100946426391602,0.4143862724304199,0.393786366780599,0.4006530125935872,0.4058029810587565,0.4109529495239258,0.386061414082845,0.3946447054545084,0.4015113194783529,0.4075196266174316,0.3826280911763509,0.3912113825480143,0.3980780283610026,0.4040863355000814,0.3817697525024414,0.3877780596415202,0.393786366780599,0.3997946739196777,0.8188482213903356,0.8386851557978877,0.8615739045319734,0.8890404595269097,0.9134552001953123,0.8951441446940104,0.9226106996889468,0.9378698843496815,0.9500771981698496,0.8981959590205439,0.9256625140154804,0.9393958197699652,0.9516031901041668,0.8966700801142939,0.9210847642686631,0.9332921346028644,0.9424476340964988,0.8951441446940104,0.9119292647750288,0.9210847642686631,0.9287143848560474,0.598927116394043,0.5894854863484701,0.5800438563028971,0.5774688720703125,0.5740355173746745,0.5946354548136393,0.5894854863484701,0.5826188405354817,0.5757521947224935,0.6023604075113932,0.595493761698405,0.586052131652832,0.5783271789550781,0.6049353917439778,0.5980687459309896,0.5894854863484701,0.5817605336507161,0.6049353917439778,0.5997854232788086,0.5937771479288737,0.5869105021158855,0.812744536223235,0.832581470630787,0.8554702758789062,0.8844627097800926,0.9088773939344618,0.8875145241066261,0.916507014521846,0.931766199182581,0.9424476340964988,0.8905663949471933,0.9210847642686631,0.9348180135091144,0.9424476340964988,0.8905663949471933,0.9180329499421296,0.9287143848560474,0.9348180135091144,0.8890404595269097,0.9073515150282118,0.9180329499421296,0.9241365785951968,0.48615559935569763,0.49872955679893494,0.506317675113678,0.5106120109558105,0.47788095474243164,0.47172775864601135,0.4649254381656647,0.5205860733985901,0.4576758146286011,0.5008114576339722,0.4748781621456146,0.5741254687309265,0.41321784257888794,0.5974403023719788,0.39016562700271606,0.6003074645996094,0.38898766040802,0.6033176183700562,0.3872781991958618,0.5906426310539246,0.39957061409950256,0.5856650471687317,0.40681394934654236,0.5437824130058289,0.4435950219631195,0.5472072958946228,0.438224732875824,0.5354881286621094,0.43006354570388794,0.5359121561050415,0.4294174313545227,0.5135623216629028,0.4446696937084198,0.1999381184577942,0.17716416716575623,0.17828421294689178,0.1793411672115326,0.17676927149295807,0.17755387723445892,0.17819486558437347,0.19830098748207092,0.19672179222106934,0.23354822397232056,0.22951990365982056,0.3773577809333801,0.38635697960853577,0.604869544506073,0.6137756109237671,0.8062440752983093,0.8163143992424011,0.8728694319725037,0.8826913833618164,0.8733215928077698,0.8780608177185059,0.8528404235839844,0.8571632504463196,0.8546574115753174,0.8557271361351013,1.1951956748962402,1.1451712846755981,1.4886401891708374,1.4717739820480347,1.5204755067825317,1.5145776271820068,1.6009849309921265,1.582005500793457
0.384291934967041,0.3963115056355794,0.4066139539082845,0.4100481351216634,0.4143408139546712,0.3937358856201172,0.4006041844685872,0.4057554244995117,0.4109066645304361,0.3860090255737304,0.39459441502889,0.4014627456665039,0.408331044514974,0.3834334055582682,0.3911602656046549,0.398028564453125,0.4048968950907389,0.3817163467407226,0.3877261161804199,0.3937358856201172,0.3997456550598144,0.818806231463397,0.8386480260778356,0.8615424262152778,0.8890156498661748,0.913436324508102,0.8951208043981481,0.9225940845630788,0.937856999150029,0.9500673647280092,0.8981734099211516,0.925646690086082,0.939383273654514,0.9515935827184606,0.8981734099211516,0.9210678100585936,0.9332781191225406,0.9424358791775174,0.8951208043981481,0.9119100500036168,0.9210678100585936,0.928699239095052,0.5989267349243164,0.5886242548624675,0.5800388971964519,0.5774632771809896,0.5740290959676106,0.5946340560913086,0.5894828160603841,0.582614517211914,0.575746218363444,0.6023609161376953,0.5954926172892253,0.586048698425293,0.5783218383789063,0.6049365361531576,0.5980682373046875,0.5894828160603841,0.5817559560139974,0.6049365361531576,0.5997852961222331,0.5937754948933919,0.5869071960449219,0.8127010769314236,0.8325428715458623,0.8554372151692708,0.8859631008572049,0.9103837189850984,0.8874893753616898,0.9164889300311052,0.9317518446180556,0.9424358791775174,0.8920682553891782,0.9210678100585936,0.9348043936270256,0.9424358791775174,0.8905419243706597,0.9180152045355904,0.928699239095052,0.9348043936270256,0.8890156498661748,0.9073311699761284,0.9180152045355904,0.9225940845630788,0.4859549105167389,0.4986282289028168,0.5063081383705139,0.5106044411659241,0.4778178632259369,0.4716906249523163,0.4649128317832947,0.5205324292182922,0.4576996862888336,0.5006535053253174,0.47485455870628357,0.574120283126831,0.413274347782135,0.5974352359771729,0.3901517689228058,0.6002982258796692,0.3889804780483246,0.6033090949058533,0.38731175661087036,0.5906378626823425,0.3996105194091797,0.5856629014015198,0.40684035420417786,0.5436865091323853,0.44357380270957947,0.5467402935028076,0.43802404403686523,0.5355587601661682,0.42976677417755127,0.5360721945762634,0.42892205715179443,0.514482855796814,0.4447457492351532,0.1999782770872116,0.1771867722272873,0.1782849282026291,0.1793319433927536,0.1769072562456131,0.17765457928180695,0.17827355861663818,0.19829177856445312,0.19666892290115356,0.2335415631532669,0.22950780391693115,0.37740540504455566,0.3863096535205841,0.6047056913375854,0.6137591600418091,0.8061608672142029,0.8163352012634277,0.8727529644966125,0.8827785849571228,0.8732712268829346,0.8780730366706848,0.8528238534927368,0.8571482300758362,0.8544394969940186,0.8555628657341003,1.1948896646499634,1.146128535270691,1.4882773160934448,1.4746936559677124,1.520003318786621,1.5164445638656616,1.6009324789047241,1.5876779556274414
0.3842109044392903,0.3962251345316569,0.4065230369567871,0.4099556922912598,0.4142464955647786,0.3936506589253744,0.4005159378051758,0.4056648890177409,0.410813840230306,0.3859272003173828,0.3945088068644206,0.401374085744222,0.4082393646240234,0.3833527247111002,0.3910761833190918,0.3979414621988932,0.4048067410786947,0.3816363970438639,0.3876435279846191,0.3936506589253744,0.3996577580769856,0.8188968234592013,0.8387298583984375,0.8600884896737558,0.8890752156575521,0.911959499782986,0.895177714029948,0.9226387871636283,0.9378949765805844,0.9500999168113424,0.8982289067021123,0.9256900363498264,0.9394206294307004,0.9516255696614584,0.8967033103660301,0.9211131908275464,0.9333181310583044,0.9424718221028646,0.895177714029948,0.911959499782986,0.9211131908275464,0.9287412855360244,0.5987508773803711,0.589311154683431,0.5798713684082031,0.5772968928019205,0.574722417195638,0.5944601058959961,0.589311154683431,0.5824458440144856,0.5764387130737305,0.6021835327148437,0.5953182220458985,0.5867366154988607,0.5781550725301107,0.6047580083211263,0.597892697652181,0.589311154683431,0.5824458440144856,0.6056161880493164,0.6004671732584635,0.5936019261678059,0.5875947952270508,0.8127943250868056,0.8326273600260417,0.8555116441514757,0.884498370135272,0.908908250596788,0.8875496193214699,0.9165363453052662,0.9317925347222222,0.9424718221028646,0.8906008119936343,0.9211131908275464,0.9348437273943866,0.9424718221028646,0.8906008119936343,0.9165363453052662,0.9287412855360244,0.9348437273943866,0.8890752156575521,0.907382654260706,0.9165363453052662,0.9241644400137442,0.48578837513923645,0.4984995424747467,0.5062797665596008,0.5105862021446228,0.4777652323246002,0.4716709554195404,0.4649096131324768,0.5204386711120605,0.45773133635520935,0.500480592250824,0.47483786940574646,0.5741146802902222,0.4133313000202179,0.5974295139312744,0.3901441693305969,0.6002936959266663,0.38897496461868286,0.603306233882904,0.3873230218887329,0.5906360149383545,0.3996366858482361,0.5856615900993347,0.40686848759651184,0.5435978174209595,0.443569153547287,0.5467652678489685,0.4379381835460663,0.5356141924858093,0.42982620000839233,0.5361586809158325,0.42896658182144165,0.5142787098884583,0.4450427293777466,0.2001013457775116,0.1772390902042389,0.17829418182373047,0.17933031916618347,0.17712007462978363,0.17782968282699585,0.17842967808246613,0.19827993214130402,0.19665572047233582,0.23353908956050873,0.22950752079486847,0.377448171377182,0.3862510919570923,0.6044066548347473,0.6137338280677795,0.8059930205345154,0.8163447380065918,0.872572124004364,0.8827896118164062,0.8732011318206787,0.8780775666236877,0.8528013229370117,0.8571103811264038,0.8542407155036926,0.8554721474647522,1.1946748495101929,1.1458128690719604,1.4878987073898315,1.474259614944458,1.5196386575698853,1.5159765481948853,1.600471019744873,1.5870963335037231
0.3842127799987793,0.3962262789408365,0.4065235455830892,0.4099559783935547,0.4142464955647786,0.3936519622802734,0.4005167961120605,0.4056654294331868,0.4108140627543131,0.3867870966593424,0.3945100466410319,0.4013749122619628,0.40823974609375,0.3833546956380208,0.3902195294698079,0.3979424794514974,0.403949228922526,0.3816384633382161,0.3876452128092448,0.3936519622802734,0.3996587117513021,0.8188401963975694,0.8386719315140335,0.8615548027886285,0.8890141805013021,0.9118969952618634,0.895116283275463,0.9225756609881366,0.9378308331524884,0.9500350387008102,0.8981673064055267,0.9256266841182004,0.939356372974537,0.9515605785228588,0.896641766583478,0.921050121166088,0.9332542702003762,0.9424073961046008,0.895116283275463,0.9118969952618634,0.921050121166088,0.928677707248264,0.5987392425537109,0.5884419759114583,0.5798609415690105,0.5772865931193034,0.5747123082478841,0.5944487253824869,0.5893000920613607,0.5824352264404297,0.5755704243977865,0.6021717071533204,0.5953068415323893,0.5867258071899414,0.5781447092692057,0.6047459920247396,0.5978811264038086,0.5893000920613607,0.5824352264404297,0.6047459920247396,0.5995973587036133,0.5935906092325847,0.587583859761556,0.8142636334454572,0.8340953685619213,0.8569782398365162,0.8859631008572049,0.9088459721317996,0.8874886406792535,0.9164735582139756,0.9317287868923612,0.9424073961046008,0.8920652036313658,0.921050121166088,0.9347798100224248,0.9424073961046008,0.8920652036313658,0.9179990980360244,0.928677707248264,0.9363053498444732,0.8890141805013021,0.9088459721317996,0.9179990980360244,0.9241011442961516,0.4856882095336914,0.49836936593055725,0.5062428712844849,0.5105562806129456,0.47767266631126404,0.4716070592403412,0.4648698568344116,0.5202553868293762,0.45773792266845703,0.5004019141197205,0.47483545541763306,0.5741075873374939,0.4133903682231903,0.5974271297454834,0.39004480838775635,0.6002809405326843,0.3889409899711609,0.6032903790473938,0.38732922077178955,0.5906247496604919,0.39965829253196716,0.5856572985649109,0.40688905119895935,0.5435211062431335,0.4435403645038605,0.5468320250511169,0.4379844069480896,0.5356554388999939,0.429876446723938,0.5362197756767273,0.4290115535259247,0.5142807960510254,0.44512495398521423,0.20028257369995117,0.17730773985385895,0.17830170691013336,0.179320827126503,0.17742618918418884,0.17811015248298645,0.1787281036376953,0.19816038012504578,0.19665323197841644,0.23354075849056244,0.22956065833568573,0.3774771988391876,0.3862118422985077,0.604318380355835,0.6137324571609497,0.8059675693511963,0.8163530230522156,0.8725632429122925,0.882811427116394,0.8732042908668518,0.8780730962753296,0.8528340458869934,0.8570408821105957,0.8540924191474915,0.8553979992866516,1.1949654817581177,1.145686388015747,1.4881560802459717,1.474216341972351,1.5197327136993408,1.516027808189392,1.600791335105896,1.586532711982727
0.3842456817626953,0.3954003016153971,0.4065549214680989,0.4099870999654134,0.4142773628234863,0.3936841964721679,0.4005485852559408,0.4056968688964844,0.4108451525370279,0.3859617551167806,0.3945422490437825,0.4014066378275553,0.4082710266113281,0.3833876291910807,0.3911100387573242,0.397974427541097,0.4048388163248698,0.3816715240478515,0.3876778602600098,0.3936841964721679,0.3996905326843262,0.8189079567238137,0.8387383920175058,0.8600942541051794,0.8890772501627604,0.911958482530382,0.8951789008246528,0.9226364135742188,0.937890625,0.9500939263237848,0.8982297544126158,0.9256872671621816,0.9394160517939816,0.9516193531177662,0.8967043276186343,0.9211110432942708,0.9333143446180556,0.9424668488679108,0.8951789008246528,0.911958482530382,0.9211110432942708,0.9287381207501448,0.5987576802571615,0.5884610493977864,0.5798805872599284,0.5773064295450846,0.5747323354085286,0.5944674173990886,0.5893191019694011,0.5824547449747721,0.5755903879801433,0.6021898269653321,0.5953254699707031,0.5858869552612305,0.5781644821166992,0.6047639846801758,0.5978996276855468,0.5893191019694011,0.5815966924031576,0.6056220372517903,0.599615732828776,0.593609364827474,0.586745007832845,0.8128063060619213,0.8341621681495949,0.85704345703125,0.8860263965747974,0.9089076854564524,0.8875518233687789,0.9165347629123264,0.931788917824074,0.9424668488679108,0.8906026204427083,0.9211110432942708,0.934839771412037,0.9424668488679108,0.8906026204427083,0.918060189706308,0.9287381207501448,0.934839771412037,0.8890772501627604,0.907382258662471,0.918060189706308,0.9241618403682004,0.4856114983558655,0.49828866124153137,0.506219744682312,0.510538637638092,0.4776207208633423,0.47156843543052673,0.4648507833480835,0.5201489329338074,0.457746297121048,0.5003421306610107,0.47482791543006897,0.5740954279899597,0.4134167730808258,0.5974252223968506,0.38997161388397217,0.6002748608589172,0.3889239728450775,0.6032872796058655,0.3873346149921417,0.5906220078468323,0.39966264367103577,0.5856553912162781,0.40690040588378906,0.5434618592262268,0.44350162148475647,0.5468408465385437,0.4380207061767578,0.5356914401054382,0.42990240454673767,0.5362663865089417,0.4291677176952362,0.5142654180526733,0.44501522183418274,0.2004135102033615,0.17734263837337494,0.1783066838979721,0.17931436002254486,0.17760500311851501,0.17827674746513367,0.17892488837242126,0.1980290412902832,0.19666430354118347,0.2335372120141983,0.22960038483142853,0.37750861048698425,0.386189341545105,0.6038826107978821,0.6136883497238159,0.8057768940925598,0.816356897354126,0.8723167777061462,0.8828237056732178,0.8731433153152466,0.8780555129051208,0.8528131246566772,0.8569555878639221,0.8537881374359131,0.8552079796791077,1.1949236392974854,1.1453295946121216,1.4881728887557983,1.4739738702774048,1.5198861360549927,1.5158092975616455,1.6008012294769287,1.58598792552948
0.3842371622721354,0.3953905741373698,0.4065439542134603,0.409975783030192,0.4142655372619629,0.3936746597290039,0.4005382855733235,0.4056859970092773,0.410833740234375,0.3868110338846842,0.3945326169331868,0.4013962427775065,0.4082598686218261,0.3833792050679525,0.3911007881164551,0.3979644139607747,0.4048280398050944,0.3816632906595866,0.3876689910888672,0.3936746597290039,0.3996803283691406,0.8188943368417245,0.8387226246021412,0.8600761131004051,0.8890558878580729,0.9119346901222511,0.8951569168655961,0.9226114343713832,0.9378639503761574,0.9500658953631366,0.8982074313693577,0.9256619488751446,0.9393892076280382,0.9515912091290508,0.8966821741174769,0.9210861771195024,0.933288178620515,0.9424396656177662,0.8951569168655961,0.9119346901222511,0.9210861771195024,0.9287124068648728,0.5987255732218425,0.5884301503499348,0.5798506418863932,0.5772767384847005,0.5747028986612955,0.5944358189900716,0.589288075764974,0.5824244817097982,0.5755608240763347,0.6021574020385743,0.5952938079833985,0.58585631052653,0.5781347274780273,0.6047312418619791,0.5978676478068033,0.589288075764974,0.5815664927164713,0.6047312418619791,0.5995835622151693,0.5935778935750325,0.586714235941569,0.8127933643482349,0.8341468528464988,0.8570255985966435,0.8860053733543113,0.9088841756184896,0.8875306306061921,0.91651040536386,0.9317629213686344,0.9424396656177662,0.8921064023618345,0.9210861771195024,0.9348134358723958,0.9424396656177662,0.8921064023618345,0.9180356626157408,0.9287124068648728,0.9363386931242766,0.8905811451099537,0.9088841756184896,0.9180356626157408,0.9241366916232638,0.4855198264122009,0.4981747269630432,0.5061746835708618,0.510507345199585,0.4775552451610565,0.47152674198150635,0.46483269333839417,0.5200210213661194,0.4577541649341583,0.5002341270446777,0.4748048484325409,0.5740883350372314,0.4134276509284973,0.5974225997924805,0.3898947834968567,0.6002681255340576,0.3889106810092926,0.6032587885856628,0.387338787317276,0.5906022787094116,0.3997010588645935,0.5856441855430603,0.4069683253765106,0.5433856844902039,0.44343405961990356,0.5468120574951172,0.4380447268486023,0.5357228517532349,0.430009663105011,0.5363231897354126,0.42926540970802307,0.5143405795097351,0.44572722911834717,0.20046064257621765,0.17735236883163452,0.1783050149679184,0.17928729951381683,0.17769546806812286,0.17835433781147003,0.17901794612407684,0.1978207379579544,0.19666069746017456,0.23350711166858673,0.22960306704044342,0.3775223195552826,0.3861546814441681,0.6037617921829224,0.6136636137962341,0.8057634830474854,0.8163458108901978,0.8723466396331787,0.8828362822532654,0.8732298016548157,0.8780214786529541,0.8529295325279236,0.8568321466445923,0.8537585735321045,0.8551292419433594,1.1947568655014038,1.1452312469482422,1.4880273342132568,1.4738649129867554,1.5197430849075317,1.515663504600525,1.6006722450256348,1.5857222080230713
0.3842504501342773,0.3954032897949219,0.4065561612447103,0.4099877993265787,0.4142773628234863,0.3936874707539876,0.4005507787068685,0.4056982358296712,0.4108457247416178,0.3868241945902506,0.3945453961690267,0.4014086723327636,0.4082719802856445,0.3833925247192383,0.3911137262980143,0.3979770342508952,0.404840342203776,0.381676705678304,0.3876820882161458,0.3936874707539876,0.3996928532918294,0.818845452202691,0.8386727792245371,0.8600252504701967,0.8890036123770254,0.9118812843605324,0.8951043023003472,0.9225575199833622,0.9378093013057004,0.9500107376663772,0.8981547037760417,0.9256078649450232,0.9393344455295138,0.9515358253761574,0.8966295030381944,0.9210323192455152,0.9332337556061922,0.9423847904911749,0.8951043023003472,0.9118812843605324,0.9210323192455152,0.928658209906684,0.5987284342447917,0.5884335199991862,0.5798543930053711,0.5772806803385416,0.5738489786783855,0.5944388707478842,0.5892914454142253,0.5824281056722005,0.5755648295084635,0.6021601359049479,0.5952967961629232,0.5858598073323568,0.5781385421752929,0.6047338485717774,0.5978705724080403,0.5892914454142253,0.5815702438354492,0.6055917739868164,0.5995863596598308,0.5935810089111329,0.5867176691691081,0.8127447622793692,0.834097233525029,0.8569749055085358,0.8859532674153646,0.9088309393988716,0.8890036123770254,0.9164568300600404,0.9317085548683448,0.9423847904911749,0.8920539573386863,0.9225575199833622,0.9347588998300058,0.9423847904911749,0.8920539573386863,0.9179819742838542,0.928658209906684,0.9347588998300058,0.8905288131148726,0.9088309393988716,0.9179819742838542,0.924082664207176,0.4854315221309662,0.49812406301498413,0.5061604976654053,0.5104950070381165,0.4774811863899231,0.47146257758140564,0.4647851288318634,0.5199679136276245,0.4577614367008209,0.5002202987670898,0.4747915267944336,0.5740841627120972,0.4134373664855957,0.5974195599555969,0.38980111479759216,0.6002528071403503,0.38889217376708984,0.6032540202140808,0.38733893632888794,0.5905997157096863,0.39972057938575745,0.5856451392173767,0.40701064467430115,0.5433257818222046,0.4434116780757904,0.5465466976165771,0.43804338574409485,0.5355888605117798,0.429994136095047,0.536179780960083,0.4292365312576294,0.5143049955368042,0.4457554519176483,0.20052854716777802,0.17735838890075684,0.1783013790845871,0.1792580932378769,0.1778346300125122,0.17851261794567108,0.179244726896286,0.19770479202270508,0.19672134518623352,0.2335195690393448,0.22969280183315277,0.37755468487739563,0.3861439526081085,0.6037024259567261,0.6137087941169739,0.8057317733764648,0.8163425326347351,0.8723166584968567,0.8828471899032593,0.8732343912124634,0.8779681324958801,0.8529532551765442,0.8566228151321411,0.85342937707901,0.8548664450645447,1.194449782371521,1.144608497619629,1.4879523515701294,1.4737484455108643,1.5197676420211792,1.5155260562896729,1.600521445274353,1.5854451656341553
0.3841945648193359,0.395347531636556,0.4065004666646322,0.4099321683247884,0.4142217636108398,0.3936316808064778,0.4004950523376465,0.4056425730387369,0.4107900937398275,0.3867683410644531,0.3944896062215169,0.4013529777526855,0.4082163174947102,0.3833366711934408,0.3902000109354654,0.3979212760925293,0.4047846476236979,0.3816208203633626,0.3876262664794921,0.3936316808064778,0.3996371269226074,0.8188314367223669,0.8371337325484665,0.860011574074074,0.8889901620370371,0.9118680035626446,0.8950909084743923,0.9225443522135416,0.9377962465639468,0.9499977394386574,0.8981413099500868,0.9255947536892362,0.939321447301794,0.9515229401765046,0.8981413099500868,0.9225443522135416,0.9332207008644386,0.9423717922634548,0.8950909084743923,0.9118680035626446,0.9225443522135416,0.9301702993887442,0.5986743927001953,0.5892372767130534,0.5798001607259115,0.5772264480590821,0.5746526718139648,0.5943848292032877,0.5892372767130534,0.5823739369710287,0.5755105972290039,0.6021060943603516,0.5952427546183269,0.5858056386311848,0.5780843734741211,0.6046798706054688,0.5978164672851562,0.5892372767130534,0.5823739369710287,0.6055377960205078,0.6003902435302735,0.5935269037882487,0.586663564046224,0.8127306902850115,0.8325581303349248,0.8569611725983797,0.8859398170753762,0.9088176586009838,0.8874649612991898,0.9164436057761864,0.9316955001265914,0.9423717922634548,0.8920405635127315,0.9210191514756944,0.9347458450882524,0.9423717922634548,0.8920405635127315,0.9179688065140336,0.928645098650897,0.9347458450882524,0.8889901620370371,0.9072924578631366,0.9179688065140336,0.9240695529513888,0.48533251881599426,0.49807530641555786,0.5061440467834473,0.5104869604110718,0.47738775610923767,0.471376895904541,0.46471670269966125,0.5199483633041382,0.4577665627002716,0.500201940536499,0.4747582972049713,0.5740797519683838,0.4134470224380493,0.5974169373512268,0.38972586393356323,0.6002206206321716,0.38888561725616455,0.6032405495643616,0.38734209537506104,0.5905920267105103,0.3997442424297333,0.5856426954269409,0.40706533193588257,0.5433173775672913,0.44336435198783875,0.5464584827423096,0.4379816949367523,0.5356048941612244,0.43003615736961365,0.5361953377723694,0.4293266534805298,0.514229953289032,0.4458544850349426,0.20063480734825134,0.17738987505435944,0.17831435799598694,0.1792571246623993,0.17794734239578247,0.17861981689929962,0.17938676476478577,0.19769391417503357,0.19674237072467804,0.23355089128017426,0.22977331280708313,0.37756654620170593,0.3861320912837982,0.6036524176597595,0.6137609481811523,0.805688202381134,0.8163443207740784,0.8722378611564636,0.8828562498092651,0.8732234239578247,0.8779432773590088,0.8529515266418457,0.8565068244934082,0.8530873656272888,0.8545585870742798,1.1934623718261719,1.1446322202682495,1.4878989458084106,1.4736168384552002,1.5197043418884277,1.5154013633728027,1.6003910303115845,1.5853843688964844
0.3841804186503092,0.3953358968098958,0.4064913431803385,0.4099238077799479,0.4142143567403157,0.3936196645100911,0.400484561920166,0.4056332270304362,0.4107819239298502,0.3867547671000163,0.3944777806599935,0.4013426780700683,0.4082075754801432,0.3833223025004069,0.3910453160603841,0.3979102134704589,0.4047751108805338,0.3816060702006022,0.3876128832499186,0.3936196645100911,0.3996264457702637,0.8188257288049768,0.8371321501555267,0.8600151344581887,0.8890002780490451,0.9118833188657408,0.8951024373372396,0.9225620411060474,0.9378173828125,0.9500215883608216,0.8981535169813368,0.9256131207501448,0.9393429226345488,0.9515471281828703,0.8966279771592882,0.9210365012839988,0.9332407633463542,0.9423939457646122,0.8951024373372396,0.9118833188657408,0.9210365012839988,0.9286641438802083,0.5987085978190104,0.5884112040201823,0.5798301060994466,0.5772557576497396,0.5738232930501302,0.5944180170694987,0.5892693201700846,0.5824044545491537,0.5755395253499349,0.6021410624186198,0.5952761332194011,0.585836919148763,0.578113873799642,0.6047153472900391,0.597850481669108,0.5892693201700846,0.5815463383992513,0.6055734634399415,0.5995667139689128,0.5935599009195963,0.5866950352986654,0.8127236260308159,0.8325555306893808,0.8569640548140914,0.8859491984049479,0.9088322392216436,0.8874747382269965,0.916459881817853,0.9317152235243056,0.9423939457646122,0.8920513576931424,0.9210365012839988,0.9347663031684028,0.9423939457646122,0.8920513576931424,0.9179854216399016,0.9286641438802083,0.9362918429904514,0.8890002780490451,0.907306699399595,0.9179854216399016,0.924087580928096,0.4852672517299652,0.49802425503730774,0.5061227679252625,0.510481059551239,0.47729605436325073,0.4712996482849121,0.4646572172641754,0.5199249982833862,0.457770973443985,0.5001795887947083,0.4747498333454132,0.5740723013877869,0.4134526550769806,0.5974158644676208,0.38965335488319397,0.6001920700073242,0.38887691497802734,0.6032282114028931,0.38735154271125793,0.5905848145484924,0.39975056052207947,0.5856409668922424,0.4070722758769989,0.543307900428772,0.44334539771080017,0.5463934540748596,0.4379926919937134,0.535792350769043,0.43021145462989807,0.5366883873939514,0.4295389950275421,0.5142583250999451,0.44611281156539917,0.20087683200836182,0.17745564877986908,0.17834416031837463,0.17926335334777832,0.17814937233924866,0.17883093655109406,0.17967619001865387,0.19768117368221283,0.19683837890625,0.23364892601966858,0.230043426156044,0.3775778114795685,0.3861217498779297,0.6035414934158325,0.613796591758728,0.8054524660110474,0.8163048624992371,0.8720162510871887,0.8828624486923218,0.8731150031089783,0.8778831362724304,0.8528539538383484,0.8563106656074524,0.8530129194259644,0.8544976115226746,1.193362832069397,1.14511239528656,1.4878342151641846,1.4736402034759521,1.5196456909179688,1.5153088569641113,1.6003515720367432,1.58568274974823
0.3841124852498372,0.3961275736490885,0.4064262390136718,0.4098591168721517,0.4141502380371094,0.3944111188252767,0.4004186948140462,0.405567995707194,0.4107173283894856,0.386687151590983,0.3944111188252767,0.4012769063313802,0.4081426620483398,0.3832542419433594,0.3909782409667969,0.3978440284729004,0.40470978418986,0.3815378189086914,0.387545363108317,0.3935529073079427,0.3995604515075683,0.818826350459346,0.837135088885272,0.8600209554036459,0.889009772406684,0.9118956954390914,0.8951127228913484,0.9225757740162036,0.9378330371997976,0.9500388816550924,0.898164141619647,0.925627249258536,0.9393588030779804,0.9515646475332754,0.8966384322554977,0.9210500646520544,0.9332559091073496,0.942410221806279,0.8951127228913484,0.9118956954390914,0.9210500646520544,0.928678724500868,0.5986678441365559,0.5892274220784505,0.579787000020345,0.5772123336791992,0.5737794240315756,0.5943767547607421,0.5892274220784505,0.5823616663614909,0.5754959106445312,0.6021007537841797,0.59523499806722,0.5857945124308268,0.5780705134073894,0.6046754201253255,0.5978096644083659,0.5892274220784505,0.5823616663614909,0.6055336634318034,0.6003843307495117,0.5935185114542644,0.5875109990437826,0.8127234564887152,0.8340836136429398,0.8569695366753473,0.8859583536783854,0.9088442201967591,0.8874840630425347,0.9164728800455728,0.9317301432291668,0.942410221806279,0.8920612476490162,0.9210500646520544,0.9347816184714988,0.942410221806279,0.8920612476490162,0.9179985894097222,0.928678724500868,0.9363073278356482,0.889009772406684,0.90731851083261,0.9179985894097222,0.9241015398943866,0.48523300886154175,0.49798640608787537,0.5061070919036865,0.5104758143424988,0.4772171676158905,0.4712200164794922,0.46458664536476135,0.5198789238929749,0.45777466893196106,0.5001646876335144,0.47474661469459534,0.5740427374839783,0.41343939304351807,0.5974132418632507,0.3895959258079529,0.60016268491745,0.3888700306415558,0.603224515914917,0.3873542547225952,0.590568482875824,0.39976465702056885,0.5856310725212097,0.40710076689720154,0.5432968735694885,0.4433325231075287,0.546398937702179,0.4380754232406616,0.5358816385269165,0.4310280680656433,0.5367851853370667,0.4306863248348236,0.5145304799079895,0.4463271200656891,0.20106849074363708,0.17751792073249817,0.17837154865264893,0.1792675405740738,0.17833667993545532,0.17903059720993042,0.17994357645511627,0.19766993820667267,0.19693848490715027,0.233739972114563,0.23026534914970398,0.37758755683898926,0.3861142694950104,0.6032934784889221,0.6138020753860474,0.8052427768707275,0.8162590861320496,0.871802568435669,0.8828681707382202,0.8730629682540894,0.8778207898139954,0.8528186082839966,0.8561274409294128,0.8528226017951965,0.8544452786445618,1.1932405233383179,1.145233392715454,1.487778902053833,1.4736582040786743,1.5196058750152588,1.5152812004089355,1.600373387336731,1.585896611213684
0.3840821266174316,0.3960954666137695,0.4063926060994466,0.4098250071207682,0.4141154925028483,0.3935211817423502,0.4003859519958496,0.4055345217386881,0.4106830914815267,0.3866564114888509,0.3943792661031087,0.401244036356608,0.4081088066101074,0.3832240422566731,0.3900888125101725,0.3978116671244303,0.4046764373779297,0.3815078417460124,0.3875144958496094,0.3935211817423502,0.3995278358459472,0.8189011185257523,0.8387326841001157,0.8600897329824942,0.8890743114330151,0.9119568436234086,0.8951763011791088,0.9226353963216146,0.9378903989438656,0.9500944914641204,0.8982273243091724,0.9256863629376448,0.9394159387659144,0.951619918258102,0.8967018410011575,0.921109856499566,0.933313892505787,0.9424669053819444,0.8936508178710938,0.9119568436234086,0.921109856499566,0.9287373860677084,0.5986060460408529,0.5891670227050781,0.5797279357910157,0.5771536509195964,0.5737213134765625,0.5943155924479167,0.5891670227050781,0.5823022842407226,0.5754374821980794,0.6020384470621745,0.595173708597819,0.5865927378336588,0.5780117670694987,0.6046127319335938,0.5977479934692382,0.5891670227050781,0.5823022842407226,0.605470848083496,0.6003222783406575,0.5934574762980144,0.5874508539835612,0.8127991287796585,0.832630694354022,0.8570387098524306,0.8860232883029514,0.9089058204933448,0.8875487716109665,0.9165333500614872,0.931788409197772,0.9424669053819444,0.8905997947410301,0.921109856499566,0.9348394323278356,0.9424669053819444,0.8905997947410301,0.9165333500614872,0.9272119027596932,0.9348394323278356,0.8890743114330151,0.9073803371853298,0.9165333500614872,0.9226353963216146,0.4852074086666107,0.4979693293571472,0.5061032176017761,0.5104736089706421,0.47713759541511536,0.47114506363868713,0.46452999114990234,0.5198670625686646,0.45777931809425354,0.5001529455184937,0.4747433066368103,0.5740394592285156,0.41344398260116577,0.5974147319793701,0.38947245478630066,0.600155770778656,0.38881319761276245,0.6032094955444336,0.3873459994792938,0.5905551314353943,0.39976805448532104,0.5856246948242188,0.40711072087287903,0.5432764291763306,0.4433278441429138,0.546367883682251,0.43808361887931824,0.5359157919883728,0.4310445785522461,0.537013590335846,0.4306945204734802,0.5140877366065979,0.4463441073894501,0.20120184123516083,0.17754650115966797,0.17838121950626373,0.17926561832427979,0.17848452925682068,0.17919927835464478,0.18019090592861176,0.19764122366905212,0.19706812500953674,0.23381653428077698,0.23052167892456055,0.3775980770587921,0.38606616854667664,0.6032757759094238,0.613772988319397,0.805191159248352,0.8162727952003479,0.8717906475067139,0.8828993439674377,0.8730577826499939,0.8778177499771118,0.8528187274932861,0.8561134934425354,0.8527494072914124,0.8543986678123474,1.1931743621826172,1.1452165842056274,1.48838210105896,1.4737619161605835,1.5200775861740112,1.5153846740722656,1.601897120475769,1.5862194299697876
0.384075387318929,0.3952300707499186,0.4063847541809082,0.4098169644673665,0.4141072273254395,0.3935139656066894,0.4003783861796061,0.4055267016092936,0.4106750170389811,0.3866495450337728,0.394372018178304,0.4012364387512207,0.4081008593241373,0.3823592821756998,0.3900817553202311,0.3978042284647624,0.4038105964660644,0.3815012296040853,0.3875075976053874,0.3935139656066894,0.3995203336079915,0.8188846164279514,0.8371897379557292,0.8600711398654514,0.8890542489510995,0.9119356508608216,0.8951559561270255,0.9226136384186922,0.9378679063585068,0.9500713207103588,0.8982068097149885,0.9256644920066552,0.9393933331524884,0.9515967475043404,0.896681382921007,0.9210882116247108,0.9332916259765623,0.9424441867404514,0.8951559561270255,0.9119356508608216,0.9210882116247108,0.928715345594618,0.5985885620117187,0.5891499837239583,0.5797114054361979,0.5771372477213542,0.5745630900065104,0.5942982991536458,0.5891499837239583,0.5822855631510416,0.575421142578125,0.6020207722981771,0.5951563517252604,0.5865758260091146,0.5779953002929688,0.6045949300130208,0.5977305094401042,0.5891499837239583,0.5822855631510416,0.6054529825846354,0.6003046671549479,0.5934402465820312,0.5874338785807292,0.8127829092520255,0.8326134575737847,0.8570202862774884,0.8860033953631365,0.9088847972728588,0.887528822157118,0.9165119312427662,0.931766199182581,0.9424441867404514,0.890579675745081,0.9210882116247108,0.934817052770544,0.9424441867404514,0.890579675745081,0.9165119312427662,0.928715345594618,0.934817052770544,0.8890542489510995,0.9073593704788772,0.9165119312427662,0.9226136384186922,0.48516982793807983,0.49794283509254456,0.5060936212539673,0.5104698538780212,0.47709089517593384,0.4711065888404846,0.46450141072273254,0.5198585391044617,0.4577835202217102,0.5001428723335266,0.47474047541618347,0.5740353465080261,0.41344889998435974,0.5974215269088745,0.3893902003765106,0.6001489162445068,0.3887772560119629,0.6032046675682068,0.38735124468803406,0.5905439853668213,0.39977261424064636,0.5856161117553711,0.4071110785007477,0.5432469248771667,0.44329944252967834,0.5462449789047241,0.4377196133136749,0.5359259247779846,0.430620402097702,0.5371720194816589,0.43011412024497986,0.5138405561447144,0.44619834423065186,0.20129477977752686,0.1775897592306137,0.17840541899204254,0.1792706847190857,0.1785959154367447,0.17931579053401947,0.18034479022026062,0.19763146340847015,0.19712643325328827,0.2338777333498001,0.2306184470653534,0.3776368200778961,0.38605716824531555,0.6032642722129822,0.6137644648551941,0.8051733374595642,0.8162837624549866,0.8718251585960388,0.8829113841056824,0.8731349110603333,0.8778086304664612,0.8529263138771057,0.856086015701294,0.8526681661605835,0.8543415069580078,1.1934292316436768,1.14552903175354,1.4887645244598389,1.4738696813583374,1.5203760862350464,1.5154236555099487,1.6019774675369263,1.5861587524414062
0.384064769744873,0.3952212333679199,0.4063777287801107,0.409810479482015,0.4149596214294433,0.3943630536397298,0.4003703753153483,0.4055195172627767,0.410668659210205,0.3866393407185872,0.3943630536397298,0.4012285868326823,0.4080940882364909,0.3832065900166829,0.3909303029378255,0.3977958043416341,0.4046613375345866,0.3814901987711588,0.3874975522359212,0.3935048739115397,0.3995121955871582,0.8188169691297743,0.8386506822374132,0.8600101047092014,0.8889978479456019,0.9118829232675058,0.8951005158600984,0.9225626062463832,0.9378193042896412,0.9500246401186344,0.8981518780743635,0.925613968460648,0.939344957139757,0.9515504059968172,0.8966262252242477,0.9210369533962672,0.9332422892252604,0.942396319354022,0.8951005158600984,0.9118829232675058,0.9210369533962672,0.9286652741608796,0.5986122131347656,0.5891721725463868,0.57973206837972,0.577157465616862,0.5745829264322917,0.5943213144938151,0.5891721725463868,0.5823066075642903,0.5754411061604817,0.6020449956258138,0.5951794942220052,0.5865975697835286,0.5780157089233399,0.6046195348103841,0.5977540334065755,0.5891721725463868,0.5823066075642903,0.605477778116862,0.6003286361694335,0.5934630711873372,0.5874557495117188,0.8127143012152778,0.8325480143229167,0.8569587424949363,0.8859464857313368,0.9088315610532408,0.8874721950954861,0.9164599383318864,0.9317166363751448,0.9408706665039064,0.8920492101598669,0.9210369533962672,0.9332422892252604,0.942396319354022,0.8905235007957176,0.9164599383318864,0.927139621310764,0.9347679985894096,0.8889978479456019,0.907305908203125,0.9164599383318864,0.9225626062463832,0.4851425886154175,0.4979277551174164,0.5060883164405823,0.5104678273200989,0.47706377506256104,0.4710850119590759,0.4644872844219208,0.5198494791984558,0.4577884078025818,0.5001253485679626,0.47473424673080444,0.5740216374397278,0.4134376347064972,0.5974239110946655,0.3893083333969116,0.6001434922218323,0.38876089453697205,0.6032008528709412,0.3873482644557953,0.5905258655548096,0.39977243542671204,0.5855992436408997,0.4071168005466461,0.5431935787200928,0.4432648718357086,0.5462457537651062,0.43738874793052673,0.5361174941062927,0.43012115359306335,0.5375951528549194,0.4296068251132965,0.5138311982154846,0.44538721442222595,0.20138007402420044,0.17761953175067902,0.1784224808216095,0.179275244474411,0.17865802347660065,0.17937684059143066,0.18041880428791046,0.1976230889558792,0.1971392184495926,0.23396213352680206,0.2307211011648178,0.37764427065849304,0.3860175311565399,0.6032602190971375,0.6137635707855225,0.8051584959030151,0.8163037896156311,0.8718156814575195,0.8829283118247986,0.8731687664985657,0.8778055310249329,0.8530166149139404,0.8560728430747986,0.8525869846343994,0.8542877435684204,1.1937514543533325,1.1456453800201416,1.4892677068710327,1.4738447666168213,1.52091383934021,1.5154001712799072,1.6022320985794067,1.5859533548355103
0.3841194788614909,0.3952723503112793,0.4064252217610677,0.4098568598429362,0.4141464233398437,0.3944144248962402,0.4004198392232259,0.4055672963460286,0.4107147852579753,0.3866932233174642,0.3944144248962402,0.4012777328491211,0.4072831153869629,0.3832615852355957,0.3901248613993326,0.3978460947672526,0.4038514773050944,0.3815457344055176,0.3875511487325032,0.393556531270345,0.3995619138081868,0.8188230726453993,0.8371252554434317,0.8600029274269386,0.8889812893337674,0.9118589613172744,0.8950819792570891,0.9225351969401042,0.9377869782624422,0.9499884711371528,0.8981323807327836,0.925585541901765,0.9393121790002894,0.9515135588469328,0.8966071799949363,0.9210100527162906,0.933211432562934,0.9423625239619502,0.8950819792570891,0.9118589613172744,0.9210100527162906,0.9286359433774596,0.5985976537068685,0.5891606012980143,0.579723612467448,0.5771498362223307,0.5737181981404622,0.5943080902099609,0.5891606012980143,0.5822973251342773,0.5754340489705404,0.602029291788737,0.595166015625,0.5865868886311849,0.5780077616373698,0.6046030680338542,0.5977397282918294,0.5891606012980143,0.5822973251342773,0.6054609934488933,0.6003135045369467,0.5934501647949219,0.587444814046224,0.8127223827220775,0.8325497097439236,0.8569525259512442,0.8859309443721065,0.9088086163556134,0.8874560885959202,0.9164345070167824,0.9316862883391204,0.9423625239619502,0.8905064900716145,0.9210100527162906,0.933211432562934,0.9423625239619502,0.8905064900716145,0.9164345070167824,0.9286359433774596,0.9347366333007812,0.8889812893337674,0.9072834156177662,0.9164345070167824,0.9225351969401042,0.48512691259384155,0.49791327118873596,0.5060847401618958,0.5104662775993347,0.47703906893730164,0.4710576832294464,0.46446800231933594,0.519840657711029,0.45779237151145935,0.5001180171966553,0.4747311472892761,0.5739983320236206,0.4134346544742584,0.5974175930023193,0.3892638087272644,0.6001274585723877,0.3887394666671753,0.6031971573829651,0.38734105229377747,0.5904938578605652,0.39974457025527954,0.5855617523193359,0.40710175037384033,0.5431349277496338,0.4432019889354706,0.5462170839309692,0.43724238872528076,0.5361330509185791,0.42881104350090027,0.5376099944114685,0.4279281795024872,0.5133293271064758,0.4444899260997772,0.2015046626329422,0.17765194177627563,0.17843979597091675,0.17927883565425873,0.17873342335224152,0.179454505443573,0.18051382899284363,0.19761593639850616,0.19717812538146973,0.23409368097782135,0.23087875545024872,0.37767964601516724,0.3859483003616333,0.6032523512840271,0.6137094497680664,0.805075466632843,0.8162365555763245,0.8717973828315735,0.8828712701797485,0.8731680512428284,0.8777147531509399,0.853020191192627,0.8559021949768066,0.8525555729866028,0.8542493581771851,1.1937118768692017,1.1455105543136597,1.489247441291809,1.4738506078720093,1.5208991765975952,1.5154383182525635,1.602202296257019,1.585907220840454
0.3841006596883138,0.3952560424804687,0.4064114252726237,0.4098438580830892,0.4141343752543131,0.3935398419698079,0.400404675801595,0.4055533091227213,0.4107019424438476,0.3866749763488769,0.3943979263305664,0.4012627919514974,0.407269541422526,0.382384459177653,0.3901074091593424,0.3978303591410319,0.4038371086120605,0.3815263430277506,0.3875330924987793,0.3935398419698079,0.3995465596516927,0.818831945348669,0.837138197157118,0.8600210119176794,0.8890059294524016,0.9118888007269964,0.8951080322265625,0.922567409939236,0.9378226386176216,0.9500267876519096,0.8981590553566262,0.9256184895833334,0.93934817843967,0.9515523274739583,0.8966335720486112,0.9210419266312212,0.9332460756655092,0.9423992015697338,0.8935824924045139,0.9118888007269964,0.9210419266312212,0.928669512713397,0.598627217610677,0.5891880671183268,0.5797488530476888,0.5771745681762696,0.5737421035766601,0.5943367004394531,0.5891880671183268,0.5823232014973958,0.5754583358764649,0.6020596186319987,0.5951948165893555,0.5866137186686198,0.5780326843261718,0.6046339670817057,0.5977691014607748,0.5891880671183268,0.5823232014973958,0.6054920832316081,0.5994853337605794,0.5934785842895508,0.5874718348185222,0.8112043027524595,0.8325616342050058,0.8554444489655672,0.885954906322338,0.9088377210828992,0.8874804461443866,0.9164653636791088,0.9317205358434606,0.9423992015697338,0.8905314692744503,0.9210419266312212,0.9332460756655092,0.9423992015697338,0.8905314692744503,0.9164653636791088,0.9271439728913484,0.9347716154875578,0.8890059294524016,0.9073122377748842,0.9164653636791088,0.922567409939236,0.4851146638393402,0.49790534377098083,0.5060819387435913,0.5104647278785706,0.47702503204345703,0.4710504412651062,0.46446189284324646,0.5198326706886292,0.45780280232429504,0.5001087784767151,0.47472861409187317,0.5739864706993103,0.4134323298931122,0.5974218249320984,0.3892403841018677,0.6001214981079102,0.38873231410980225,0.6031930446624756,0.38733622431755066,0.5904848575592041,0.39974460005760193,0.5855520367622375,0.4071055054664612,0.5431222319602966,0.4431934058666229,0.5461223721504211,0.43723419308662415,0.5361344218254089,0.42882731556892395,0.5376281142234802,0.4279685318470001,0.5131561160087585,0.44437840580940247,0.20161555707454681,0.17766506969928741,0.17844684422016144,0.17927898466587067,0.1787850260734558,0.1795174777507782,0.1806042641401291,0.19760970771312714,0.19721972942352295,0.23417234420776367,0.23100663721561432,0.3776938319206238,0.38588204979896545,0.6032093167304993,0.6136101484298706,0.8050510287284851,0.8161938786506653,0.8717873096466064,0.882840633392334,0.8731793165206909,0.8776234984397888,0.8530499935150146,0.8557570576667786,0.8522666096687317,0.8542237877845764,1.1929726600646973,1.1455023288726807,1.4892300367355347,1.473828673362732,1.5208849906921387,1.5154037475585938,1.6024482250213623,1.5858690738677979
0.3840049107869466,0.3951637585957845,0.4063226064046224,0.4106144905090332,0.4149063428243001,0.3943053881327311,0.4003140131632487,0.405464235941569,0.4106144905090332,0.3865800221761067,0.3943053881327311,0.4011723836263021,0.4071809768676758,0.3831465403238932,0.3908719062805176,0.3977388699849447,0.4037474950154622,0.3814297993977865,0.3874383926391601,0.3934470176696777,0.3994556109110514,0.8187847561306424,0.8370967158564815,0.8599867078993055,0.8889806111653645,0.9118706032081888,0.8950846354166667,0.9225525467484086,0.9378125226056134,0.9500204580801505,0.898136619285301,0.9256045306170428,0.9393385145399306,0.9515464500144676,0.8966106273509838,0.9210265548140916,0.933234546802662,0.9423904984085648,0.8950846354166667,0.9118706032081888,0.9210265548140916,0.9286565709997108,0.5985982259114583,0.5891560872395833,0.579714012145996,0.5771389007568359,0.5745637893676758,0.5943063735961914,0.5891560872395833,0.5822891235351563,0.5754221598307292,0.6020317077636719,0.5951647440592448,0.5865809758504231,0.5779972712198893,0.604606819152832,0.5977398554484049,0.5891560872395833,0.5822891235351563,0.6054651896158855,0.5994565963745118,0.5934480031331381,0.5874393463134766,0.8111547964590567,0.8325187400535301,0.8569346675166377,0.8844026353624131,0.9088185628255208,0.8874546192310474,0.91644857901114,0.9317085548683448,0.9408645064742476,0.8905066030996817,0.9210265548140916,0.933234546802662,0.9423904984085648,0.8905066030996817,0.91644857901114,0.92713052255136,0.9347605387369792,0.8889806111653645,0.9072925708912036,0.91644857901114,0.9225525467484086,0.4851013123989105,0.4978955090045929,0.5060791373252869,0.5104645490646362,0.47701647877693176,0.4710349440574646,0.464447945356369,0.5198248624801636,0.45780670642852783,0.5001036524772644,0.4747273325920105,0.5739721059799194,0.41342291235923767,0.5974234342575073,0.38922181725502014,0.6001160144805908,0.38872796297073364,0.6031903028488159,0.3873368203639984,0.5904809832572937,0.3997437357902527,0.5855477452278137,0.4071088433265686,0.5431140065193176,0.4431869685649872,0.5459450483322144,0.4371061325073242,0.5360978841781616,0.4288511872291565,0.537639319896698,0.4279862642288208,0.5121690630912781,0.4442808926105499,0.20167697966098785,0.17767469584941864,0.17845173180103302,0.17927734553813934,0.17881105840206146,0.17955191433429718,0.1806579828262329,0.19760335981845856,0.1972469538450241,0.2342248111963272,0.23112203180789948,0.3777138590812683,0.38587161898612976,0.6029745936393738,0.6135172247886658,0.8049765825271606,0.8161473274230957,0.8717362284660339,0.8828226327896118,0.8731663227081299,0.8775829672813416,0.8530436754226685,0.8556966185569763,0.8522300124168396,0.8541858196258545,1.1927887201309204,1.1454554796218872,1.489169716835022,1.473811149597168,1.5208323001861572,1.515389323234558,1.6024284362792969,1.5858365297317505
0.3839970270792643,0.3960147539774576,0.4063156763712565,0.4106077194213867,0.4148997624715169,0.3942979494730631,0.4003067970275878,0.4054572741190592,0.4106077194213867,0.386572265625,0.3942979494730631,0.401165231068929,0.4080325126647949,0.383138624827067,0.3908643086751302,0.3977315902709961,0.4037404378255208,0.3814217885335286,0.3874306678771972,0.3934395472208659,0.3994483947753906,0.8187701755099827,0.8370828699182581,0.8599738226996527,0.8889689692744502,0.9118599220558448,0.8950732195818866,0.9225423177083332,0.937802971733941,0.95001141583478,0.8981253729926215,0.9255944711190685,0.9393290201822916,0.9515375207971644,0.8965992680302373,0.9210162692599826,0.9332247698748554,0.9423811735930266,0.8950732195818866,0.9118599220558448,0.9210162692599826,0.9286465680157696,0.5985994338989258,0.589156977335612,0.5797144571940104,0.5771392186482748,0.573705546061198,0.5943073908487956,0.589156977335612,0.5822896957397461,0.5754224141438802,0.6020331064860026,0.5951658248901367,0.5865817387898763,0.5779975891113281,0.6046083450317383,0.5977410634358724,0.589156977335612,0.5822896957397461,0.6054667154947917,0.6003163019816081,0.5934490203857422,0.5874401092529297,0.8111398202401621,0.832504724573206,0.8569216692889178,0.8843908239293982,0.90880776864511,0.8874429208260995,0.9164381239149304,0.9316987214265048,0.9423811735930266,0.8904950742368345,0.9210162692599826,0.9332247698748554,0.9423811735930266,0.8904950742368345,0.9164381239149304,0.927120519567419,0.934750818323206,0.8889689692744502,0.9072817201967592,0.9164381239149304,0.9225423177083332,0.48509302735328674,0.4978877604007721,0.5060765743255615,0.5104641318321228,0.47700437903404236,0.4710221290588379,0.4644375145435333,0.519819438457489,0.4578118920326233,0.5000974535942078,0.4747263789176941,0.5739631652832031,0.4134214520454407,0.5974264144897461,0.3892081081867218,0.6001098155975342,0.38872212171554565,0.6031876802444458,0.38733726739883423,0.5904673337936401,0.3997418284416199,0.5855368971824646,0.4071117043495178,0.5431063175201416,0.4431804120540619,0.545974612236023,0.4371141493320465,0.5362336039543152,0.42887288331985474,0.5379768013954163,0.4280201494693756,0.5120174288749695,0.44427046179771423,0.2016882300376892,0.17768588662147522,0.17845384776592255,0.1792658418416977,0.1788470596075058,0.17960307002067566,0.18073523044586182,0.19759729504585266,0.19730263948440552,0.2342446893453598,0.23117311298847198,0.3777313828468323,0.38581299781799316,0.6029638051986694,0.6134231686592102,0.804959774017334,0.8161336183547974,0.8717368841171265,0.8828242421150208,0.8731956481933594,0.8775773644447327,0.8530899882316589,0.8556839823722839,0.8521736860275269,0.8541653752326965,1.1927622556686401,1.145537257194519,1.4892346858978271,1.474031925201416,1.5208556652069092,1.5156065225601196,1.6028027534484863,1.5861895084381104
0.3840087890625,0.395166269938151,0.4063237826029459,0.4097568511962891,0.4149064699808756,0.3943080266316732,0.4003158887227376,0.4054655075073242,0.4106151262919108,0.3865835825602213,0.3943080266316732,0.4011741638183593,0.4071820576985677,0.3831505139668782,0.3908749262491862,0.3977410952250163,0.4037489573160807,0.3814339955647786,0.3874418576558431,0.3934497515360514,0.3994576136271159,0.8172760574905961,0.837111579047309,0.8599987453884549,0.8889891447844329,0.9118763111255788,0.8950923778392651,0.92255701135706,0.9378151222511574,0.9500215883608216,0.898144022623698,0.9256085996274594,0.9393408881293402,0.9515473542390046,0.8966182002314815,0.9210311889648436,0.933237655074508,0.9423925329137732,0.8950923778392651,0.9118763111255788,0.9210311889648436,0.9286602444118924,0.5985759735107422,0.5891349792480469,0.5796940485636394,0.577119255065918,0.5745443979899089,0.5942846298217773,0.5891349792480469,0.5822688420613606,0.5754027048746745,0.6020090103149414,0.5951428731282552,0.5865601857503255,0.5779774983723959,0.6045838038126627,0.5977176666259766,0.5891349792480469,0.5822688420613606,0.6054421106974284,0.600292460123698,0.5934263229370117,0.5874184290568034,0.8111727679217303,0.8325341683846933,0.856947100604022,0.8844117341218172,0.9088246663411458,0.8874633223922165,0.9164537217881944,0.9317118326822916,0.9408667105215568,0.8905149671766494,0.9210311889648436,0.933237655074508,0.9423925329137732,0.8905149671766494,0.9164537217881944,0.927134422019676,0.9347634774667244,0.8889891447844329,0.9072989004629628,0.9164537217881944,0.92255701135706,0.4850821793079376,0.4978802502155304,0.5060774683952332,0.5104685425758362,0.4769951403141022,0.4710133373737335,0.46443262696266174,0.5198217630386353,0.4578160345554352,0.5001065731048584,0.47473475337028503,0.5739464163780212,0.413420170545578,0.5974283814430237,0.38919585943222046,0.600102961063385,0.38871657848358154,0.603184700012207,0.38734349608421326,0.5904624462127686,0.3997427821159363,0.5855333805084229,0.4071142375469208,0.5430870652198792,0.44317442178726196,0.546209990978241,0.43713048100471497,0.5362754464149475,0.4288835823535919,0.5380266904830933,0.4280412495136261,0.5119927525520325,0.4442790746688843,0.20173457264900208,0.17769309878349304,0.1784575879573822,0.17926353216171265,0.17890752851963043,0.17969074845314026,0.1808708906173706,0.1975928097963333,0.19740206003189087,0.23430170118808746,0.23131254315376282,0.3777526319026947,0.38576969504356384,0.6029065251350403,0.6133917570114136,0.8048598170280457,0.8161322474479675,0.8716478943824768,0.8828429579734802,0.8731551170349121,0.8775745630264282,0.8530667424201965,0.85566246509552,0.8521282076835632,0.8541584014892578,1.1927001476287842,1.1455785036087036,1.488896131515503,1.474104881286621,1.520171046257019,1.5156128406524658,1.6028283834457397,1.5869470834732056
0.3840001106262207,0.3960162798563639,0.4063158353169759,0.4097490310668945,0.4148988087972005,0.3942996978759766,0.4003077507019043,0.4054575602213541,0.4106073379516601,0.3865749994913737,0.3942996978759766,0.4011660575866699,0.4080324490865071,0.3831418355305989,0.3908665021260579,0.3977328618367513,0.4037409464518229,0.3814252217610677,0.3874333063761393,0.3934413909912109,0.3994494756062826,0.8172910337094907,0.8371272334346065,0.8600151909722222,0.8890065511067708,0.911894452130353,0.8951099537037037,0.922575491446036,0.9378341109664352,0.950041029188368,0.8981617115162037,0.9256271927445024,0.9393599333586516,0.951566795066551,0.8966358326099537,0.921049612539786,0.9332564742476852,0.9424116911711516,0.8935841313114873,0.911894452130353,0.921049612539786,0.9286788940429688,0.5985743204752604,0.5891330718994141,0.5796918233235677,0.5771169026692708,0.5745420455932617,0.59428284962972,0.5891330718994141,0.5822666803995769,0.5754002888997396,0.6020075480143229,0.5951411565144856,0.5865581512451172,0.5779752095540365,0.604582405090332,0.5977160135904948,0.5891330718994141,0.5822666803995769,0.6054407119750976,0.6002909342447916,0.5934245427449544,0.5874164581298829,0.8111876311125579,0.83254965322989,0.8554376107675058,0.8844289709020544,0.9088427508318866,0.8874806722005208,0.9164720323350696,0.9317306518554688,0.9408858122649016,0.8905323734989873,0.921049612539786,0.9332564742476852,0.9424116911711516,0.8905323734989873,0.9164720323350696,0.9271530716507524,0.9347823531539352,0.8890065511067708,0.9073168719256366,0.9164720323350696,0.922575491446036,0.4850783944129944,0.497885525226593,0.5060908794403076,0.5104849338531494,0.4769834280014038,0.4710025191307068,0.4644249975681305,0.5198518633842468,0.45782533288002014,0.5001310706138611,0.47474873065948486,0.5739330053329468,0.4134175479412079,0.5974284410476685,0.38918861746788025,0.6000973582267761,0.3887125551700592,0.6031826734542847,0.3873523473739624,0.5904580354690552,0.3997437059879303,0.5855268239974976,0.4071163833141327,0.5430729985237122,0.44316941499710083,0.5463588237762451,0.43714192509651184,0.5363978147506714,0.4288884699344635,0.5381826758384705,0.4279922842979431,0.5119950771331787,0.4443560540676117,0.201804518699646,0.17771072685718536,0.17846636474132538,0.17926444113254547,0.17897352576255798,0.17977862060070038,0.1809922456741333,0.19759856164455414,0.1974785029888153,0.23437395691871643,0.23145008087158203,0.37779560685157776,0.385741651058197,0.6028978824615479,0.6133864521980286,0.8048297166824341,0.8161473870277405,0.8716091513633728,0.882880687713623,0.8731421232223511,0.8775768280029297,0.8530647158622742,0.8556448817253113,0.8521050810813904,0.8541422486305237,1.1925415992736816,1.1453968286514282,1.4881147146224976,1.473796010017395,1.5189704895019531,1.5149677991867065,1.6024377346038818,1.5869301557540894
0.3840148607889811,0.3960323015848795,0.4063329378763834,0.410624885559082,0.4149168014526367,0.3943155288696289,0.4003242174784342,0.4054745674133301,0.410624885559082,0.386590035756429,0.3943155288696289,0.4011826197306315,0.4071913401285807,0.3831564903259277,0.3900235811869303,0.3977490743001302,0.4037577629089355,0.3814396858215332,0.3874484062194824,0.3934571266174316,0.3994658470153808,0.8173084400318287,0.8371467307761863,0.8600370619032118,0.8890314737955729,0.9119218049225984,0.8951355545609085,0.9226039745189526,0.9363381844979746,0.950072337962963,0.8981875949435764,0.9256560149016204,0.9393902248806424,0.9515984429253472,0.8966616030092592,0.9210779825846356,0.931760095666956,0.9424422652633102,0.8936095626265914,0.9119218049225984,0.9210779825846356,0.9287080552842882,0.5986117680867513,0.5891695022583008,0.5797272364298502,0.5771520614624024,0.5745768864949544,0.5943197886149089,0.5891695022583008,0.5823024113972982,0.5754353205362955,0.6020453135172527,0.59517822265625,0.5865943272908528,0.5780104319254558,0.6046204884847005,0.597753397623698,0.5891695022583008,0.5823024113972982,0.6046204884847005,0.5994701385498047,0.5934614181518555,0.5874526977539063,0.811204359266493,0.8325686419451678,0.8554589730721933,0.884453441478588,0.9088697645399304,0.8875054818612558,0.9164998937536168,0.9302341037326388,0.9409162733289932,0.8905575222439236,0.9210779825846356,0.9332861441153067,0.9424422652633102,0.8905575222439236,0.9164998937536168,0.9271820633499712,0.934812136049624,0.8890314737955729,0.9073437726056134,0.9164998937536168,0.9226039745189526,0.48508042097091675,0.4978986382484436,0.5061067938804626,0.5104971528053284,0.4769729971885681,0.47099557518959045,0.4644203782081604,0.5198598504066467,0.4578380286693573,0.5001513957977295,0.47476500272750854,0.5739225745201111,0.41341811418533325,0.5974283814430237,0.3891764283180237,0.6000913977622986,0.3887075185775757,0.6031802892684937,0.38735872507095337,0.5904509425163269,0.3997463583946228,0.5855196118354797,0.4071234166622162,0.5430647134780884,0.4431639611721039,0.5463919043540955,0.43714436888694763,0.5364879369735718,0.42890170216560364,0.5384272336959839,0.42800623178482056,0.511764645576477,0.44443824887275696,0.2019266039133072,0.17772650718688965,0.17847351729869843,0.17926430702209473,0.17904065549373627,0.1798708438873291,0.1811189502477646,0.1975974440574646,0.19754794239997864,0.23447322845458984,0.23159465193748474,0.3778073787689209,0.3857002556324005,0.6028871536254883,0.613359272480011,0.8048015832901001,0.8161162734031677,0.8715575337409973,0.8828757405281067,0.8731114864349365,0.877545952796936,0.8530518412590027,0.8555771708488464,0.852061927318573,0.8541281819343567,1.1925227642059326,1.1453913450241089,1.4879566431045532,1.4738082885742188,1.5186800956726074,1.5149571895599365,1.602350115776062,1.5873494148254395
0.3840196927388509,0.3960373878479004,0.4071966807047526,0.4106303215026855,0.4149223645528158,0.3943205833435058,0.4003294308980306,0.4054798762003581,0.4106303215026855,0.3865949312845866,0.3943205833435058,0.4011878331502279,0.4080550829569498,0.3831612904866536,0.3900285402933756,0.3977542241414388,0.4037630716959635,0.3814444859822591,0.3874533335367838,0.3934621810913086,0.3994710286458333,0.8172985500759549,0.8371372364185474,0.8600281326859086,0.8890231662326389,0.9119140625,0.8951274165400752,0.9225964581524884,0.9363309507016784,0.950065443250868,0.8981795134367766,0.92564855504919,0.9393830475983797,0.9515915482132524,0.8966534649884259,0.9210703531901042,0.9317527488425926,0.9424352010091146,0.8936013680917245,0.9119140625,0.9210703531901042,0.9287006519458912,0.5986214319864909,0.5891789754231771,0.5797364552815755,0.5771612803141276,0.5737276077270508,0.5943293889363607,0.5891789754231771,0.5823116938273112,0.5754444122314453,0.60205504099528,0.5951878229777018,0.5866037368774414,0.578019650777181,0.6046302795410157,0.5977629979451498,0.5891789754231771,0.5823116938273112,0.6046302795410157,0.5994798024495442,0.5934709548950196,0.5874621073404948,0.8111942997685185,0.8325590910734953,0.855449930826823,0.8844450208875868,0.908861909089265,0.8874971177842882,0.916492207845052,0.930226700394242,0.9409090960467305,0.8905492711950231,0.9210703531901042,0.9332788538049768,0.9424352010091146,0.8905492711950231,0.916492207845052,0.9271746034975406,0.9348049022533276,0.8890231662326389,0.9073358606409144,0.916492207845052,0.9225964581524884,0.4850943386554718,0.49792271852493286,0.5061308145523071,0.5105160474777222,0.4769640564918518,0.47098925709724426,0.46441540122032166,0.519881010055542,0.4578448534011841,0.500189483165741,0.47478485107421875,0.5739173293113708,0.4134196937084198,0.5974277853965759,0.38916492462158203,0.6000869274139404,0.38870304822921753,0.603176474571228,0.38736000657081604,0.5904464721679688,0.3997560739517212,0.5855160355567932,0.4071495831012726,0.54304438829422,0.44316014647483826,0.5462950468063354,0.4370175898075104,0.5363746285438538,0.42888978123664856,0.5383008122444153,0.42801523208618164,0.511577844619751,0.4444415867328644,0.20201750099658966,0.17774231731891632,0.17848068475723267,0.17926423251628876,0.17908799648284912,0.17993474006652832,0.18120667338371277,0.19759538769721985,0.19759215414524078,0.2345590442419052,0.23174335062503815,0.3778168857097626,0.3856286108493805,0.6028776168823242,0.6133016347885132,0.8047847747802734,0.8161033987998962,0.8715417385101318,0.8828778266906738,0.8731055855751038,0.8775259256362915,0.8530516624450684,0.8555305004119873,0.8520291447639465,0.8541159629821777,1.1924328804016113,1.1453969478607178,1.4879459142684937,1.4739305973052979,1.5187159776687622,1.5150835514068604,1.6021426916122437,1.587501049041748
0.3840082168579101,0.3960260391235352,0.4063269933064778,0.4106190681457519,0.414911142985026,0.3943092028299967,0.4003181139628092,0.4054685910542806,0.4106190681457519,0.3865834871927897,0.3943092028299967,0.4011765162150065,0.4080438296000163,0.3831498146057129,0.3900171279907226,0.3977428436279296,0.4037517547607422,0.3814329783121745,0.387441889444987,0.3934508005777994,0.3994596799214681,0.8172844215675636,0.8371233339662905,0.8600143997757523,0.8874836674442997,0.9119007251880789,0.8951139662000868,0.9225832338686344,0.9363178394458912,0.950052445023148,0.8981661196108217,0.9256353872793692,0.939369992856626,0.9515785499855324,0.896640071162471,0.9210571854202836,0.9317396375868056,0.9408960978190104,0.8935879177517361,0.910374676739728,0.9195310804578992,0.92716143572772,0.5986117680867513,0.5891691843668619,0.5797266642252604,0.5771514256795247,0.5745761235555013,0.5943196614583334,0.5891691843668619,0.5823019027709961,0.5754345575968425,0.6020453770955404,0.5951780954996745,0.5857355117797851,0.5780097961425781,0.604620615641276,0.5977533340454102,0.5891691843668619,0.5823019027709961,0.604620615641276,0.5994701385498047,0.59346129099528,0.5865939458211263,0.8111801712601273,0.8325451321072048,0.8554361979166667,0.8844315140335648,0.9088486282913774,0.8874836674442997,0.916478983561198,0.9317396375868056,0.9408960978190104,0.8905357643410011,0.9210571854202836,0.9332657425491898,0.9424221462673612,0.8905357643410011,0.916478983561198,0.92716143572772,0.9347917909975404,0.8890097158926504,0.9073225233289932,0.916478983561198,0.9225832338686344,0.4851016104221344,0.49795472621917725,0.5061556696891785,0.5105329751968384,0.47695645689964294,0.4709835350513458,0.4644108712673187,0.5198994278907776,0.4578486979007721,0.5002076029777527,0.4747970700263977,0.5739055275917053,0.4134178161621094,0.5974281430244446,0.38915470242500305,0.6000806093215942,0.3887031674385071,0.6031700372695923,0.38737064599990845,0.5904422402381897,0.39977535605430603,0.5855118632316589,0.40718597173690796,0.5430327653884888,0.4431554079055786,0.5462983846664429,0.4369986355304718,0.5360698103904724,0.42886751890182495,0.5378347039222717,0.42801278829574585,0.511340320110321,0.44438400864601135,0.20213182270526886,0.1777663230895996,0.1784956008195877,0.17926998436450958,0.17913708090782166,0.17999981343746185,0.18130086362361908,0.1976180225610733,0.19763590395450592,0.23470085859298706,0.231902077794075,0.3778495490550995,0.3855893313884735,0.6028562188148499,0.6132748126983643,0.8047717809677124,0.8160830140113831,0.8714982271194458,0.8828755617141724,0.8730927109718323,0.8775070905685425,0.8530493378639221,0.8554912209510803,0.8519935011863708,0.8541544079780579,1.1924082040786743,1.1453977823257446,1.4880796670913696,1.4740556478500366,1.5190991163253784,1.5152541399002075,1.6021291017532349,1.5875842571258545
0.3839449882507324,0.3959659576416016,0.4071283022562663,0.4105628649393717,0.4148560841878255,0.3942486763000488,0.4002591768900553,0.4054110209147135,0.4105628649393717,0.3865208943684896,0.3942486763000488,0.4011178334554036,0.4079869588216145,0.3830863316853841,0.389955457051595,0.3976832389831543,0.4036937395731608,0.3813690503438314,0.3873795509338379,0.3933900515238444,0.399400520324707,0.8172662805627894,0.8371104487666378,0.8600076180917245,0.8874841195565683,0.9119077329282408,0.8951165093315973,0.9225930673104744,0.9363313462999132,0.950069625289352,0.8981694539388021,0.9256460119176794,0.939384290907118,0.9515960693359377,0.8966430098922165,0.9210665667498552,0.9317519011320892,0.9409107349537036,0.893590008770978,0.9103812323676216,0.9195401227032696,0.927172455964265,0.5986054738362631,0.589160410563151,0.579715347290039,0.577139409383138,0.574563471476237,0.5943122863769531,0.589160410563151,0.5822912851969401,0.5754221598307292,0.6020400365193684,0.5951709111531576,0.58658447265625,0.5779980977376302,0.6046159744262696,0.5977468490600586,0.589160410563151,0.5822912851969401,0.6054745992024739,0.5994640986124674,0.5934535980224609,0.5874431610107422,0.8111603913483796,0.8325310601128473,0.8554281729239005,0.8844311749493634,0.9088547883210358,0.8874841195565683,0.9164871780960648,0.93022540057147,0.9409107349537036,0.8905370641637731,0.9210665667498552,0.9332784016927084,0.9424372355143228,0.8905370641637731,0.9164871780960648,0.927172455964265,0.934804845739294,0.8890106201171875,0.905801843713831,0.9164871780960648,0.9225930673104744,0.485112726688385,0.4979877173900604,0.5061808228492737,0.5105502605438232,0.4769499897956848,0.4709785282611847,0.4644068777561188,0.5199148654937744,0.4578532576560974,0.500228226184845,0.4748067259788513,0.5738961696624756,0.4134137034416199,0.5974310636520386,0.38914620876312256,0.6000756621360779,0.38870009779930115,0.6031644344329834,0.3873721957206726,0.5904378294944763,0.39979416131973267,0.5855082273483276,0.4072229266166687,0.5430180430412292,0.44315120577812195,0.5463070273399353,0.43696364760398865,0.5360646843910217,0.4288718104362488,0.5378395915031433,0.42801883816719055,0.511276125907898,0.44436317682266235,0.20222094655036926,0.1777978539466858,0.1785184144973755,0.1792813241481781,0.179178848862648,0.1800505369901657,0.18137121200561523,0.19764964282512665,0.19766712188720703,0.234812393784523,0.23201969265937805,0.3778989911079407,0.3855437636375427,0.6028305292129517,0.6132057905197144,0.8047579526901245,0.8160514831542969,0.8714891672134399,0.8828716278076172,0.873088538646698,0.8774785995483398,0.8530495166778564,0.8554354310035706,0.8520087003707886,0.8542807102203369,1.192514419555664,1.1457043886184692,1.4881565570831299,1.4741644859313965,1.5191407203674316,1.5153151750564575,1.6024956703186035,1.5878334045410156
0.3839728991190592,0.3959922790527344,0.4071530977884928,0.410587215423584,0.4148798624674479,0.3942752202351888,0.4002848943074544,0.4054360707600911,0.410587215423584,0.3865484873453776,0.3942752202351888,0.4011434237162272,0.4080116271972656,0.3831143697102864,0.3899825731913248,0.3977093378702799,0.4037190119425455,0.3813973108927408,0.3874070167541504,0.393416690826416,0.3994263648986816,0.8172863430447048,0.8371278550889757,0.8600219161422165,0.8874947441948785,0.9119150232385708,0.8935998422128183,0.9210726702654805,0.9363353587962964,0.9500717728226272,0.8966523347077546,0.9241252192744502,0.9393879078052662,0.9515981038411458,0.8966523347077546,0.9195463957609954,0.9317565352828414,0.9409141823097512,0.8935998422128183,0.9103888052481192,0.9195463957609954,0.92717776828342,0.5986045201619467,0.5891607284545899,0.5797169367472331,0.5771413167317708,0.5745657602945964,0.5943119049072265,0.5891607284545899,0.5822924931844076,0.575424321492513,0.6020386377970378,0.5951704025268555,0.5865851084391276,0.5779998779296875,0.6046141942342123,0.5977459589640299,0.5891607284545899,0.5822924931844076,0.6046141942342123,0.5994630177815755,0.5934533437093099,0.5874436696370443,0.8111813015407986,0.8325490315755208,0.8554430926287616,0.8844421951859086,0.9088625307436342,0.8874947441948785,0.9164938467520256,0.9302302607783564,0.9409141823097512,0.8905472932038484,0.9210726702654805,0.9332828097873264,0.9424404568142362,0.8905472932038484,0.9164938467520256,0.92717776828342,0.9348090842918112,0.8890210186993635,0.9073362562391492,0.9164938467520256,0.9225989447699652,0.4851488173007965,0.49803611636161804,0.5062153935432434,0.5105780363082886,0.4769477844238281,0.4709770977497101,0.46440425515174866,0.51995450258255,0.4578581154346466,0.5002760291099548,0.47483178973197937,0.5738905668258667,0.41341400146484375,0.5974312424659729,0.3891383111476898,0.6000630259513855,0.3886961042881012,0.6031415462493896,0.3873719274997711,0.5904079079627991,0.39981701970100403,0.585489809513092,0.40726906061172485,0.5430055260658264,0.443147748708725,0.5461693406105042,0.43684566020965576,0.5357978940010071,0.42885076999664307,0.5376087427139282,0.428011029958725,0.5107406973838806,0.44434937834739685,0.20233269035816193,0.1778179407119751,0.17853102087974548,0.17928560078144073,0.17920364439487457,0.18008285760879517,0.18141324818134308,0.197652205824852,0.1976802945137024,0.23490971326828003,0.2321556657552719,0.3779127299785614,0.3854793310165405,0.6028209328651428,0.6131983399391174,0.8047440648078918,0.8160203695297241,0.8714731335639954,0.8828641772270203,0.8730668425559998,0.8774406909942627,0.8530393242835999,0.8553755283355713,0.852053165435791,0.8543347120285034,1.1926069259643555,1.1459349393844604,1.4882580041885376,1.474662184715271,1.5192604064941406,1.5159103870391846,1.6025673151016235,1.5882809162139893
0.3839620590209961,0.3959832827250162,0.407145881652832,0.4105805397033691,0.4148738225301107,0.3942659695943196,0.4002765973409017,0.4054285685221354,0.4105805397033691,0.386538028717041,0.3942659695943196,0.40113525390625,0.4080045382181803,0.3831033706665039,0.3899726549784342,0.3977006276448567,0.4037112553914388,0.3813860575358073,0.3873966852823893,0.3934073130289713,0.3994179407755533,0.8172652067961517,0.8371098271122686,0.8600074485496239,0.8874845716688368,0.9119086936668114,0.8935905739113137,0.9210677535445602,0.936332815664786,0.950071433738426,0.8966436315465857,0.9241207546657986,0.9393858167860244,0.9515978777850116,0.8951171309859665,0.919541252983941,0.9317533139829284,0.9409123173466436,0.8920640733506945,0.9103821931061922,0.919541252983941,0.9271737557870372,0.598627217610677,0.5891819636027018,0.5797366460164388,0.5771607081095378,0.5745847066243489,0.5943339029947917,0.5891819636027018,0.5823126475016276,0.5754433949788411,0.6020618438720703,0.5951925913492838,0.586605962117513,0.5780193328857421,0.6046378453572591,0.5977685292561848,0.5891819636027018,0.5823126475016276,0.6046378453572591,0.5994858423868815,0.5934752146402995,0.586605962117513,0.8111592045536747,0.8325302689163773,0.8554278903537327,0.8844315705475984,0.908855692545573,0.8874845716688368,0.916488195348669,0.9302268134223092,0.9409123173466436,0.8905375727900753,0.9210677535445602,0.9332798145435476,0.9409123173466436,0.8905375727900753,0.916488195348669,0.9271737557870372,0.9332798145435476,0.8874845716688368,0.9058026914243344,0.916488195348669,0.9225942541051794,0.4851674437522888,0.49807819724082947,0.5062427520751953,0.5105975866317749,0.4769492447376251,0.4709823429584503,0.46441125869750977,0.5199688673019409,0.45787858963012695,0.5003014206886292,0.4748430848121643,0.5738857388496399,0.41341432929039,0.5974351763725281,0.38913148641586304,0.6000572443008423,0.38869205117225647,0.6031345129013062,0.3873662054538727,0.5904009342193604,0.3998224437236786,0.5854862332344055,0.4072914719581604,0.5429738759994507,0.44314461946487427,0.5461708307266235,0.43683773279190063,0.5357447862625122,0.42886975407600403,0.5375451445579529,0.42806679010391235,0.5107061862945557,0.4443410634994507,0.20241497457027435,0.1778353601694107,0.17854197323322296,0.1792895495891571,0.1792212724685669,0.18010395765304565,0.1814335733652115,0.1976550966501236,0.19769537448883057,0.2349797785282135,0.23221111297607422,0.37792593240737915,0.3853684961795807,0.6027893424034119,0.6131660342216492,0.8047347664833069,0.8159343600273132,0.87143874168396,0.8828199505805969,0.8730378746986389,0.8773638606071472,0.8530237674713135,0.8552534580230713,0.8520431518554688,0.8543453216552734,1.192585825920105,1.1461989879608154,1.4882502555847168,1.4748473167419434,1.5192521810531616,1.5161064863204956,1.6026030778884888,1.5884474515914917
0.3839893658955892,0.396012020111084,0.4071759223937988,0.4106109619140625,0.4149047533671061,0.3942944844563802,0.4003058115641276,0.405458386739095,0.4106109619140625,0.3865656534830729,0.3942944844563802,0.4011645634969075,0.4080346743265787,0.3831305821736653,0.3900006930033365,0.3977295239766439,0.4037408510843913,0.3814130783081054,0.3874244054158529,0.3934357325236002,0.3994470596313476,0.8172286987304688,0.8370756361219618,0.8599759137188947,0.8874563146520544,0.9118832623517072,0.8935630515769676,0.9210433959960938,0.9363102665653936,0.9500504105179398,0.8966163917824074,0.9240967927155672,0.9393636067708332,0.9515770806206596,0.8950897216796875,0.919516725893374,0.9317301997432004,0.9424170034903068,0.8935630515769676,0.9103565922489872,0.919516725893374,0.9271501329210068,0.5986796696980794,0.5892332712809245,0.5797869364420573,0.5772106170654296,0.5737756093343099,0.5943858464558919,0.5892332712809245,0.5823631922403971,0.5754931131998698,0.6012559254964193,0.5952445983886718,0.5866570154825846,0.5780693689982096,0.6038322448730469,0.5978209177652994,0.5892332712809245,0.5823631922403971,0.6046909968058268,0.5995384216308594,0.593527094523112,0.5875157674153646,0.8126486319082754,0.8324955692997685,0.8553958468967013,0.884402917932581,0.9088299221462672,0.8874563146520544,0.9149366590711806,0.9302035296404804,0.9408903333875868,0.8905096548574942,0.9210433959960938,0.9332568698459202,0.9424170034903068,0.8905096548574942,0.9164633291739004,0.9271501329210068,0.9347835964626736,0.8889829847547743,0.907303195529514,0.9164633291739004,0.9225700660988136,0.4852074086666107,0.4981395900249481,0.5062804818153381,0.5106252431869507,0.47696977853775024,0.471010684967041,0.46444669365882874,0.520022451877594,0.45791926980018616,0.5003420114517212,0.4748689830303192,0.5738791227340698,0.41341716051101685,0.5974425077438354,0.38912439346313477,0.6000553369522095,0.38868430256843567,0.6031221151351929,0.3873591125011444,0.5903855562210083,0.39982837438583374,0.5854805707931519,0.40731319785118103,0.5429355502128601,0.44314175844192505,0.5461873412132263,0.43712636828422546,0.5357679724693298,0.42918792366981506,0.5375585556030273,0.4283558428287506,0.5108566880226135,0.4448642134666443,0.20245204865932465,0.17784568667411804,0.17854903638362885,0.17929202318191528,0.17924100160598755,0.18012304604053497,0.1814567893743515,0.19765983521938324,0.19770894944667816,0.23500056564807892,0.232231006026268,0.3779403269290924,0.3852956295013428,0.6027463674545288,0.6131590604782104,0.804724395275116,0.8158792853355408,0.8714273571968079,0.8827981352806091,0.8730170130729675,0.8773086071014404,0.853011429309845,0.8551696538925171,0.8520312905311584,0.8543418049812317,1.1925843954086304,1.1465944051742554,1.488316535949707,1.4756888151168823,1.5193371772766113,1.517031192779541,1.6027475595474243,1.5893964767456055
0.3831587473551432,0.3951768239339193,0.4063364346822103,0.410628604888916,0.4149207750956217,0.3943183898925781,0.4003273963928223,0.4054780006408691,0.410628604888916,0.3857340494791667,0.393459955851237,0.4011858304341634,0.4071948687235514,0.3823003133138021,0.3900262196858724,0.3977521260579427,0.4037611325581868,0.3805834452311198,0.3865924835205078,0.3926015218098958,0.39861052831014,0.8158694797092014,0.8357088442201968,0.858600362141927,0.8860702514648438,0.9104878743489584,0.8921746713143808,0.919644504123264,0.9349055537471064,0.9486404984085648,0.8952268247251157,0.9226967140480324,0.937957763671875,0.950166603370949,0.893700776276765,0.9181183991608796,0.9303272388599536,0.9410099735966436,0.8906485663519965,0.908961769386574,0.9181183991608796,0.925748923972801,0.599483871459961,0.5891826629638672,0.5788814544677734,0.57630615234375,0.5728724797566732,0.5934748331705729,0.588324228922526,0.582315190633138,0.5754477818806966,0.6003423055013021,0.594333267211914,0.5866073608398438,0.5788814544677734,0.6037760416666667,0.5977670033772786,0.5900410970052083,0.582315190633138,0.6046344757080078,0.599483871459961,0.5934748331705729,0.5874657948811849,0.8112911648220487,0.831130529333044,0.8555481522171585,0.8830180415400752,0.9074356644241898,0.887596356427228,0.9150661892361112,0.9303272388599536,0.9410099735966436,0.8891224613896123,0.919644504123264,0.9333794487847222,0.9410099735966436,0.8891224613896123,0.9150661892361112,0.9272750289351852,0.9333794487847222,0.8860702514648438,0.9043834544994211,0.9150661892361112,0.9226967140480324,0.48525020480155945,0.49820274114608765,0.5063225626945496,0.5106558799743652,0.4770064055919647,0.4710526466369629,0.46449699997901917,0.5200996994972229,0.45795661211013794,0.500403642654419,0.4748954474925995,0.5738741755485535,0.4134252667427063,0.5975188612937927,0.3890887498855591,0.6000890731811523,0.38860759139060974,0.6030943989753723,0.3873084485530853,0.5902259349822998,0.3998207151889801,0.5853707790374756,0.40731558203697205,0.5429248809814453,0.44313907623291016,0.5461730360984802,0.4371591806411743,0.5357697010040283,0.42928990721702576,0.5375573039054871,0.42847251892089844,0.5110283493995667,0.4449082612991333,0.20248158276081085,0.17785567045211792,0.1785539984703064,0.1792931705713272,0.17926760017871857,0.18015289306640625,0.1814899444580078,0.19766487181186676,0.1977192610502243,0.23502227663993835,0.2322506159543991,0.3779759705066681,0.3852262794971466,0.6030048727989197,0.6130008697509766,0.8049071431159973,0.8156768083572388,0.8717199563980103,0.8827521800994873,0.8729981780052185,0.877210259437561,0.8529714345932007,0.8549848794937134,0.8520592451095581,0.8543383479118347,1.192732572555542,1.1472222805023193,1.4892858266830444,1.4761210680007935,1.5204658508300781,1.5173959732055664,1.6042473316192627,1.589944839477539
0.3815244038899739,0.3935368220011393,0.4055492401123047,0.4098393758138021,0.414987564086914,0.3935368220011393,0.399543031056722,0.4046911875406901,0.4081233342488606,0.3849565188090006,0.391820748647054,0.3986850102742513,0.4038331667582194,0.3815244038899739,0.3883886337280273,0.3952528635660807,0.4004010518391927,0.378950309753418,0.3849565188090006,0.3901047070821126,0.3961109161376953,0.8099552295826099,0.8313106395580151,0.8526660495334202,0.8816483674225983,0.9030037773980036,0.8877499050564236,0.913681482385706,0.9289353547272858,0.9411384299949364,0.8923260724103009,0.9182576497395832,0.9319860952871816,0.9457145973488136,0.8892753318504051,0.913681482385706,0.9258845576533564,0.936562262641059,0.8862245347764757,0.9030037773980036,0.913681482385706,0.9213083902994792,0.6011799494425456,0.5891675313313802,0.5780131657918294,0.5754390716552734,0.571148935953776,0.5917416254679362,0.5874514897664388,0.5823033014933269,0.5771551132202148,0.6003219604492187,0.5943157196044921,0.5874514897664388,0.5805872599283854,0.6037540435791016,0.5977478663126627,0.5908835728963217,0.5848773956298828,0.605470085144043,0.6003219604492187,0.5951737721761068,0.5891675313313802,0.8084298593026621,0.8282598989981192,0.8496152524594908,0.8785976268627026,0.8999529803240741,0.8831737377025463,0.9091053150318288,0.9258845576533564,0.936562262641059,0.8862245347764757,0.913681482385706,0.9289353547272858,0.9396130597149884,0.8846991644965277,0.9091053150318288,0.9228338170934608,0.9304607250072338,0.8816483674225983,0.8984276100441262,0.9091053150318288,0.916732222945602,0.48542726039886475,0.4984194338321686,0.5064318776130676,0.5107377171516418,0.47714710235595703,0.47121477127075195,0.46471014618873596,0.5201948881149292,0.4580534100532532,0.5005495548248291,0.47497066855430603,0.5738694667816162,0.4134276509284973,0.5978623032569885,0.38874536752700806,0.6003017425537109,0.3881230652332306,0.6031768918037415,0.3868933618068695,0.5901399254798889,0.399595707654953,0.5852831602096558,0.40699636936187744,0.5428994297981262,0.4431236684322357,0.5462006330490112,0.43716004490852356,0.5357725024223328,0.42936545610427856,0.5375577807426453,0.42855241894721985,0.5110549330711365,0.4449521005153656,0.20250430703163147,0.17787300050258636,0.17857125401496887,0.17930282652378082,0.17929090559482574,0.18017949163913727,0.18150721490383148,0.19767653942108154,0.19768741726875305,0.23503378033638,0.23222409188747406,0.37796443700790405,0.3851519823074341,0.6022622585296631,0.612216055393219,0.8040488362312317,0.8137574791908264,0.8701812624931335,0.8812716007232666,0.8697698712348938,0.8758299946784973,0.8496233224868774,0.8528060913085938,0.8520942330360413,0.8541772961616516,1.1926382780075073,1.1472249031066895,1.4895288944244385,1.4762908220291138,1.5207384824752808,1.5175774097442627,1.604988694190979,1.5902284383773804
0.377929941813151,0.3907987276713053,0.4036675453186035,0.4079571406046549,0.4139625867207845,0.3925145785013834,0.398520024617513,0.4028096199035644,0.408815066019694,0.3830774625142415,0.3890829086303711,0.3959462483723958,0.4019516944885254,0.377929941813151,0.3839353879292806,0.3907987276713053,0.3968041737874349,0.3744982719421387,0.3796457926432292,0.3856512069702148,0.3916566530863444,0.7974860297309028,0.8188386705186632,0.8401913678204572,0.8676448115596065,0.8889974523473669,0.8737455579969619,0.8981486002604167,0.9134004946108216,0.9240768432617188,0.8783211036964699,0.9027242024739583,0.9164508960865162,0.9286524454752604,0.8767959594726562,0.8981486002604167,0.9103501496491608,0.9195012975622108,0.8722203572591146,0.885947107385706,0.8966233995225694,0.904249346697772,0.604420789082845,0.5906940460205078,0.5786831537882487,0.5743935902913412,0.5683881123860677,0.5898361206054688,0.5864044825236002,0.5821148554484049,0.5778252283732096,0.5992732365926107,0.5941257476806641,0.5881202697753907,0.5829727808634441,0.6052787144978841,0.6001311620076497,0.5941257476806641,0.5889781951904297,0.6087103525797526,0.604420789082845,0.5992732365926107,0.5941257476806641,0.7929104275173611,0.8142631248191551,0.8356157656069155,0.8615440086082176,0.8844219066478588,0.8706951565212674,0.8966233995225694,0.9134004946108216,0.925602043999566,0.8737455579969619,0.8996738009982639,0.9164508960865162,0.9286524454752604,0.8722203572591146,0.8935730545609085,0.9088249489113136,0.9195012975622108,0.8676448115596065,0.8844219066478588,0.8935730545609085,0.9027242024739583,0.4856475591659546,0.4986482560634613,0.5065590739250183,0.5108416676521301,0.4772936701774597,0.47137460112571716,0.4649009704589844,0.520295262336731,0.4581155776977539,0.5007253289222717,0.4750768840312958,0.5738507509231567,0.41342979669570923,0.6000117063522339,0.38744840025901794,0.6024919152259827,0.38623371720314026,0.6042829751968384,0.3849855065345764,0.5902594327926636,0.39859819412231445,0.5854501128196716,0.4061526954174042,0.5428946614265442,0.4429653286933899,0.5462064743041992,0.4382326006889343,0.5361511707305908,0.430842787027359,0.5378734469413757,0.42979830503463745,0.5122255086898804,0.4475226402282715,0.20252904295921326,0.1778826117515564,0.17858034372329712,0.17930945754051208,0.17930862307548523,0.1802009791135788,0.1815141886472702,0.19771096110343933,0.19765983521938324,0.2350330948829651,0.23219354450702667,0.37796175479888916,0.38508838415145874,0.5981864929199219,0.6105831265449524,0.797794759273529,0.8051310777664185,0.8623183369636536,0.872054398059845,0.8586470484733582,0.866592288017273,0.8388960957527161,0.8433262705802917,0.8517525792121887,0.8532333374023438,1.1889094114303589,1.1468650102615356,1.4885512590408325,1.4763545989990234,1.5199956893920898,1.5176875591278076,1.6044514179229736,1.5902647972106934
0.3712433497111002,0.3858289082845052,0.4004144350687663,0.4055622736612955,0.4115681012471517,0.3892608006795247,0.3961245854695638,0.4029883702596029,0.4089941660563151,0.379823080698649,0.387544854482015,0.3961245854695638,0.4029883702596029,0.3738172531127929,0.3815390268961589,0.3901187578837077,0.3969825426737467,0.3703853607177734,0.3763911883036295,0.3823969841003418,0.3892608006795247,0.7731141266999422,0.7944681238245082,0.8142968071831598,0.8417520028573495,0.8631059999819155,0.850903715910735,0.8737830268012152,0.8859853108723958,0.8951370239257812,0.8554795441804108,0.8798841688368055,0.8905611391420718,0.8997128521954572,0.8554795441804108,0.8768335978190104,0.8859853108723958,0.8936117101598668,0.850903715910735,0.8676818282515915,0.875308284053096,0.8798841688368055,0.609760030110677,0.5943164825439453,0.5797309239705404,0.5745830535888672,0.5677192687988282,0.5900266011555989,0.5857367197672526,0.5814469019571941,0.5780150095621744,0.6003222783406575,0.5951744715372721,0.5891686121622721,0.5857367197672526,0.6080440521240235,0.602896245320638,0.596890385945638,0.5917425791422526,0.6131919225056967,0.609760030110677,0.6054701487223307,0.6011802673339843,0.7685382419162327,0.7883669817889178,0.8081956651475695,0.8356508608217592,0.8554795441804108,0.8478531448929398,0.872257713035301,0.8875105681242766,0.9012381659613716,0.8524289731626158,0.8798841688368055,0.8920864529079862,0.9042887369791668,0.8524289731626158,0.875308284053096,0.8844599971064815,0.8920864529079862,0.8478531448929398,0.8646312572337963,0.8707323992693866,0.8768335978190104,0.485832154750824,0.4988209903240204,0.5066488981246948,0.5109093189239502,0.4774565100669861,0.4715557098388672,0.46514156460762024,0.5203442573547363,0.458196222782135,0.5008479356765747,0.4752025306224823,0.5738708972930908,0.41350698471069336,0.6053003072738647,0.3849979341030121,0.6076422333717346,0.38026466965675354,0.6074450612068176,0.3802850544452667,0.591679036617279,0.39443153142929077,0.5870612859725952,0.40155062079429626,0.5441364049911499,0.44300559163093567,0.546103298664093,0.4405260980129242,0.5360863208770752,0.4347846806049347,0.5378751754760742,0.43349549174308777,0.5119584798812866,0.4510798752307892,0.20254333317279816,0.17789117991924286,0.17858773469924927,0.17931361496448517,0.1793215572834015,0.1802186518907547,0.18152274191379547,0.1977686733007431,0.19765327870845795,0.2350310981273651,0.23218108713626862,0.37738585472106934,0.38410380482673645,0.588373601436615,0.6019975543022156,0.7785122394561768,0.7866014838218689,0.8462917804718018,0.8520029783248901,0.8389739990234375,0.8408434987068176,0.8183776140213013,0.8188827633857727,0.8517122864723206,0.8532204031944275,1.18680739402771,1.1438417434692383,1.4882017374038696,1.4737319946289062,1.519977331161499,1.5157010555267334,1.6018116474151611,1.5831727981567383
0.3641262372334798,0.3795677502950033,0.3950092315673828,0.4018721262613932,0.4104507446289062,0.3838570594787597,0.3915777842203776,0.3992985407511393,0.4078771591186523,0.3744205792744954,0.3838570594787597,0.3924356460571289,0.4010142644246419,0.3684155464172363,0.3769941647847493,0.3855727831522623,0.3932935078938802,0.3649840990702311,0.3718469937642415,0.3787098884582519,0.384714921315511,0.7301714861834491,0.74542236328125,0.7637234157986111,0.7911749380606192,0.8110010782877605,0.80337563973886,0.8293021308051215,0.8430279201931423,0.853703534161603,0.8110010782877605,0.8399777447735822,0.852178446451823,0.8613289161964699,0.8140512537073206,0.8384526570638021,0.8491282710322627,0.8567537095811631,0.8125261659975405,0.8293021308051215,0.8384526570638021,0.8445530079029224,0.612906010945638,0.5974644978841146,0.5828808466593425,0.5768758138020833,0.5691550572713217,0.5923173268636067,0.5863122940063477,0.5820229848225912,0.5768758138020833,0.6026116689046224,0.5974644978841146,0.5914594650268554,0.5854544321695964,0.6111902872721354,0.606900978088379,0.6017538070678711,0.595748774210612,0.6189109802246093,0.6171952565511067,0.6146217346191406,0.6120481491088867,0.7301714861834491,0.7469474509910301,0.7652485035083912,0.7942251134801794,0.8140512537073206,0.80490072744864,0.8308272185149016,0.8491282710322627,0.8643790916160301,0.8110010782877605,0.8384526570638021,0.8567537095811631,0.8720045301649305,0.8110010782877605,0.836927569354022,0.8552286218713832,0.8689543547453704,0.8079509028682003,0.8247268676757813,0.8399777447735822,0.853703534161603,0.4861142337322235,0.4990026652812958,0.5067386031150818,0.5109704732894897,0.47765931487083435,0.47178202867507935,0.4654746353626251,0.5204306244850159,0.45831966400146484,0.501085638999939,0.47548362612724304,0.5738679766654968,0.4140321910381317,0.612293004989624,0.38142916560173035,0.6125560998916626,0.3742271363735199,0.6120010018348694,0.37603798508644104,0.5931408405303955,0.39012396335601807,0.5889793634414673,0.3954632878303528,0.544390857219696,0.4430912435054779,0.5461180210113525,0.44102218747138977,0.5364103317260742,0.4364221394062042,0.539247453212738,0.43523985147476196,0.511786162853241,0.45223596692085266,0.20254094898700714,0.17789769172668457,0.17859122157096863,0.17931364476680756,0.17930839955806732,0.18022505939006805,0.1815197616815567,0.19788731634616852,0.19766275584697723,0.23494261503219604,0.23214447498321533,0.3771403729915619,0.38344985246658325,0.5737706422805786,0.5868775248527527,0.7383425831794739,0.7485076189041138,0.8089424967765808,0.8112933039665222,0.7949704527854919,0.7995120286941528,0.7742938995361328,0.779440701007843,0.8539072871208191,0.8559187650680542,1.1879892349243164,1.1436344385147095,1.4887332916259766,1.4724854230880737,1.521181344985962,1.5141701698303223,1.599551796913147,1.5782634019851685
0.3552882194519043,0.3715831120808919,0.3878779729207356,0.3973118464152018,0.4076033274332682,0.3784440994262695,0.3870203336079915,0.3964542071024576,0.4050304730733235,0.3681525866190592,0.3767288525899251,0.3861627260843913,0.393881352742513,0.3612915992736816,0.3690102259318034,0.3767288525899251,0.3844474792480469,0.3561458587646484,0.3621492385864258,0.367294979095459,0.3724407196044922,0.6599784003363716,0.6721757676866319,0.6858977706344039,0.7087677567093461,0.7270637229636864,0.7270637229636864,0.7529830367476852,0.7697543674045139,0.7819516782407407,0.7392610337999131,0.7697543674045139,0.7865256980613425,0.8017723366066262,0.7453597457320602,0.771279059516059,0.7850010624638311,0.7971983733000578,0.7484090734411168,0.7667050396954572,0.7804270426432292,0.7895750257703993,0.6177213668823243,0.6014265060424805,0.585989252726237,0.5799858729044597,0.5705519994099935,0.5954231262207031,0.590277353922526,0.5851316452026367,0.5799858729044597,0.6065722783406575,0.6022841135660807,0.5962807337443033,0.590277353922526,0.616863759358724,0.6125755945841471,0.6065722783406575,0.6005688985188802,0.6245823542277018,0.6237247467041016,0.6202942530314127,0.616863759358724,0.6676017478660301,0.6843730785228588,0.7011444091796875,0.7285884150752315,0.7484090734411168,0.7346870704933449,0.7621310198748553,0.7834763703522859,0.8017723366066262,0.7423103615089699,0.7743283872251158,0.7971983733000578,0.8139697039568866,0.7453597457320602,0.7743283872251158,0.7971983733000578,0.8139697039568866,0.743835053620515,0.7651804040979456,0.7819516782407407,0.8002477010091146,0.486575722694397,0.49927422404289246,0.5068471431732178,0.5110362768173218,0.4780781865119934,0.47215527296066284,0.46603280305862427,0.5204755067825317,0.45841968059539795,0.5012285709381104,0.4760529696941376,0.5736390948295593,0.4146668314933777,0.6217138767242432,0.3739200532436371,0.6154964566230774,0.36524105072021484,0.6178562641143799,0.3697934150695801,0.5962231159210205,0.3840624690055847,0.5921037197113037,0.3886391222476959,0.5443788766860962,0.44314563274383545,0.546131432056427,0.4435330927371979,0.5373598337173462,0.44021686911582947,0.540393054485321,0.43880555033683777,0.5130797624588013,0.457594096660614,0.20221008360385895,0.1779029667377472,0.17859424650669098,0.17931504547595978,0.1792226880788803,0.18017297983169556,0.1814214289188385,0.1981065571308136,0.19764164090156555,0.2343894988298416,0.23173201084136963,0.37705594301223755,0.38341251015663147,0.5655710101127625,0.5787984132766724,0.684398353099823,0.6863725185394287,0.7499392628669739,0.7490296363830566,0.7295992374420166,0.7262793183326721,0.7111464738845825,0.7041768431663513,0.8521018028259277,0.8558135628700256,1.1878094673156738,1.1430259943008423,1.4770339727401733,1.4717411994934082,1.508670687675476,1.51372492313385,1.5774637460708618,1.5737775564193726
0.346445083618164,0.3653313636779785,0.3825007120768229,0.3928023020426432,0.4039623896280924,0.3739160219828287,0.3833591779073079,0.3919438362121582,0.4005285263061523,0.3627559661865234,0.3713406244913736,0.3807837804158528,0.3893684387207031,0.3541712760925293,0.3610390027364095,0.3704821586608887,0.3790668487548828,0.3473035494486491,0.3524543444315592,0.3567466735839844,0.3627559661865234,0.5702659889503762,0.5824753372757523,0.5916323061342592,0.6114724618417245,0.6206294307002315,0.6267340766059027,0.6511527167426215,0.6694667109736689,0.6847283822518808,0.6404695864076968,0.6694667109736689,0.6908330281575521,0.7076208043981481,0.6496265552662037,0.6770975183557582,0.6954115125868056,0.7091469658745659,0.6542050396954572,0.6770975183557582,0.6923591896339699,0.7091469658745659,0.6263055165608724,0.608277702331543,0.5911083221435547,0.5833820978800456,0.5713635762532552,0.6005514780680339,0.5945421854654948,0.5885329564412435,0.5825236638387045,0.6125699996948242,0.607419204711914,0.6005514780680339,0.5945421854654948,0.6228716532389323,0.6194377899169922,0.6134284973144531,0.6065607706705729,0.6305978139241536,0.6297393798828125,0.6254470189412434,0.6211547215779623,0.5748445298936632,0.5916323061342592,0.6099463003653067,0.6358911019784433,0.6526788782190394,0.6313126175491898,0.6572574191623264,0.6801498413085938,0.6984638355396412,0.6419957478841146,0.6709928724500868,0.6938853511103877,0.713725506817853,0.6465742323133681,0.6755713568793402,0.6984638355396412,0.7167778297706887,0.6496265552662037,0.6725190339265046,0.6908330281575521,0.7091469658745659,0.4869091212749481,0.499482125043869,0.506969690322876,0.5111539959907532,0.4783540666103363,0.4724384546279907,0.4664120674133301,0.5209915637969971,0.4585491418838501,0.5014289617538452,0.47648459672927856,0.5736353397369385,0.41478273272514343,0.6291959285736084,0.36404669284820557,0.6198219656944275,0.36039242148399353,0.6202316284179688,0.3593845069408417,0.6002772450447083,0.3773469924926758,0.5960090160369873,0.38352400064468384,0.5442970395088196,0.4424734115600586,0.5461994409561157,0.4456702768802643,0.5395553112030029,0.44132357835769653,0.543347179889679,0.4394526183605194,0.5135511755943298,0.45983704924583435,0.20228669047355652,0.1780339628458023,0.17873159050941467,0.17946843802928925,0.1792709231376648,0.18024733662605286,0.1814773678779602,0.19913075864315033,0.1978520154953003,0.23443782329559326,0.23177237808704376,0.37692371010780334,0.38149866461753845,0.5500812530517578,0.5504056215286255,0.5999143123626709,0.5919622182846069,0.6565161347389221,0.6463582515716553,0.6365135312080383,0.6261380314826965,0.6204621195793152,0.6110104322433472,0.8447650671005249,0.8505080342292786,1.1804602146148682,1.1351966857910156,1.4646570682525635,1.4608372449874878,1.4991159439086914,1.5055761337280273,1.5611454248428345,1.5555732250213623
0.3433021545410156,0.3613440195719401,0.3776676495869954,0.3896955808003743,0.4025826454162597,0.3707945505777995,0.3819633483886718,0.3896955808003743,0.3974278132120768,0.3604848861694336,0.3690762837727864,0.3776676495869954,0.3853998819986979,0.3501752535502115,0.3570483525594075,0.3656397183736165,0.373371950785319,0.3424429893493652,0.3467386881510416,0.3510343869527181,0.3570483525594075,0.4863071017795138,0.4893617983217592,0.4939438996491608,0.5046353940610533,0.5031080457899305,0.5107447871455439,0.5367098772967304,0.5535107647931135,0.5718390570746528,0.5260183828848379,0.5550381130642361,0.5748937536168981,0.5916946976273149,0.538237225567853,0.5642022592050058,0.5825305514865451,0.5978040907118055,0.5443466186523438,0.5672570122612848,0.5840578997576679,0.5993314389829283,0.6293950398763021,0.6113531748453777,0.5941703796386719,0.583860715230306,0.5709736506144206,0.6019026438395182,0.5941703796386719,0.5881564458211263,0.5812833150227864,0.6139305750528972,0.6079165776570638,0.6001843770345052,0.5941703796386719,0.6250993728637695,0.6208036422729493,0.6139305750528972,0.6070574442545573,0.6336907704671224,0.6319724400838216,0.6276767730712891,0.6216628392537434,0.4832524052372685,0.4954712479202836,0.5092174388744213,0.5260183828848379,0.5351825290256076,0.513799540201823,0.5351825290256076,0.5535107647931135,0.5718390570746528,0.5244910346137153,0.5474013717086227,0.5672570122612848,0.5840578997576679,0.5336551242404514,0.5535107647931135,0.5733664053457754,0.5901673493561921,0.538237225567853,0.5596202143916378,0.5748937536168981,0.5916946976273149,0.4878730773925781,0.5005004405975342,0.5074052810668945,0.5117630362510681,0.4790929853916168,0.47297751903533936,0.4671858251094818,0.5219792723655701,0.4585748612880707,0.5019882321357727,0.4770757853984833,0.5744099020957947,0.41427499055862427,0.6320921778678894,0.35722383856773376,0.6250138878822327,0.3540709912776947,0.6304404735565186,0.3490552008152008,0.6080843210220337,0.3694658875465393,0.6024439930915833,0.37624391913414,0.5442788004875183,0.43849706649780273,0.546293318271637,0.443463534116745,0.5396320223808289,0.44042620062828064,0.5435546636581421,0.4389422833919525,0.5132825374603271,0.4568983316421509,0.20262302458286285,0.17826396226882935,0.17896206676959991,0.17976114153862,0.1793016642332077,0.18027804791927338,0.1814911812543869,0.19980861246585846,0.1979980766773224,0.23479466140270233,0.23220884799957275,0.3763875663280487,0.3757961392402649,0.5563799142837524,0.5438361763954163,0.5083258152008057,0.5045031309127808,0.5357608199119568,0.5318858623504639,0.5194133520126343,0.5094467997550964,0.5147075057029724,0.5032354593276978,0.8441034555435181,0.8502050042152405,1.1767022609710693,1.135058045387268,1.4653427600860596,1.4617451429367065,1.50081467628479,1.5068978071212769,1.5612565279006958,1.5593665838241577
0.3438328425089518,0.361027971903483,0.3782230695088704,0.3902596791585286,0.4031559944152832,0.3696255366007487,0.3790828386942546,0.386820634206136,0.3928389231363932,0.3593084653218587,0.3670462608337402,0.3739243189493815,0.3808023452758789,0.3489913940429687,0.3550096829732259,0.3618877092997233,0.3687657674153646,0.3386743227640788,0.3429730733235677,0.3472718556722005,0.3524304072062174,0.3995068302860966,0.402563730875651,0.4010352805808738,0.402563730875651,0.3933930008499711,0.3995068302860966,0.4163198400426794,0.4331328215422453,0.4499458312988281,0.411734460901331,0.430075920952691,0.4499458312988281,0.4682872913501881,0.4224336412217881,0.4407751012731482,0.4591165613245081,0.4744011207863136,0.4316043712474681,0.4468889307092737,0.4621734901710793,0.4759295993381076,0.6284120559692383,0.611216926574707,0.5948815663655599,0.5819852193196614,0.569088872273763,0.6008998870849609,0.5931620915730794,0.5862840016682943,0.5802657445271809,0.6120766957600912,0.6051986694335938,0.5983205795288086,0.5931620915730794,0.6241132736206054,0.6198144912719726,0.6129364649454753,0.6060583750406902,0.6344303766886393,0.6327108383178711,0.6292718251546224,0.6249730428059895,0.4163198400426794,0.4132629111961082,0.4132629111961082,0.4178482903374566,0.4132629111961082,0.3949214511447482,0.4086775603117766,0.4224336412217881,0.4377182006835937,0.402563730875651,0.4178482903374566,0.4331328215422453,0.4499458312988281,0.4132629111961082,0.4239621197735821,0.4377182006835937,0.4530027601453993,0.4224336412217881,0.4331328215422453,0.4423035798249421,0.4530027601453993,0.48862436413764954,0.5012973546981812,0.5078476071357727,0.5123868584632874,0.4800390899181366,0.47363731265068054,0.4681171178817749,0.5236473679542542,0.45858755707740784,0.5023731589317322,0.47739988565444946,0.5751149654388428,0.41434258222579956,0.6551840305328369,0.3377949595451355,0.6279515624046326,0.3502160608768463,0.629440426826477,0.3482467532157898,0.607396125793457,0.369721382856369,0.6027756929397583,0.37545111775398254,0.5444656014442444,0.4377191662788391,0.5455643534660339,0.442693293094635,0.537940263748169,0.4381648898124695,0.5416054129600525,0.4354349970817566,0.5130854249000549,0.45526745915412903,0.20436054468154907,0.17867334187030792,0.17938761413097382,0.18017183244228363,0.1795283555984497,0.18053340911865234,0.18180686235427856,0.20001275837421417,0.19849549233913422,0.23590867221355438,0.23502986133098602,0.37721675634384155,0.3752780556678772,0.5522885322570801,0.540471076965332,0.4370284378528595,0.4356602430343628,0.42522871494293213,0.42746180295944214,0.4053919017314911,0.4036094546318054,0.4158884286880493,0.41040727496147156,0.8464748859405518,0.8511571288108826,1.1773443222045898,1.1312811374664307,1.4670172929763794,1.4592022895812988,1.5048108100891113,1.507013201713562,1.565511703491211,1.5585590600967407
0.3529026667277018,0.3675025304158528,0.3821023941040039,0.3941258112589518,0.405290412902832,0.3717966079711914,0.3803847630818684,0.3872552871704101,0.3932669957478841,0.3614908218383789,0.3675025304158528,0.3743730545043945,0.3803847630818684,0.3503262201944987,0.3546202977498372,0.3606320063273112,0.3666437149047851,0.3408792495727539,0.3425968805948893,0.3468909581502278,0.3520438512166341,0.361296703197338,0.3383949562355324,0.323127124927662,0.3154932092737268,0.3032789442274305,0.3017521610966435,0.3063325104890046,0.3185467755353009,0.3353413899739583,0.3078592936197916,0.3170199924045139,0.3338146068431712,0.3490824381510417,0.3200735586660879,0.3277074743200232,0.3414485224971065,0.3551895706741898,0.3338146068431712,0.3414485224971065,0.3506092212818287,0.361296703197338,0.6199942270914713,0.6028179168701172,0.5873592376708985,0.5779122670491537,0.5676064809163411,0.5993826548258464,0.5933709462483724,0.5865004221598308,0.5813475290934245,0.6114060719807942,0.6071119944254557,0.5985238393147786,0.5925121307373047,0.6225706736246744,0.620853042602539,0.612264887491862,0.6053943634033203,0.6320176442464193,0.632876459757487,0.6277235666910808,0.6225706736246744,0.362823486328125,0.3445020887586805,0.3307610405815972,0.321600341796875,0.3124396430121527,0.2956450285734954,0.2910646791811342,0.3032789442274305,0.3154932092737268,0.2971718117042824,0.2925914623119213,0.3078592936197916,0.323127124927662,0.3093860767505787,0.3017521610966435,0.3139664261429398,0.3277074743200232,0.3261806911892361,0.321600341796875,0.3261806911892361,0.3322878237123842,0.4894585907459259,0.5024240612983704,0.5088157653808594,0.5145618915557861,0.48055917024612427,0.47400158643722534,0.46835553646087646,0.5256016850471497,0.4585953950881958,0.5030416250228882,0.47742384672164917,0.5760208964347839,0.4143252670764923,0.6620737910270691,0.331307590007782,0.6277688145637512,0.3510653078556061,0.6273027658462524,0.35214388370513916,0.6065959930419922,0.372060090303421,0.6025136709213257,0.37737053632736206,0.5451706647872925,0.4368077516555786,0.5457831025123596,0.44266656041145325,0.5378488898277283,0.4342942535877228,0.5414172410964966,0.4306735098361969,0.5142282843589783,0.45088785886764526,0.20469537377357483,0.17866316437721252,0.17939375340938568,0.18017776310443878,0.17952977120876312,0.1805407702922821,0.1818329393863678,0.20001299679279327,0.19854535162448883,0.2364637851715088,0.23599106073379517,0.37479397654533386,0.37496185302734375,0.5198115110397339,0.5155897736549377,0.3578450083732605,0.3614913523197174,0.3246500790119171,0.33407527208328247,0.3101915121078491,0.31686073541641235,0.32760265469551086,0.3294319212436676,0.8465287685394287,0.8500255942344666,1.1778149604797363,1.127776026725769,1.4674627780914307,1.4554017782211304,1.5120782852172852,1.5053309202194214,1.5667353868484497,1.5547924041748047
0.3569764137268066,0.3732778867085775,0.3878634452819824,0.3964431762695312,0.4067388534545898,0.3775677680969238,0.3818576176961263,0.3878634452819824,0.3930112838745117,0.3655561447143555,0.368988037109375,0.3758518218994141,0.3827156066894531,0.3544025103251139,0.3561184565226237,0.3629822413126627,0.368988037109375,0.3441068331400553,0.3441068331400553,0.3483966827392578,0.3535445213317871,0.2985567446108217,0.2802533185040509,0.2634752061631944,0.2482223510742187,0.232969495985243,0.2299189249674479,0.2192419264051649,0.2283936394585503,0.2405959235297309,0.2314442104763454,0.2238177829318576,0.2375453525119357,0.2497476365831163,0.2421212090386284,0.2344947814941406,0.2451717800564236,0.2558487786187066,0.2588993496365017,0.254323493109809,0.2588993496365017,0.265000491672092,0.6186581293741862,0.6032145818074545,0.5886290868123373,0.5800493240356446,0.5671797434488932,0.598066775004069,0.5946348826090495,0.5886290868123373,0.5817653020222981,0.6092204411824544,0.6075044631958008,0.6006406784057617,0.5929189046223958,0.6212320327758789,0.6212320327758789,0.613510258992513,0.6057885487874349,0.6315277099609375,0.6332436243693034,0.6298117319742839,0.6238059361775716,0.3031326011375144,0.2848291750307436,0.2695763481987847,0.254323493109809,0.2375453525119357,0.2253430684407552,0.2100902274802879,0.2085649419713903,0.2161913695158782,0.22229249742296,0.2039890854446976,0.2085649419713903,0.2192419264051649,0.2299189249674479,0.2116155129891854,0.213140798498083,0.22229249742296,0.2451717800564236,0.232969495985243,0.2314442104763454,0.232969495985243,0.4901040494441986,0.5031817555427551,0.5092810988426208,0.5150236487388611,0.48119884729385376,0.4745050370693207,0.4685722589492798,0.5262519717216492,0.4586368501186371,0.5034189820289612,0.47748592495918274,0.5760003328323364,0.41421034932136536,0.6651076674461365,0.32556042075157166,0.6269553899765015,0.35220324993133545,0.6261029839515686,0.3545166254043579,0.6085988879203796,0.3735128343105316,0.6049394607543945,0.3786827325820923,0.545835554599762,0.43678104877471924,0.5463123321533203,0.44260120391845703,0.5372389554977417,0.43369975686073303,0.5402605533599854,0.4295119643211365,0.5143800377845764,0.4508831799030304,0.20503613352775574,0.17859962582588196,0.1793193370103836,0.18013468384742737,0.1795284003019333,0.1805509775876999,0.1819038689136505,0.1998216211795807,0.1985270380973816,0.2369813323020935,0.2365591824054718,0.37400299310684204,0.3744816184043884,0.4841601252555847,0.47407594323158264,0.29982197284698486,0.2977045774459839,0.2540532350540161,0.25369080901145935,0.24342289566993713,0.24364739656448364,0.26159438490867615,0.2614378333091736,0.8476452827453613,0.8503683805465698,1.178078055381775,1.1284441947937012,1.4790267944335938,1.4562482833862305,1.5292352437973022,1.505767583847046,1.578093409538269,1.556273341178894
0.3585046132405599,0.3748026529947916,0.3893850962320963,0.3988208134969075,0.409972095489502,0.3808072090148925,0.3842383702596029,0.3911006927490234,0.3971052169799804,0.3696559270222981,0.3705136934916178,0.378233814239502,0.3850961685180664,0.3585046132405599,0.3585046132405599,0.3653669675191243,0.3713714917500814,0.3499267260233561,0.3490689277648925,0.3525000890096029,0.3576468467712402,0.2525365758825231,0.2342370351155599,0.2159374943485966,0.1961129788999204,0.1778134381329571,0.1778134381329571,0.1640887790256076,0.1625638043438946,0.1686636606852213,0.1762884775797526,0.1579889226842809,0.1625638043438946,0.1701886212384259,0.1839132803457754,0.1656137395788122,0.1686636606852213,0.1747635028980396,0.197637939453125,0.1884881620053891,0.1869632014521846,0.1884881620053891,0.6184153874715169,0.6021173477172852,0.5875349044799805,0.5798147837320964,0.5678056716918946,0.598686154683431,0.594397226969401,0.5875349044799805,0.5789569854736328,0.6081218719482422,0.604690678914388,0.5978283564249675,0.5883926391601563,0.6192731221516927,0.6175575892130534,0.6115530014038086,0.6038328806559244,0.630424435933431,0.6312822341918946,0.6295666376749675,0.626135508219401,0.2571114716706452,0.2388119167751736,0.2205123760082103,0.2006878605595341,0.1839132803457754,0.1747635028980396,0.1579889226842809,0.1503641199182581,0.1488391452365451,0.1701886212384259,0.1503641199182581,0.1427393030237268,0.1427393030237268,0.1747635028980396,0.1564639621310763,0.1473141846833405,0.1442642635769314,0.1869632014521846,0.173238542344835,0.1656137395788122,0.1579889226842809,0.49099141359329224,0.503882646560669,0.5098956823348999,0.516068160533905,0.4826950132846832,0.47577598690986633,0.46975964307785034,0.527091383934021,0.45912232995033264,0.5043511986732483,0.4781140387058258,0.5757927298545837,0.41433000564575195,0.6677675247192383,0.3219958245754242,0.6262897849082947,0.35383471846580505,0.6257383227348328,0.3554442822933197,0.6087716817855835,0.3744382858276367,0.6046076416969299,0.37906864285469055,0.5458476543426514,0.4368442893028259,0.5459325909614563,0.4423478841781616,0.533656656742096,0.43163806200027466,0.5354804396629333,0.4265492856502533,0.5138485431671143,0.4499663710594177,0.2051061987876892,0.17848436534404755,0.1792135089635849,0.18006691336631775,0.179393008351326,0.18037040531635284,0.18162700533866882,0.1993636041879654,0.19774077832698822,0.23697537183761597,0.23654423654079437,0.3731338083744049,0.3736211657524109,0.45034581422805786,0.43916669487953186,0.25928574800491333,0.2535181939601898,0.2036193609237671,0.20633499324321747,0.191616028547287,0.19561146199703217,0.2137390673160553,0.2137267142534256,0.8476817607879639,0.8502938151359558,1.1768368482589722,1.1286051273345947,1.4809614419937134,1.45658278465271,1.5317081212997437,1.5060135126113892,1.5782585144042969,1.5569868087768555
0.3621771812438965,0.3784326553344727,0.3938325881958008,0.4015325546264648,0.4117991765340169,0.3835659662882487,0.3869881947835286,0.3938325881958008,0.4023880958557129,0.3732993443806966,0.3758659998575846,0.3809993108113607,0.3878437360127767,0.3630327542622884,0.3647438367207845,0.3690216064453125,0.3732993443806966,0.3527661323547363,0.3536216735839844,0.3553327878316243,0.3587549845377604,0.2177488962809244,0.1994971381293402,0.1812453658492477,0.1614726172553168,0.1401788923475477,0.1432208591037326,0.1280110535798249,0.1204061578821252,0.1173641911259403,0.1416998827898944,0.1234481105098018,0.1173641911259403,0.1143222314340097,0.1462628117314091,0.1310530203360098,0.1234481105098018,0.1188851674397786,0.1599516409414786,0.1508257548014323,0.1447418354175708,0.1371369397198712,0.6171315511067709,0.6017316182454427,0.5863316853841146,0.5786317189534506,0.5675095240275065,0.5974538803100586,0.5931760787963867,0.5863316853841146,0.5786317189534506,0.6077204386393229,0.6051537831624348,0.5991649627685547,0.5906094233194987,0.6188426335652669,0.6162759780883789,0.6111426671346029,0.6042982737223307,0.629109255472819,0.6308203379313151,0.629109255472819,0.6248315175374349,0.2253538061071325,0.2071020338270399,0.1888502756754557,0.1690775270815248,0.1508257548014323,0.1416998827898944,0.12496908682364,0.1128012480559172,0.1036753689801251,0.1356159492775246,0.1158432077478479,0.1036753689801251,0.0930285065262405,0.1386579160337095,0.1188851674397786,0.1067173286720558,0.0960704662181713,0.1508257548014323,0.1356159492775246,0.1234481105098018,0.1097592883639865,0.4911941587924957,0.5039740204811096,0.510087788105011,0.5164510011672974,0.4835016429424286,0.4765862822532654,0.47073855996131897,0.5280680060386658,0.4596957862377167,0.5047393441200256,0.47847625613212585,0.5746846795082092,0.4153900146484375,0.6691415905952454,0.3204050362110138,0.625880241394043,0.35451793670654297,0.6253973245620728,0.35707491636276245,0.6086670756340027,0.374706894159317,0.6041214466094971,0.3797447979450226,0.5461440682411194,0.437776654958725,0.543836236000061,0.44249242544174194,0.530188798904419,0.43079957365989685,0.5322867631912231,0.42516154050827026,0.5105629563331604,0.45017755031585693,0.20521694421768188,0.17840297520160675,0.17913204431533813,0.18000173568725586,0.17920929193496704,0.18009087443351746,0.18117459118366241,0.19936728477478027,0.1969793289899826,0.23705193400382996,0.23652996122837067,0.3730260133743286,0.3731294274330139,0.4167160093784332,0.40774258971214294,0.21802982687950134,0.21868403255939484,0.15937073528766632,0.16344156861305237,0.1537483036518097,0.15507861971855164,0.18121078610420227,0.17821760475635529,0.8476231694221497,0.8501925468444824,1.17679762840271,1.128785490989685,1.4830076694488525,1.4571195840835571,1.5320484638214111,1.5059502124786377,1.5790421962738037,1.5574060678482056
0.3657008488972982,0.3820587476094564,0.3966947555541992,0.4044432322184245,0.4156354904174805,0.3872243881225586,0.391529115041097,0.3984166463216146,0.4070260683695475,0.3777540524800618,0.3811978022257486,0.3880853335062663,0.3966947555541992,0.3674227396647135,0.3691446304321289,0.3760321617126465,0.3837806383768717,0.3570914268493652,0.3579523722330729,0.3605352083841959,0.3648399035135904,0.1972513834635416,0.1773540638111256,0.1589873137297453,0.1390899799488208,0.1191926602964048,0.1191926602964048,0.1038870281643337,0.0947036531236436,0.0901119585390444,0.1146009727760597,0.097764778137207,0.0885813960322627,0.0839897085119176,0.1191926602964048,0.102356465657552,0.0916425210458261,0.0855202710186993,0.1314371744791666,0.1207232298674406,0.113070410269278,0.1038870281643337,0.6162349065144856,0.6007379531860352,0.5861019770304362,0.5774925231933594,0.5663003285725912,0.5964332580566406,0.5921285629272461,0.5852409998575846,0.5774925231933594,0.6076255162556966,0.6050427118937175,0.5998770395914713,0.5921285629272461,0.617956797281901,0.6162349065144856,0.6119302113850912,0.6059036254882812,0.629149055480957,0.6308709462483724,0.6300100326538086,0.6265662511189779,0.2033736476191767,0.1850068834092882,0.1681706887704354,0.1482733691180194,0.1299066049081307,0.1191926602964048,0.1008259031507704,0.0885813960322627,0.0778674514205367,0.113070410269278,0.0916425210458261,0.076336888913755,0.0640923888595016,0.1161315352828414,0.0962342156304253,0.0809285834983543,0.0656229513662832,0.1268454798945674,0.1115398477624963,0.0992953406439887,0.082459146005136,0.4915148913860321,0.5044135451316833,0.5105377435684204,0.5173749327659607,0.484125018119812,0.47711360454559326,0.47124555706977844,0.5287172198295593,0.4600145220756531,0.5052698254585266,0.4787927269935608,0.5739891529083252,0.41579973697662354,0.668996274471283,0.3189272880554199,0.6249504089355469,0.35704997181892395,0.6252036690711975,0.3622824251651764,0.6088401079177856,0.3769375681877136,0.6040113568305969,0.3799951672554016,0.5467780828475952,0.43847140669822693,0.5434104800224304,0.4434739053249359,0.5304237008094788,0.43107375502586365,0.5326135754585266,0.42543452978134155,0.5106319785118103,0.4536961317062378,0.20557911694049835,0.17842444777488708,0.1791633814573288,0.18005678057670593,0.17915944755077362,0.1799585074186325,0.18091754615306854,0.19942162930965424,0.1964355707168579,0.23710595071315765,0.23654107749462128,0.37303444743156433,0.372484415769577,0.39498522877693176,0.38850709795951843,0.19907280802726746,0.19573469460010529,0.13390988111495972,0.1332835853099823,0.13092485070228577,0.12944598495960236,0.15730313956737518,0.1524888575077057,0.8476535081863403,0.8501589298248291,1.176702618598938,1.1261674165725708,1.4831087589263916,1.4573527574539185,1.5316581726074219,1.5046697854995728,1.5791659355163574,1.558435082435608
0.3689530690511067,0.3855013529459635,0.4003076871236165,0.4098882357279459,0.4203397750854492,0.3915980656941731,0.3959528605143229,0.4029205640157063,0.4116301854451497,0.3820174853006998,0.3846303621927897,0.3915980656941731,0.3994367281595866,0.3715659459431966,0.3733078956604004,0.37940460840861,0.3881142298380534,0.3611144383748372,0.3611144383748372,0.3628563563028971,0.3663401921590169,0.1862088662606698,0.1676283659758391,0.1505962371826172,0.1304673512776692,0.1103384724369755,0.1087900938811125,0.0933063436437536,0.085564464992947,0.0778225863421404,0.1056933438336407,0.0871128364845558,0.0793709648980034,0.0731774577388057,0.1103384724369755,0.0933063436437536,0.0809193363896122,0.0747258362946687,0.1242738511827257,0.1118868509928385,0.1025965937861689,0.0917579650878906,0.6163060506184895,0.5997577667236328,0.5849514643351237,0.5762418111165365,0.5649193445841472,0.5954029719034831,0.5901772181193033,0.5840805053710938,0.5762418111165365,0.6058545430501302,0.6032416025797526,0.5980158487955729,0.5901772181193033,0.6171770095825195,0.6154350916544596,0.61020933787028,0.6041125615437826,0.6284994761149089,0.6302414576212565,0.6293704350789388,0.625886599222819,0.1908539948640046,0.1722734945791739,0.1567897372775607,0.1366608513726128,0.1180803510877821,0.1056933438336407,0.0871128364845558,0.0778225863421404,0.0654355861522533,0.0994998437386971,0.0778225863421404,0.0638872075963903,0.0499518288506401,0.1025965937861689,0.0824677149454752,0.0654355861522533,0.0499518288506401,0.1134352224844473,0.0979514651828342,0.085564464992947,0.0685323361997251,0.49188512563705444,0.5048998594284058,0.5110722780227661,0.5182163119316101,0.48485738039016724,0.4776862859725952,0.4716552793979645,0.5292970538139343,0.4601767957210541,0.5057426691055298,0.4794391095638275,0.5738531947135925,0.4164060354232788,0.668704092502594,0.31938832998275757,0.6237949132919312,0.3603763282299042,0.6246483325958252,0.36868709325790405,0.6087047457695007,0.3807539641857147,0.6037378907203674,0.38220134377479553,0.5473929643630981,0.43895742297172546,0.5429894924163818,0.44404950737953186,0.5305566191673279,0.4313356578350067,0.5327774286270142,0.4256081283092499,0.5108776688575745,0.45533785223960876,0.205633282661438,0.1784224808216095,0.1791585087776184,0.18005962669849396,0.17906801402568817,0.17978009581565857,0.18055111169815063,0.19935236871242523,0.19599638879299164,0.23702624440193176,0.2365162968635559,0.37203747034072876,0.37235674262046814,0.3814595639705658,0.37604185938835144,0.1855836808681488,0.18813467025756836,0.11939103901386261,0.12872067093849182,0.11597367376089096,0.12375002354383469,0.1433981955051422,0.14599257707595825,0.8477046489715576,0.8501794934272766,1.1770654916763306,1.1257613897323608,1.484473705291748,1.4579867124557495,1.531217336654663,1.5048117637634277,1.5796557664871216,1.5601636171340942
0.3733216603597005,0.3898639678955078,0.4046650250752767,0.414242140452067,0.4246899286905924,0.3959585189819335,0.4003117561340332,0.4081476211547851,0.4168540954589844,0.3863813718159993,0.3889933268229166,0.3950878779093424,0.4029237111409505,0.375933583577474,0.3776748975118001,0.384640089670817,0.3933465639750163,0.3654857953389486,0.3646151542663574,0.3663564682006835,0.3707097053527832,0.1849311122187861,0.1679050869411892,0.1508790616635923,0.1323052017777054,0.1137313630845811,0.1106357150607638,0.0951575102629485,0.0889662283438223,0.0843227669044777,0.1059922536214192,0.0889662283438223,0.0812271259449146,0.07658366450557,0.1106357150607638,0.0936096897831669,0.0843227669044777,0.0781314849853515,0.1261139198585792,0.1152791835643627,0.1059922536214192,0.09670533074273,0.6153621037801107,0.5996904373168945,0.5848894119262695,0.5753122329711914,0.5639938354492188,0.5935958862304688,0.5892426172892252,0.5831480662027995,0.5753122329711914,0.6049142837524414,0.602302360534668,0.5970784505208333,0.5892426172892252,0.6162327448527019,0.6144914627075195,0.6092675526936849,0.6031730016072591,0.6275512059529622,0.6292924880981445,0.6284218470255534,0.6249392191569011,0.1864789326985677,0.1694529074209707,0.1539747026231553,0.133853022257487,0.1152791835643627,0.1028966126618562,0.0843227669044777,0.0750358440257884,0.0642011006673177,0.09670533074273,0.0750358440257884,0.0611054597077546,0.0502707128171567,0.0998009717022931,0.0796793054651331,0.0642011006673177,0.0502707128171567,0.1121835355405454,0.0982531512225115,0.0858705873842592,0.0703923825864438,0.49237769842147827,0.5053945779800415,0.5116551518440247,0.5190195441246033,0.48541560769081116,0.4780943989753723,0.4718746840953827,0.5297297239303589,0.46026045083999634,0.5064148306846619,0.48011451959609985,0.5738321542739868,0.4165087938308716,0.6685543656349182,0.3194088935852051,0.6237450838088989,0.3642810583114624,0.6239385008811951,0.373332142829895,0.6086347103118896,0.38512885570526123,0.6036111116409302,0.3861296772956848,0.5480411648750305,0.439257949590683,0.5428423285484314,0.44420984387397766,0.5306645035743713,0.4317419230937958,0.5328126549720764,0.4256390333175659,0.5113628506660461,0.45715269446372986,0.2056461125612259,0.17837610840797424,0.17910246551036835,0.18002423644065857,0.17896093428134918,0.17963525652885437,0.18029308319091797,0.1990833729505539,0.19590651988983154,0.23684343695640564,0.23648975789546967,0.3715725839138031,0.37218496203422546,0.3760291635990143,0.37033477425575256,0.18314222991466522,0.18525178730487823,0.11986733973026276,0.12595491111278534,0.11406876146793365,0.12101694941520691,0.1403336226940155,0.1429542750120163,0.847726583480835,0.8501991629600525,1.1770896911621094,1.1252846717834473,1.4847735166549683,1.4589534997940063,1.5308207273483276,1.5049128532409668,1.5798066854476929,1.562541127204895
0.3762656529744466,0.3933862368265787,0.4087947845458984,0.4190671602884928,0.4301955223083496,0.4019465446472168,0.4053706804911295,0.411362870534261,0.419923178354899,0.3908181508382161,0.3925302187601725,0.3968103726704915,0.4010905265808105,0.3796897888183593,0.3796897888183593,0.3839699109395345,0.3882500648498535,0.369417413075765,0.3685613950093587,0.369417413075765,0.3728415489196777,0.1941164228651258,0.1788981119791666,0.1636798010932074,0.1469396661829065,0.1301995171440972,0.1256340309425636,0.1104157200566044,0.1058502338550708,0.1073720649436668,0.1225903687653718,0.1043284027664749,0.1012847405892831,0.1043284027664749,0.1286776931197555,0.1119375511452003,0.1088938960322627,0.1104157200566044,0.1423741658528645,0.133243179321289,0.1317213552969473,0.1301995171440972,0.6159540176391601,0.5988334019978842,0.5834248860677084,0.574008560180664,0.5620241165161133,0.5928412119547526,0.5877050399780274,0.5808567682902018,0.5731525421142578,0.6039695739746094,0.6014015197753906,0.5954092661539714,0.5877050399780274,0.6150979995727539,0.6133858998616536,0.6073937098185221,0.6014015197753906,0.6262263615926107,0.6279383977254231,0.6279383977254231,0.6253703435262045,0.1925945847122757,0.1758544498019748,0.1606361389160156,0.1423741658528645,0.1241122069182219,0.1149812133223922,0.0982410784120912,0.0921537540577076,0.0860664297033239,0.1073720649436668,0.0875882607919198,0.0784572742603443,0.0738917809945565,0.1104157200566044,0.0906319229691116,0.0815009364375361,0.0769354431717484,0.1241122069182219,0.1119375511452003,0.1012847405892831,0.0891100918805157,0.49288761615753174,0.5058704614639282,0.5121538043022156,0.5197721719741821,0.4858402907848358,0.4784950315952301,0.47222721576690674,0.530013382434845,0.46057558059692383,0.5071982145309448,0.48072633147239685,0.5738152861595154,0.4165554642677307,0.6689857244491577,0.320025771856308,0.6236968636512756,0.3701018691062927,0.6219414472579956,0.38097313046455383,0.6085571646690369,0.39330336451530457,0.6034706830978394,0.3943978250026703,0.5482012033462524,0.43928301334381104,0.5426589250564575,0.4441661536693573,0.5306212306022644,0.4313684105873108,0.5327681303024292,0.4251311421394348,0.5112714171409607,0.45710107684135437,0.2059701383113861,0.1784294843673706,0.17914165556430817,0.18007679283618927,0.17896506190299988,0.17963461577892303,0.1802900731563568,0.1989625096321106,0.19591772556304932,0.2368696928024292,0.23656313121318817,0.371121883392334,0.37205109000205994,0.3739469349384308,0.36873549222946167,0.1858033537864685,0.18965929746627808,0.1266135722398758,0.13393567502498627,0.1213768869638443,0.13069184124469757,0.14503955841064453,0.1507457047700882,0.8477396368980408,0.8502807021141052,1.1769802570343018,1.1248633861541748,1.4848579168319702,1.4591938257217407,1.5306915044784546,1.5050263404846191,1.5802239179611206,1.5634492635726929
0.3798082033793131,0.3969297726949056,0.4123392105102539,0.4234682401021322,0.4363094329833984,0.4072027206420898,0.4106270472208659,0.4149074554443359,0.4191878318786621,0.3943615277608235,0.3960736910502115,0.4003540992736816,0.4037784258524576,0.3832324981689453,0.3815203348795573,0.3849446614583333,0.3900811513264974,0.371247386932373,0.370391305287679,0.371247386932373,0.372103468577067,0.2082000449851707,0.1990685215702763,0.1884150893599898,0.1762397483543113,0.1610205615008318,0.1564547927291305,0.1427575287995515,0.1458013746473524,0.1534109610098379,0.1518890380859375,0.1381917741563585,0.1458013746473524,0.1594986385769314,0.1564547927291305,0.1442794517234519,0.1534109610098379,0.1640643932201244,0.1686301478633174,0.1594986385769314,0.1655863161440249,0.1731959025065104,0.6169421513875325,0.5989645004272461,0.5826990127563476,0.5724260330200195,0.5595848719278972,0.589547602335612,0.5852672576904296,0.5801307678222656,0.5732821146647136,0.6006766637166341,0.598108418782552,0.592971928914388,0.5878354390462239,0.6135178248087565,0.6126617431640625,0.6075253168741862,0.6032449086507161,0.6246468861897786,0.6272151311238606,0.6272151311238606,0.6272151311238606,0.2051561991373698,0.1929808440031828,0.1792835800736038,0.1655863161440249,0.1503671292905454,0.1397136970802589,0.127538341946072,0.1244945102267795,0.1260164190221716,0.132104096589265,0.1138410709522388,0.1138410709522388,0.118406832659686,0.136669851232458,0.118406832659686,0.1168849097357856,0.118406832659686,0.1488452063666449,0.1397136970802589,0.1336260195131655,0.127538341946072,0.49343398213386536,0.5065479874610901,0.5128563046455383,0.520675003528595,0.4868769645690918,0.4797113835811615,0.47315770387649536,0.5303344130516052,0.4617723524570465,0.5077247023582458,0.48113009333610535,0.5737946629524231,0.41636767983436584,0.6707849502563477,0.31830033659935,0.6226004958152771,0.37462398409843445,0.6159406900405884,0.38835251331329346,0.6051176190376282,0.40333327651023865,0.601808488368988,0.40272271633148193,0.5482171177864075,0.4392745792865753,0.5426807403564453,0.4441331923007965,0.5306930541992188,0.4311489462852478,0.5326246619224548,0.42456483840942383,0.5117866396903992,0.45698267221450806,0.20634344220161438,0.1787116825580597,0.17951469123363495,0.18067200481891632,0.17899028956890106,0.17962950468063354,0.18022097647190094,0.19942337274551392,0.19591371715068817,0.2371988594532013,0.23663699626922607,0.3712599277496338,0.3719444274902344,0.37660422921180725,0.3684837222099304,0.19357503950595856,0.20635132491588593,0.14083980023860931,0.16067054867744446,0.13957200944423676,0.15881852805614471,0.161901593208313,0.18004059791564941,0.8480240702629089,0.8504374027252197,1.1770403385162354,1.1254907846450806,1.4879595041275024,1.4623799324035645,1.5321426391601562,1.5068539381027222,1.5857352018356323,1.5682785511016846
0.378947139110684,0.39582543296738154,0.41084166682211076,0.4219486407137372,0.43627209544379203,0.40511627988041,0.40959130536138555,0.41221496588114587,0.4129321218447461,0.3933123981887335,0.3954968983175228,0.3955955196202337,0.39650415497990743,0.3818378501673253,0.3805697188377942,0.3807472861718178,0.3827912929584005,0.3695596249193643,0.3671881649312684,0.3668618735599856,0.36525645729983375,0.2091432757233645,0.21471782376142035,0.21473152972352547,0.2108866928569289,0.20154153019248294,0.1940400864260786,0.196927149591048,0.20980953876111214,0.2258534682918843,0.19110515009098594,0.19458217066594505,0.20985491656489608,0.22735876848340048,0.191996717217429,0.19432322666881024,0.20943799211654376,0.2248749431452695,0.1962867171286612,0.19879788832267367,0.20949018418524748,0.22219708872976443,0.616610590616862,0.5975809733072917,0.5802812576293945,0.5699014663696289,0.5577917098999023,0.5863361358642578,0.5828762054443359,0.5802812576293945,0.5776863098144531,0.5984459559122721,0.5975809733072917,0.5941210428873698,0.5906610488891602,0.6114206949869792,0.6122856775919596,0.6088257471720377,0.6045008341471354,0.6235304514567057,0.6261253992716471,0.6261253992716471,0.6252604166666667,0.2206255029748987,0.2160122624150029,0.2083235140200014,0.1975592860469111,0.1837195643672236,0.1760308301007306,0.1683420958342375,0.1806440706606264,0.1975592860469111,0.1698798426875361,0.1591156005859375,0.174493083247432,0.1929460454870153,0.1729553363941333,0.1591156005859375,0.1714175895408347,0.1867950580738208,0.182181817513925,0.174493083247432,0.174493083247432,0.1775685769540292,0.495495468378067,0.5080670118331909,0.514712929725647,0.5224536061286926,0.4882999658584595,0.4811180531978607,0.47413671016693115,0.5308752059936523,0.46181026101112366,0.508618175983429,0.48162221908569336,0.5738588571548462,0.41557255387306213,0.6729270219802856,0.31769275665283203,0.6224404573440552,0.3757074773311615,0.6104142665863037,0.3902474641799927,0.6014130115509033,0.4052305817604065,0.6005570888519287,0.4042806625366211,0.5482266545295715,0.43927285075187683,0.5429900288581848,0.4441060423851013,0.5311150550842285,0.4302293360233307,0.532641589641571,0.42293593287467957,0.5125487446784973,0.4565678536891937,0.20698311924934387,0.1795276403427124,0.1807166188955307,0.18206949532032013,0.179080992937088,0.17968560755252838,0.18030276894569397,0.2003844827413559,0.19687771797180176,0.23840732872486115,0.23809684813022614,0.37301674485206604,0.3713618814945221,0.38119593262672424,0.3697970509529114,0.21491990983486176,0.22277235984802246,0.17554259300231934,0.1944415122270584,0.17605708539485931,0.19210493564605713,0.19633901119232178,0.208236426115036,0.8486976623535156,0.8507688045501709,1.1772687435150146,1.1252002716064453,1.4924495220184326,1.466446876525879,1.537361979484558,1.5132371187210083,1.5920567512512207,1.574394941329956
0.3766554832458496,0.3923078536987304,0.4079602241516113,0.4192647298177083,0.4340475082397461,0.401003615061442,0.4044819196065267,0.4053514798482259,0.4053514798482259,0.3905687014261881,0.3914382616678873,0.3896991093953451,0.3879599571228027,0.3783946355183919,0.3775250434875488,0.3757858912150065,0.3749163309733073,0.3670901298522949,0.3636118253072103,0.3610031127929687,0.3575248082478841,0.2098310399938512,0.2268360844364872,0.2407493026168258,0.2453870420102719,0.2422952157479745,0.2314738238299334,0.2515706945348669,0.273213478370949,0.29640217533818,0.2299279106987847,0.2500247814037181,0.2716675652398003,0.2917644359447338,0.2268360844364872,0.2438411288791232,0.2639379995840567,0.2840348702889901,0.2237442581741898,0.2376574763545283,0.2531166076660156,0.2701216521086516,0.6175280888875325,0.6018757502237956,0.5853537877400716,0.5731796900431315,0.5583969116210937,0.5905712763468425,0.5853537877400716,0.5836146672566732,0.5818754831949869,0.6018757502237956,0.5975278854370117,0.5949191411336263,0.594049580891927,0.614049784342448,0.6114411036173503,0.6088323593139648,0.6053540547688802,0.6253543217976888,0.6279630025227865,0.6288326263427735,0.6279630025227865,0.2330197369610821,0.2252901713053385,0.2237442581741898,0.2221983450430411,0.2160146925184461,0.1990096480758101,0.2160146925184461,0.2330197369610821,0.2500247814037181,0.1959178218135127,0.2082851268627025,0.2252901713053385,0.2407493026168258,0.1959178218135127,0.2036473874692563,0.2206524319118923,0.2345656500922309,0.2005555612069589,0.2021014743381076,0.2067392137315538,0.2160146925184461,0.4969145953655243,0.5096031427383423,0.5166806578636169,0.5247794985771179,0.4893721044063568,0.48172619938850403,0.4744497835636139,0.5326896905899048,0.46188223361968994,0.5091745853424072,0.4816218614578247,0.5743314027786255,0.41540423035621643,0.6743778586387634,0.31635263562202454,0.6222785711288452,0.3737415373325348,0.6094856262207031,0.3882799446582794,0.5991783142089844,0.4028175473213196,0.5997714996337891,0.4029911458492279,0.5482561588287354,0.43926724791526794,0.5426864624023438,0.44422295689582825,0.5311184525489807,0.43019405007362366,0.5324770212173462,0.4228614270687103,0.5125440955162048,0.4565175771713257,0.2071407586336136,0.17971111834049225,0.18144448101520538,0.18350708484649658,0.17895382642745972,0.17958670854568481,0.1803022176027298,0.20252563059329987,0.19733695685863495,0.2402680516242981,0.23958007991313934,0.37480518221855164,0.37123051285743713,0.38356101512908936,0.373893141746521,0.2253561168909073,0.23639769852161407,0.19513551890850067,0.21053792536258698,0.19604137539863586,0.1983744353055954,0.21447855234146118,0.22058717906475067,0.8500308990478516,0.8515559434890747,1.1776683330535889,1.1252762079238892,1.4953289031982422,1.4693266153335571,1.5406283140182495,1.517372488975525,1.5987153053283691,1.5797977447509766
0.3764742851257324,0.3912895838419596,0.406976318359375,0.4174341837565104,0.4322494506835937,0.3991329511006673,0.4000044504801432,0.3982614517211914,0.3965184847513834,0.3878036181131998,0.3869321187337239,0.385189151763916,0.3834461847941081,0.3756028175354003,0.3738598187764486,0.3721168518066406,0.3703738848368327,0.3642734845479329,0.3607875188191732,0.3573015848795572,0.3546871185302734,0.2105006465205439,0.2306416829427083,0.246134779188368,0.2554306312843605,0.2538813273111979,0.2414868390118634,0.264726483380353,0.2879661560058594,0.3096564964011863,0.2383882310655382,0.2600785714608651,0.2817689118561921,0.2988113120750145,0.2337402908890335,0.2538813273111979,0.2740223637333622,0.2926140679253472,0.2306416829427083,0.246134779188368,0.2631771794071904,0.2786702756528501,0.6178761800130208,0.6013179143269857,0.5856311798095704,0.5734303156534831,0.5594865163167317,0.59173158009847,0.5865026473999023,0.5847596486409505,0.5830167134602865,0.6021893819173177,0.5987034479777018,0.59696044921875,0.595217514038086,0.614390246073405,0.6126472473144531,0.6100327809651692,0.6074183146158855,0.6265910466512045,0.6283339818318685,0.6292055130004883,0.6283339818318685,0.2399375350387008,0.2321909869158709,0.2321909869158709,0.2321909869158709,0.2275430608678747,0.2058527204725477,0.2213458167182074,0.2383882310655382,0.2554306312843605,0.2012047802960431,0.2135992685953776,0.2306416829427083,0.246134779188368,0.2027540983977141,0.2105006465205439,0.2259937427662037,0.2399375350387008,0.2074020244457103,0.2105006465205439,0.2182471946433738,0.2259937427662037,0.498178094625473,0.5104829668998718,0.5177019238471985,0.525863766670227,0.49026522040367126,0.4823315739631653,0.4747661054134369,0.5335661768913269,0.4619477391242981,0.5097716450691223,0.4817592203617096,0.5746848583221436,0.4153667092323303,0.6754013299942017,0.315862774848938,0.6221490502357483,0.3722417652606964,0.6086380481719971,0.3877066373825073,0.5979543924331665,0.40235063433647156,0.5993682146072388,0.40159034729003906,0.548291802406311,0.43927475810050964,0.5414615869522095,0.4443095922470093,0.5303106307983398,0.4301145374774933,0.5312179327011108,0.4227781891822815,0.5118741393089294,0.4559861421585083,0.20723837614059448,0.1797635853290558,0.18179349601268768,0.1842624694108963,0.17871421575546265,0.1793527901172638,0.18024396896362305,0.2039507031440735,0.1974288672208786,0.2414313107728958,0.2405221164226532,0.37565556168556213,0.37130144238471985,0.3852747678756714,0.3745584487915039,0.2301480770111084,0.23907795548439026,0.2039259672164917,0.21551513671875,0.20516283810138702,0.20638872683048248,0.22293700277805328,0.22630207240581512,0.850590169429779,0.8518925905227661,1.1776124238967896,1.1253455877304077,1.4955453872680664,1.470604658126831,1.5406173467636108,1.5192070007324219,1.6004784107208252,1.5820358991622925
0.3715056101481119,0.3880165417989095,0.4053964614868164,0.4175624211629232,0.4314663887023925,0.3975755055745443,0.4010514895121256,0.4010514895121256,0.401920477549235,0.3862785339355469,0.3880165417989095,0.3871475537618001,0.3862785339355469,0.3741125742594401,0.3749815940856933,0.3741125742594401,0.3732435862223307,0.3628156344095866,0.3610776265462239,0.3593396504720052,0.3584706306457519,0.2131216261121961,0.2239357983624493,0.2332051029911747,0.2347499847412109,0.2285704577410662,0.2177562713623047,0.2378397623697916,0.259468106870298,0.2810964796278212,0.2177562713623047,0.2347499847412109,0.2532885798701533,0.2718271891276042,0.2177562713623047,0.2316602212411386,0.2486539487485532,0.2656476621274595,0.2177562713623047,0.2316602212411386,0.2440192893699363,0.259468106870298,0.615693728129069,0.5991827646891276,0.5844098409016927,0.5731128692626953,0.5583398818969727,0.5904928207397461,0.5870168050130208,0.5852788289388021,0.5835407892862956,0.6017897288004558,0.6009207407633463,0.5983137766520182,0.5957067489624024,0.6139556884765625,0.6148246765136719,0.6122177124023438,0.6096107482910156,0.6261216481526692,0.6295976638793945,0.6304666519165039,0.6304666519165039,0.2362948664912471,0.2332051029911747,0.2301153394911024,0.2223909166124132,0.2146665078622323,0.1945830168547453,0.2007625579833984,0.2131216261121961,0.2285704577410662,0.1899483716046368,0.191493253354673,0.2069420849835431,0.2223909166124132,0.191493253354673,0.1899483716046368,0.2023074397334346,0.2146665078622323,0.1992176762333622,0.1945830168547453,0.1976727944833261,0.2053972032335069,0.49839290976524353,0.5107008218765259,0.517876148223877,0.5260275602340698,0.490527480840683,0.48253896832466125,0.4749208390712738,0.5339847207069397,0.4619736075401306,0.5099817514419556,0.4817808270454407,0.5753746032714844,0.4153790771961212,0.6758115291595459,0.31653687357902527,0.6220522522926331,0.3698039650917053,0.6073628067970276,0.3871816396713257,0.597315788269043,0.401254802942276,0.5991266965866089,0.4013533294200897,0.5483810305595398,0.43927961587905884,0.5408446788787842,0.444381445646286,0.5300779342651367,0.4298321604728699,0.5309752821922302,0.42227238416671753,0.511200487613678,0.4556037485599518,0.20751112699508667,0.1798611432313919,0.18202418088912964,0.18464821577072144,0.17869801819324493,0.17935124039649963,0.18035398423671722,0.204500213265419,0.1980675458908081,0.2420283555984497,0.24097400903701782,0.3760221004486084,0.37138378620147705,0.38872548937797546,0.37630191445350647,0.23337841033935547,0.2414625734090805,0.20514297485351562,0.22286394238471985,0.20825333893299103,0.21641859412193298,0.2245839387178421,0.23297159373760223,0.851433515548706,0.8525543212890625,1.178749918937683,1.125456690788269,1.4976251125335693,1.4723570346832275,1.5423932075500488,1.5218373537063599,1.6031346321105957,1.5830241441726685
0.3730160395304362,0.3877017656962077,0.4049790700276692,0.4170731862386068,0.4308950424194336,0.3972043037414551,0.4015236218770345,0.4041152000427246,0.4075706799825032,0.3851101557413737,0.3877017656962077,0.389429505666097,0.3911572138468424,0.3738799095153808,0.3756076494852702,0.3773353894551595,0.3790630976359049,0.3635135332743326,0.3617857933044434,0.3617857933044434,0.362649663289388,0.2272347485577618,0.2149486541748047,0.2088056069833261,0.2057340833875868,0.1949837578667534,0.1857691870795356,0.1980552814624927,0.2149486541748047,0.2318420268871166,0.1857691870795356,0.1949837578667534,0.2103413617169415,0.2241632249620225,0.187304941813151,0.1965195126003689,0.2103413617169415,0.2226274560998987,0.1934479890046296,0.2057340833875868,0.2164844089084201,0.225698979695638,0.6183539072672526,0.6002127329508463,0.5846631368001302,0.5742967605590821,0.5596110661824544,0.590710194905599,0.5872547785441081,0.5863908767700196,0.5863908767700196,0.603668212890625,0.603668212890625,0.6010766347249349,0.598484992980957,0.616626230875651,0.6174900690714519,0.6148984909057618,0.6114430109659831,0.6278564453125,0.6304480234781901,0.6313119252522786,0.6313119252522786,0.2303062721535011,0.2226274560998987,0.2149486541748047,0.2041983286539713,0.1919122342710141,0.179626139888057,0.1704115691008391,0.1765546162923177,0.1888407106752749,0.1719473379629629,0.1535181963885272,0.1642685219093605,0.1811619087501808,0.1750188615587022,0.1581254888463903,0.1658042907714843,0.179626139888057,0.1857691870795356,0.1765546162923177,0.1780903851544415,0.1811619087501808,0.4983046352863312,0.5106395483016968,0.5177908539772034,0.5258657932281494,0.4904535710811615,0.4825269877910614,0.4750097095966339,0.5339269638061523,0.4619756042957306,0.510037362575531,0.4817761480808258,0.5756206512451172,0.41537225246429443,0.6752954721450806,0.3170333802700043,0.6223430037498474,0.3695507347583771,0.6076653599739075,0.3864934742450714,0.5979005694389343,0.4007703959941864,0.5996721386909485,0.4009524881839752,0.5484116673469543,0.43928155303001404,0.5408045053482056,0.44393885135650635,0.5298023223876953,0.4297679364681244,0.5307264924049377,0.4222211241722107,0.510984480381012,0.4555204212665558,0.2084193378686905,0.18033607304096222,0.18241582810878754,0.18493209779262543,0.17886529862880707,0.17949333786964417,0.18048471212387085,0.20447851717472076,0.19813047349452972,0.2424020618200302,0.2413087636232376,0.37601566314697266,0.37113627791404724,0.39163699746131897,0.3769356608390808,0.23226845264434814,0.23424026370048523,0.19758938252925873,0.20912940800189972,0.1976960003376007,0.20478466153144836,0.21595488488674164,0.22105957567691803,0.8514617085456848,0.8525663614273071,1.178820013999939,1.1252812147140503,1.4973924160003662,1.4722893238067627,1.5419386625289917,1.5215691328048706,1.6028231382369995,1.582768201828003
0.3731081326802571,0.3919461250305175,0.4073589960734049,0.4167779922485352,0.4296220779418945,0.3970837593078613,0.4005088170369466,0.4030776341756185,0.4056464513142904,0.3833834012349447,0.3850959459940592,0.3885210355122884,0.3919461250305175,0.3713955879211426,0.3713955879211426,0.3748206774393717,0.3782457669576009,0.361120319366455,0.3594077746073404,0.3619765917460124,0.3645454088846842,0.2159409558331524,0.2052851217764395,0.1946292877197265,0.1824512057834201,0.1657063236942997,0.1641840616861979,0.1580950277822989,0.1717953717267071,0.1870179918077257,0.1596172897904007,0.1535282417579933,0.1687508477105034,0.183973467791522,0.1657063236942997,0.1596172897904007,0.173317633734809,0.1854957297996238,0.1763621577510127,0.1748398957429108,0.183973467791522,0.1931070398401331,0.6188581466674805,0.6017327626546224,0.5863198598225912,0.5760445912679036,0.5623442331949869,0.5957388559977214,0.5931700388590495,0.588888676961263,0.5871761322021485,0.6077266693115234,0.6077266693115234,0.6043015797932942,0.5991639455159505,0.6197144190470377,0.6214269638061524,0.6180018742879232,0.6120080312093099,0.6299896876017252,0.6325585047403971,0.6342710494995117,0.6359835942586263,0.2250745137532552,0.2113741698088469,0.1991960737440321,0.1854957297996238,0.1717953717267071,0.1580950277822989,0.1443946697093822,0.1489614557336878,0.1596172897904007,0.1520059797498915,0.1306943257649739,0.1398278836850766,0.1550505037660952,0.1580950277822989,0.1398278836850766,0.1443946697093822,0.1535282417579933,0.1717953717267071,0.1626618138066044,0.1611395517985026,0.1596172897904007,0.4981200098991394,0.510501503944397,0.5174781680107117,0.5255761742591858,0.4903976619243622,0.4825471341609955,0.47509467601776123,0.5338766574859619,0.46206387877464294,0.5100526213645935,0.48176252841949463,0.5756062865257263,0.41609612107276917,0.6749032139778137,0.31724032759666443,0.6223040819168091,0.36952048540115356,0.6097449660301208,0.38570111989974976,0.6014761328697205,0.4001407027244568,0.6005527973175049,0.4004576802253723,0.5485402345657349,0.4392882287502289,0.540770947933197,0.4439731538295746,0.5295979380607605,0.4297683537006378,0.5306523442268372,0.42218273878097534,0.5106207132339478,0.45604023337364197,0.20835213363170624,0.18031343817710876,0.18231405317783356,0.184783935546875,0.17886072397232056,0.1794871836900711,0.18047280609607697,0.20442745089530945,0.19805191457271576,0.24217696487903595,0.24089469015598297,0.3756330907344818,0.371132493019104,0.39347052574157715,0.3784308433532715,0.22261658310890198,0.221500962972641,0.17847014963626862,0.1826239675283432,0.17509855329990387,0.18085521459579468,0.19667766988277435,0.2021058052778244,0.8514686822891235,0.8525766730308533,1.1790117025375366,1.1249022483825684,1.4972448348999023,1.4715993404388428,1.5418583154678345,1.5199815034866333,1.601642370223999,1.5816267728805542
0.3703779856363932,0.3883479754130045,0.4037508010864258,0.4131636619567871,0.4251436233520508,0.3951936721801757,0.397760804494222,0.3986165364583333,0.3986165364583333,0.3815022468566894,0.3797908147176106,0.3832136789957682,0.3866365432739257,0.3695222536722819,0.3669551213582356,0.3703779856363932,0.3746565500895182,0.3592536926269531,0.3566865603129069,0.3575422922770182,0.3601094245910644,0.2126749250623915,0.1989835103352864,0.1852920956081814,0.1716006808810763,0.1548667342574508,0.1548667342574508,0.1426965925428602,0.1487816563359013,0.1594305391664858,0.1533454612449363,0.1350902416087963,0.1442178514268663,0.1594305391664858,0.1579092661539713,0.1411753195303458,0.1518242023609302,0.1639943440755208,0.1716006808810763,0.1624730710630063,0.1685581489845558,0.1776857588026258,0.6193906148274739,0.6031320571899415,0.5877291997273763,0.5783163706461588,0.5646249135335286,0.5979977289835612,0.5954306284586589,0.5920077641805013,0.5902963002522786,0.6108334223429362,0.6116891860961914,0.6065548578898112,0.6014205932617187,0.6228134155273437,0.6253805796305338,0.6211020151774088,0.6151120503743489,0.6330820083618164,0.6365048726399739,0.6373605728149414,0.6365048726399739,0.2233238078929759,0.2081111201533564,0.1928984465422453,0.1776857588026258,0.1609518121790003,0.1487816563359013,0.1335689827247902,0.1335689827247902,0.1442178514268663,0.1442178514268663,0.1198775679976851,0.1274839048032407,0.1396540465178313,0.1503029293484158,0.1290051778157552,0.1350902416087963,0.1411753195303458,0.1655156170880353,0.1548667342574508,0.1548667342574508,0.1548667342574508,0.4980906844139099,0.5104571580886841,0.5173425078392029,0.5255376696586609,0.49036455154418945,0.48263728618621826,0.4752883315086365,0.5338546633720398,0.4623592495918274,0.5100768804550171,0.48176702857017517,0.5751108527183533,0.41691166162490845,0.6743202209472656,0.31732267141342163,0.6222750544548035,0.36947429180145264,0.6126543283462524,0.3855339586734772,0.6040111780166626,0.39923322200775146,0.6011126637458801,0.3990574777126312,0.5486099123954773,0.43937137722969055,0.5413124561309814,0.44406843185424805,0.5295865535736084,0.4298464059829712,0.5306766629219055,0.4221968650817871,0.5102512240409851,0.45602279901504517,0.20850643515586853,0.18075381219387054,0.18276402354240417,0.18515866994857788,0.17895540595054626,0.17950400710105896,0.18044023215770721,0.20460735261440277,0.197836235165596,0.24216704070568085,0.24082984030246735,0.37563055753707886,0.3708347976207733,0.3946603238582611,0.3799389600753784,0.2182060182094574,0.21822206676006317,0.16935215890407562,0.17280244827270508,0.1651301234960556,0.16997770965099335,0.1892918348312378,0.19299109280109406,0.8513727188110352,0.8525763750076294,1.1782740354537964,1.1248157024383545,1.4960007667541504,1.4684571027755737,1.5404880046844482,1.5154190063476562,1.5967434644699097,1.5743677616119385
0.3690158526102702,0.3869964917500814,0.4024084409077962,0.4118268648783366,0.4229577382405599,0.3921338081359863,0.3938462575276693,0.3955586751302083,0.3964149157206217,0.3784342765808105,0.3767218271891276,0.3801467259724935,0.3835715929667155,0.3664471944173177,0.3638785362243652,0.3664471944173177,0.3698720614115397,0.3561725298563639,0.3536038716634114,0.3544601122538248,0.3578849792480468,0.2168299780951605,0.2016082763671875,0.1879087377477575,0.1742092132568359,0.1589875115288628,0.1605096887659143,0.1513766677291305,0.1589875115288628,0.1726870360197844,0.1574653484203197,0.1407214694552951,0.1544210080747251,0.1696426956741898,0.165076192220052,0.149854490492079,0.1620318518744574,0.1772535536024305,0.1772535536024305,0.1696426956741898,0.1802978939480251,0.1924752553304036,0.6198884963989257,0.6036202748616536,0.5882083257039388,0.579646110534668,0.5659465789794922,0.5993391672770182,0.5984829584757487,0.5950580596923828,0.5933456420898438,0.613038698832194,0.6147511800130209,0.6096138636271159,0.6053327560424805,0.6250258127848307,0.6284507115681967,0.6241696039835612,0.618176015218099,0.6353004455566407,0.6387253443400065,0.6395815531412761,0.6395815531412761,0.229007339477539,0.2122634605125144,0.1955195956759982,0.1802978939480251,0.1635540149830005,0.1544210080747251,0.139199306346752,0.1437658098008897,0.1544210080747251,0.1513766677291305,0.1285441080729166,0.139199306346752,0.1544210080747251,0.1589875115288628,0.139199306346752,0.1468101501464843,0.1559431711832682,0.1742092132568359,0.165076192220052,0.165076192220052,0.165076192220052,0.4980492889881134,0.5104291439056396,0.5173167586326599,0.5254514217376709,0.49032944440841675,0.4826337695121765,0.4753216505050659,0.5338402390480042,0.4624258279800415,0.5101138353347778,0.48177099227905273,0.5745598077774048,0.4179021120071411,0.6723012924194336,0.31811097264289856,0.6223134398460388,0.3686085343360901,0.6161565184593201,0.38084426522254944,0.6069010496139526,0.3952672779560089,0.6025462746620178,0.3957461714744568,0.5486956834793091,0.43953144550323486,0.5417153835296631,0.4448469877243042,0.5298701524734497,0.4317922592163086,0.5310405492782593,0.42400965094566345,0.5111902356147766,0.45909589529037476,0.20854584872722626,0.1808776557445526,0.18286317586898804,0.18522822856903076,0.17899499833583832,0.17951913177967072,0.18043823540210724,0.2045939564704895,0.19758391380310059,0.2421061247587204,0.24067401885986328,0.3756239116191864,0.37064528465270996,0.39520466327667236,0.3810635507106781,0.21983008086681366,0.21880850195884705,0.17209164798259735,0.17496153712272644,0.16780127584934235,0.17164944112300873,0.1906210482120514,0.19390717148780823,0.8512343764305115,0.8525534272193909,1.1775603294372559,1.1244100332260132,1.4946976900100708,1.4672486782073975,1.5394428968429565,1.5136640071868896,1.5935591459274292,1.573216199874878
0.3680559794108073,0.3834679285685221,0.3988799095153809,0.4091545740763346,0.421997865041097,0.388605276743571,0.3911739349365234,0.3937425931294759,0.3945988019307454,0.3757619539896647,0.3766181627909342,0.3783306121826172,0.3808992703755696,0.3637748718261718,0.3629186312357584,0.3663435300191243,0.3689121882120768,0.3535002072652181,0.3526439984639485,0.355212656656901,0.3577813148498535,0.2337699466281467,0.2200704080087167,0.2078930466263382,0.191149181789822,0.1744053028247974,0.177449643170392,0.1820161607530382,0.1957156852439597,0.2124595642089843,0.1744053028247974,0.1804939835159867,0.1972378624810112,0.2139817273175275,0.1789718204074435,0.1865826642071759,0.2033265431722005,0.2185482449001736,0.1881048414442274,0.1972378624810112,0.2109373869719328,0.2246369255913628,0.6206411361694336,0.6035167058308919,0.5889609654744467,0.5795424779256185,0.56669921875,0.6000918070475261,0.6000918070475261,0.598379389444987,0.5966669082641601,0.6137913386027019,0.6163600285847982,0.6112226486206055,0.6069416046142578,0.6266346613566081,0.6292032877604167,0.6240659713745117,0.6189286549886067,0.6360530853271484,0.6403341929117838,0.6386217753092448,0.6351968765258789,0.2398586414478443,0.2246369255913628,0.2124595642089843,0.1957156852439597,0.1804939835159867,0.1744053028247974,0.1607057642053674,0.1728831397162543,0.1896270045527705,0.1728831397162543,0.1546170835141782,0.1744053028247974,0.1926713448983651,0.1804939835159867,0.1637501186794704,0.1804939835159867,0.1957156852439597,0.1957156852439597,0.1850605010986328,0.191149181789822,0.1987600255895543,0.4981594681739807,0.5104984045028687,0.5173104405403137,0.5253830552101135,0.49031713604927063,0.4826204478740692,0.47531256079673767,0.5338248610496521,0.4623959958553314,0.5102322101593018,0.48180678486824036,0.5739962458610535,0.4182327687740326,0.6710062026977539,0.3183324933052063,0.6229150891304016,0.36775150895118713,0.6181729435920715,0.37580278515815735,0.6075477600097656,0.3930099904537201,0.6029635071754456,0.3948989510536194,0.5487039685249329,0.4396241009235382,0.5420081615447998,0.4450892210006714,0.5299683213233948,0.43277740478515625,0.531087338924408,0.42501917481422424,0.5118351578712463,0.4600381553173065,0.20855015516281128,0.18088127672672272,0.1828378140926361,0.18511100113391876,0.17899881303310394,0.17953351140022278,0.18048381805419922,0.20404678583145142,0.19747388362884521,0.24190430343151093,0.2405819296836853,0.37502819299697876,0.3708270192146301,0.40178051590919495,0.38307616114616394,0.23462285101413727,0.22268833220005035,0.17501045763492584,0.18365478515625,0.1697089523077011,0.18045879900455475,0.19570991396903992,0.2005794495344162,0.8512337803840637,0.8526093363761902,1.177018642425537,1.1242668628692627,1.493155598640442,1.4671889543533325,1.538959264755249,1.5137114524841309,1.5898557901382446,1.573041558265686
0.3659003081655475,0.3808418933838957,0.3966989498735178,0.4076839691961008,0.4214626960145796,0.38587214579663043,0.3899080348050977,0.3929135745428916,0.394247665927215,0.37381029705082147,0.37728535183577555,0.37872817235723344,0.3803061271294667,0.3625061048476785,0.3640209821764413,0.3677614742560703,0.37075906763888294,0.35249075973104754,0.3536103051989194,0.35690897515301173,0.35986633982186744,0.2515472538411271,0.23855085792848602,0.23141671597023572,0.2218199201307092,0.20731269138262687,0.2071722738870569,0.2207397973018193,0.23935749443629065,0.25826718848443553,0.20775583908318682,0.2263442082821685,0.2486224473316508,0.26845521357790686,0.21151772410555103,0.2317724161925554,0.2534154942511216,0.2714930861183205,0.21953032417585142,0.238751652415857,0.25447118145933584,0.2688206642976215,0.620307985941569,0.6040426254272461,0.5894894282023112,0.5800725936889648,0.5655193964640299,0.601474380493164,0.5980501174926758,0.5937697728474934,0.5912015279134114,0.6151715596516927,0.6100351333618164,0.6048987070719402,0.6006183624267578,0.6263004938761393,0.6237322489420573,0.6160276412963868,0.6108912150065104,0.6374294281005859,0.6365733464558919,0.6314369201660156,0.6263004938761393,0.2615787929958767,0.2494035508897569,0.2372283087836371,0.2265749754729094,0.2159216421621817,0.1930930667453342,0.1946149755407262,0.2113559299045138,0.2296187789351851,0.1946149755407262,0.2007025965937861,0.2250530666775173,0.2433159157081886,0.2022244912606698,0.2113559299045138,0.2341845053213614,0.2494035508897569,0.2128778245713975,0.2204873544198495,0.2341845053213614,0.2448378386320891,0.4982406198978424,0.5104979872703552,0.5172703266143799,0.525325357913971,0.49028676748275757,0.48259252309799194,0.4752481281757355,0.5338109135627747,0.46229618787765503,0.5102378726005554,0.4818071126937866,0.5739120244979858,0.41844430565834045,0.6700807809829712,0.31845933198928833,0.6243135929107666,0.3655869662761688,0.6212459206581116,0.37188732624053955,0.6076390743255615,0.39022260904312134,0.6031464338302612,0.392933189868927,0.5487024784088135,0.4396290183067322,0.5414854884147644,0.445113867521286,0.5291488766670227,0.43243131041526794,0.5303046703338623,0.4245778024196625,0.5112985968589783,0.4585613012313843,0.20757992565631866,0.18022087216377258,0.18210065364837646,0.18433883786201477,0.178729847073555,0.1794629544019699,0.18050485849380493,0.20315323770046234,0.19748607277870178,0.2408549040555954,0.2401750683784485,0.37476104497909546,0.37111034989356995,0.42026978731155396,0.3943527638912201,0.2490222454071045,0.2400801181793213,0.1938454806804657,0.20332607626914978,0.18899647891521454,0.20171892642974854,0.2103193998336792,0.21887676417827606,0.8512771725654602,0.8528058528900146,1.175631046295166,1.123644232749939,1.4922436475753784,1.4677289724349976,1.5387976169586182,1.516026258468628,1.5874218940734863,1.5739535093307495
0.3636365254720052,0.3799025853474935,0.3970247268676757,0.4081541061401367,0.4227079391479492,0.3867514292399088,0.3910319646199544,0.3936003049214681,0.3961686134338379,0.3756220499674479,0.3790464719136556,0.3824708938598632,0.385039202372233,0.3644926389058431,0.3679170608520508,0.3721975962320963,0.3764781316121419,0.3542193412780762,0.3576437950134277,0.3619243303934733,0.3670609792073567,0.2693342703360098,0.257158519603588,0.2556365401656539,0.2525926095468027,0.2419388382523148,0.2373729281955295,0.258680499041522,0.2815100210684317,0.3028175919144242,0.2419388382523148,0.2708562497739438,0.2982516818576389,0.3210812038845486,0.2465047483091001,0.2754221315737123,0.3012956124764901,0.3210812038845486,0.2541145889847367,0.2784660904495804,0.2967297024197048,0.311949383770978,0.6179004033406575,0.603346570332845,0.5879366556803386,0.5776633580525716,0.5622534434000651,0.5982099533081054,0.5922171910603841,0.5870805740356445,0.583656120300293,0.6110515594482422,0.603346570332845,0.5964977264404296,0.5913611094156901,0.6221809387207031,0.6153320948282878,0.6067710240681966,0.5999221801757812,0.6324542363484701,0.6264614741007487,0.6196126302083333,0.612763786315918,0.286075931125217,0.2723782009548611,0.2632464090983072,0.2617244296603732,0.2525926095468027,0.217587336787471,0.2251971774631076,0.2419388382523148,0.258680499041522,0.2191093020968967,0.2358509628861038,0.2602024502224392,0.2799880416304977,0.2282411222104673,0.2480266994900173,0.2708562497739438,0.286075931125217,0.2419388382523148,0.257158519603588,0.2708562497739438,0.2799880416304977,0.4980011582374573,0.5103805065155029,0.5170468091964722,0.5250763893127441,0.4897580146789551,0.48203274607658386,0.47474849224090576,0.5336769819259644,0.462162047624588,0.5101267695426941,0.4816802740097046,0.5739272832870483,0.4185449182987213,0.6691526174545288,0.3194369077682495,0.625400960445404,0.36337196826934814,0.6218851208686829,0.3698838949203491,0.6072201132774353,0.388001412153244,0.6029484272003174,0.3910197913646698,0.5486558079719543,0.43958771228790283,0.5414679050445557,0.44498252868652344,0.5282061100006104,0.4318227767944336,0.5291571021080017,0.4243341386318207,0.5109538435935974,0.4548068344593048,0.20687805116176605,0.17912869155406952,0.18079900741577148,0.18297822773456573,0.17856936156749725,0.1794649362564087,0.18079711496829987,0.20255900919437408,0.19783808290958405,0.240446075797081,0.2400406152009964,0.37447893619537354,0.3711152970790863,0.4423791766166687,0.4152122735977173,0.26941096782684326,0.27090856432914734,0.23237942159175873,0.24044811725616455,0.2245255559682846,0.23861493170261383,0.23839761316776276,0.25188174843788147,0.8510540723800659,0.8522492051124573,1.1724014282226562,1.1206190586090088,1.4884357452392578,1.4672201871871948,1.537691354751587,1.5160231590270996,1.5817086696624756,1.5739696025848389
0.3659180959065755,0.3830359141031901,0.4010096232096354,0.4121362050374349,0.4266863505045573,0.3915948232014974,0.3967301686604818,0.4001537322998046,0.4035772959391276,0.3813241322835286,0.3856035868326823,0.3907389322916667,0.3950183868408203,0.3701975504557291,0.3761887868245442,0.3821800231933593,0.386459477742513,0.3599268595377604,0.3667739868164062,0.3727652231852214,0.3787564595540365,0.2864892465096932,0.2849676626699942,0.2819244949905961,0.2834460788302951,0.2773597434714988,0.260622321234809,0.2834460788302951,0.3047482525860822,0.3260504263418692,0.2682302404333044,0.2986619172272858,0.3260504263418692,0.3473526000976562,0.2758381596317997,0.3047482525860822,0.3290935940212673,0.3443094324182581,0.2834460788302951,0.3062698364257812,0.3245288425021701,0.3382230970594618,0.6098470052083333,0.5961527506510417,0.5816026051839193,0.5713319142659505,0.5567817687988281,0.5952968597412109,0.5850261688232422,0.5764672597249348,0.5713319142659505,0.6047116597493489,0.5935850779215495,0.585882059733073,0.5816026051839193,0.6149823506673177,0.6029998779296875,0.5944409688313802,0.5901615142822265,0.623541259765625,0.6124146779378256,0.6055675506591797,0.6004322052001954,0.3153993394639757,0.2986619172272858,0.2849676626699942,0.2819244949905961,0.2743165757921006,0.239320147479022,0.2423633151584201,0.2560575697157118,0.2712734081127025,0.2454064828378183,0.2591007373951099,0.2834460788302951,0.301705084906684,0.2591007373951099,0.2773597434714988,0.2971403333875868,0.3093130041051794,0.2743165757921006,0.2910539980287905,0.3032266687463831,0.3077914202654803,0.49777519702911377,0.5102408528327942,0.5168268084526062,0.5248625874519348,0.4894357919692993,0.4816809296607971,0.47458145022392273,0.5336682796478271,0.46218761801719666,0.5100346207618713,0.4816522002220154,0.5739241242408752,0.41853922605514526,0.6660138368606567,0.3235229253768921,0.6234283447265625,0.3634371757507324,0.6162675023078918,0.3699268400669098,0.6003750562667847,0.3885243833065033,0.5970736742019653,0.3920753598213196,0.5486414432525635,0.4391316771507263,0.5423524975776672,0.44410794973373413,0.5282319188117981,0.43180936574935913,0.5292019248008728,0.42473238706588745,0.5113572478294373,0.45341435074806213,0.2063652127981186,0.17793123424053192,0.1793944537639618,0.181581050157547,0.1783255636692047,0.17944331467151642,0.18088097870349884,0.20208284258842468,0.1982794553041458,0.24028702080249786,0.2399214804172516,0.3742457926273346,0.3711397051811218,0.46260523796081543,0.4382225275039673,0.2968868613243103,0.31050342321395874,0.2622002065181732,0.28007617592811584,0.25325915217399597,0.27143967151641846,0.2666167616844177,0.2875916063785553,0.8496733903884888,0.8500263690948486,1.1666783094406128,1.118104100227356,1.481806755065918,1.4640202522277832,1.5340478420257568,1.514620065689087,1.573282241821289,1.5715919733047485
0.3729800224304199,0.388390572865804,0.4063695907592773,0.4183555603027343,0.431197706858317,0.3969520250956217,0.4055134455362956,0.4123625755310058,0.4166433016459147,0.3866783142089843,0.39609587987264,0.4020888646443685,0.4063695907592773,0.3772607485453287,0.3875344594319661,0.3943835894266764,0.3978081385294596,0.368699296315511,0.3789730072021484,0.3849660237630208,0.3901028633117676,0.3292593779387297,0.3094729953342013,0.3018628438313802,0.3049068874782986,0.303384851526331,0.2744662814670139,0.2927306563765914,0.3125170389811197,0.3307814138906973,0.2835984689218027,0.3109950312861689,0.3353475217466001,0.3505678247522424,0.2957747000235098,0.3216492264359085,0.3429576732494213,0.3536118966561776,0.3064289234302662,0.3277373702437789,0.3414356372974537,0.3505678247522424,0.5990016301472981,0.5853033701578776,0.5716050465901693,0.5621875127156576,0.5484891891479492,0.5861594518025716,0.5758857727050781,0.5664682388305664,0.5587629318237305,0.5964331944783529,0.5827349344889323,0.5733173370361329,0.5716050465901693,0.6041385014851888,0.5904401779174805,0.5827349344889323,0.5827349344889323,0.6126998901367188,0.59985777537028,0.5938647588094076,0.592152468363444,0.3368695294415509,0.3170831468370225,0.3018628438313802,0.2957747000235098,0.2851205048737703,0.2607679861563223,0.2592459784613715,0.2714222095630787,0.2851205048737703,0.2683781376591435,0.2805543970178675,0.303384851526331,0.3140390749330873,0.2835984689218027,0.3003408078794126,0.3186051827889901,0.3231712623878761,0.3003408078794126,0.3155611108850549,0.3246932983398437,0.3262153342918113,0.49749258160591125,0.5100657343864441,0.5167012810707092,0.5247523188591003,0.48903438448905945,0.4812646210193634,0.47445693612098694,0.5336458086967468,0.4623032510280609,0.5099747776985168,0.48155537247657776,0.573925793170929,0.41840535402297974,0.6600462198257446,0.32854345440864563,0.6166226267814636,0.3663080036640167,0.6053113341331482,0.3720788061618805,0.5906723737716675,0.39350131154060364,0.588477373123169,0.39922264218330383,0.5486047863960266,0.43849998712539673,0.5457348227500916,0.4441286325454712,0.5308364629745483,0.4334428608417511,0.532462477684021,0.42819783091545105,0.5117552280426025,0.4531937539577484,0.20564699172973633,0.17664553225040436,0.17800286412239075,0.1802533119916916,0.17773203551769257,0.1791502684354782,0.1808105856180191,0.20122331380844116,0.1982872635126114,0.23961734771728516,0.23917603492736816,0.37094247341156006,0.37039270997047424,0.4859403967857361,0.467012882232666,0.32091447710990906,0.3328709006309509,0.28722256422042847,0.3022298216819763,0.2730676829814911,0.2903001606464386,0.29003235697746277,0.3072497546672821,0.8479610085487366,0.8475911021232605,1.1652573347091675,1.1157829761505127,1.4808616638183594,1.4581481218338013,1.5337871313095093,1.5098485946655273,1.569517731666565,1.5627875328063965
0.3821732838948568,0.3975807189941406,0.4138441403706868,0.4249717712402344,0.436099370320638,0.4010046005249023,0.4129881858825683,0.4224038441975911,0.4266836802164713,0.3933008829752604,0.4087083180745443,0.4155560811360677,0.4155560811360677,0.386453119913737,0.4010046005249023,0.4069963773091634,0.4078523635864258,0.3796053568522135,0.392444896697998,0.3975807189941406,0.3992926597595215,0.3551603529188368,0.332334476047092,0.3186389781810619,0.3201607033058449,0.3171172530562789,0.285161053692853,0.2927696510597511,0.311030352557147,0.3247258786801938,0.2988565515588831,0.3216824284306279,0.3414648267957899,0.3460300021701389,0.314073802806713,0.3368996514214409,0.3505951775444878,0.3521169026692708,0.3292910540545428,0.3460300021701389,0.3536386277940538,0.3566820780436198,0.5867500305175781,0.574766476949056,0.5619269053141276,0.5525112152099609,0.5396717071533204,0.5781903584798177,0.5662067413330079,0.5542231877644856,0.544807497660319,0.5850381215413412,0.5679187138875326,0.5602149963378906,0.5593589782714844,0.5918858210245769,0.574766476949056,0.568774668375651,0.568774668375651,0.5978776295979817,0.5833261489868165,0.5781903584798177,0.5773343404134115,0.3597255282931857,0.3384213765462239,0.3171172530562789,0.309508627432364,0.300378276683666,0.2790741531937211,0.2745089778193721,0.282117603443287,0.2958131013093171,0.2912479541919849,0.301900001808449,0.3216824284306279,0.3292910540545428,0.307986902307581,0.3216824284306279,0.3368996514214409,0.3399431016710069,0.3262476038049768,0.3368996514214409,0.3445082770453559,0.3460300021701389,0.4972750246524811,0.5097000598907471,0.5161678194999695,0.5236898064613342,0.4887559115886688,0.48087891936302185,0.47435998916625977,0.5323533415794373,0.46232831478118896,0.509809136390686,0.4814879298210144,0.5730239152908325,0.4179190397262573,0.6503416299819946,0.3377334475517273,0.6025837659835815,0.3775249719619751,0.5917969942092896,0.38321295380592346,0.5795422792434692,0.40259259939193726,0.5757924318313599,0.4084765315055847,0.5486274361610413,0.4384506344795227,0.5500432848930359,0.4451836049556732,0.5357044339179993,0.436259925365448,0.5378233790397644,0.43219050765037537,0.5147045850753784,0.4532938003540039,0.20376898348331451,0.17513419687747955,0.17643073201179504,0.1786755472421646,0.17615902423858643,0.1777152270078659,0.17952486872673035,0.20032359659671783,0.19804000854492188,0.23792193830013275,0.23717811703681946,0.3636270761489868,0.36875948309898376,0.507735013961792,0.48928871750831604,0.3452609181404114,0.3438119888305664,0.3070310056209564,0.31572040915489197,0.29020482301712036,0.30056121945381165,0.3086949288845062,0.3164415955543518,0.8447524905204773,0.8445152044296265,1.1648001670837402,1.1154948472976685,1.4804372787475586,1.4547688961029053,1.5334060192108154,1.5059726238250732,1.567771077156067,1.55808424949646
0.3994744936625162,0.4097449620564778,0.4234389623006185,0.4319977124532064,0.4422681808471679,0.4080332120259602,0.4191596031188965,0.4311418215433756,0.4388447125752767,0.4011862436930338,0.4200154622395833,0.4242948214213053,0.4234389623006185,0.3951951026916503,0.4140243530273437,0.4174478530883789,0.4148802121480306,0.3900598526000977,0.4063214619954427,0.4097449620564778,0.4097449620564778,0.3689208984375,0.3476191202799479,0.3308820371274595,0.3278389259620949,0.323274259214048,0.2943647314001013,0.292843175817419,0.3065371760615596,0.3217527036313657,0.3080587316442419,0.3263173703794126,0.3445760091145833,0.3491406758626302,0.3247958147967303,0.343054453531901,0.3552268981933594,0.3567484537760416,0.3415328979492187,0.3552268981933594,0.3628346761067708,0.3628346761067708,0.5723610560099284,0.5629464467366536,0.5501083374023438,0.5415496190388998,0.5312791188557943,0.5672258377075196,0.5552435557047526,0.5424054463704427,0.5329908688863119,0.5732169469197591,0.5518201192220052,0.5466848373413086,0.54839661916097,0.577496337890625,0.5578112284342448,0.5543877283732096,0.5569553375244141,0.5817756652832031,0.5655140558878581,0.5620905558268229,0.5638023376464844,0.3734855369285301,0.3506622314453125,0.3278389259620949,0.3202311480486834,0.3095802872269242,0.2943647314001013,0.2882785090693721,0.2974078425654659,0.3095802872269242,0.3080587316442419,0.3187095924660011,0.3369682594581886,0.343054453531901,0.3263173703794126,0.3400113706235532,0.3521837870279948,0.3537053426106771,0.3445760091145833,0.3537053426106771,0.3613131205240885,0.3613131205240885,0.4972500205039978,0.5094875693321228,0.5156747698783875,0.5225198864936829,0.48862823843955994,0.48051318526268005,0.474197655916214,0.5308101177215576,0.462228000164032,0.5098064541816711,0.48150402307510376,0.5713303089141846,0.41791465878486633,0.6395177245140076,0.3443347215652466,0.586635947227478,0.39254915714263916,0.5799011588096619,0.39482370018959045,0.5677036643028259,0.4138188362121582,0.5611131191253662,0.4212400019168854,0.5487683415412903,0.43863698840141296,0.5523226261138916,0.44634371995925903,0.5377340912818909,0.4387872517108917,0.5396540760993958,0.43514642119407654,0.5160232186317444,0.45445516705513,0.19887740910053253,0.17324990034103394,0.17463654279708862,0.1771584153175354,0.17355187237262726,0.17515651881694794,0.17709533870220184,0.199727401137352,0.19767335057258606,0.23511113226413727,0.23473992943763733,0.36184921860694885,0.36888161301612854,0.5223650932312012,0.5111244320869446,0.3720753788948059,0.35947713255882263,0.3202921748161316,0.3242455720901489,0.3054104447364807,0.30921176075935364,0.32924556732177734,0.32617253065109253,0.8437833189964294,0.8433202505111694,1.1652662754058838,1.1158347129821777,1.480080246925354,1.4548397064208984,1.5316232442855835,1.5059406757354736,1.56871497631073,1.5577973127365112
0.409254773457845,0.4195257504781087,0.4323644638061523,0.4417795181274414,0.4529064178466797,0.4161020914713542,0.4289408047993978,0.4417795181274414,0.4503386815388997,0.4109666188557943,0.4323644638061523,0.4366440455118815,0.4340763092041015,0.4066870371500651,0.428084913889567,0.4297967274983724,0.4263730684916178,0.4041193008422851,0.4212375958760579,0.4238053321838378,0.4203816731770833,0.3856660065827546,0.3613200152361834,0.3384956359863281,0.3308875189887152,0.3248010140878183,0.3065414993851273,0.3004549944842303,0.3126280042860243,0.3263226261845341,0.3187145091869213,0.3293658786349826,0.3476253933376736,0.352190257884838,0.3354523835358796,0.3491470054343895,0.3628416273328993,0.3643632676866319,0.3537118982385706,0.3643632676866319,0.3719713846842448,0.3734930250379774,0.5598957061767578,0.5496246973673503,0.5376419067382813,0.5290827751159668,0.5179559071858724,0.554760233561198,0.5419214884440104,0.5282268842061361,0.5188117980957031,0.5607515970865885,0.5384978612263998,0.5333623250325521,0.5359301249186198,0.5641752878824869,0.5427773793538412,0.5410655975341797,0.5444892247517904,0.5667430241902669,0.5504806518554688,0.5487688064575196,0.552192497253418,0.3871876469364873,0.3613200152361834,0.3369739956325955,0.3293658786349826,0.3217577616373698,0.3065414993851273,0.2974117420337818,0.3065414993851273,0.3187145091869213,0.3187145091869213,0.3278442665382667,0.3461037529839409,0.3537118982385706,0.3369739956325955,0.3476253933376736,0.3613200152361834,0.3643632676866319,0.3567551506890191,0.3658848797833478,0.3734930250379774,0.3750146371346933,0.49718475341796875,0.508784830570221,0.5150695443153381,0.521342396736145,0.4880415201187134,0.4799332618713379,0.4738970398902893,0.5302199125289917,0.46218690276145935,0.5098958015441895,0.48156026005744934,0.5712910890579224,0.41887202858924866,0.6314833760261536,0.3513977825641632,0.5721849799156189,0.40306174755096436,0.5654942989349365,0.40289896726608276,0.5548792481422424,0.4219113290309906,0.5475834012031555,0.42931684851646423,0.5487664341926575,0.43869608640670776,0.5529104471206665,0.4474520683288574,0.537401020526886,0.43941500782966614,0.5392776727676392,0.4354287385940552,0.5164220929145813,0.4544612467288971,0.19727374613285065,0.17208461463451385,0.1733652502298355,0.1758614033460617,0.17239853739738464,0.17424167692661285,0.17668546736240387,0.19879493117332458,0.1976458728313446,0.23502792418003082,0.23446664214134216,0.360283225774765,0.36899495124816895,0.5321096181869507,0.525236964225769,0.38463470339775085,0.3783982992172241,0.33580341935157776,0.33419907093048096,0.3151780664920807,0.31737762689590454,0.33849260210990906,0.3355633318424225,0.8435460329055786,0.8427980542182922,1.1661694049835205,1.1161141395568848,1.4788342714309692,1.4523357152938843,1.5301162004470825,1.5046920776367188,1.5672353506088257,1.5500657558441162
0.4189693450927734,0.4292429288228352,0.440372625986735,0.450646177927653,0.4609197298685709,0.4249622662862142,0.4386603355407715,0.4515022913614909,0.4609197298685709,0.4215377489725748,0.4437971433003743,0.4472216606140137,0.4446532567342122,0.4181132316589355,0.440372625986735,0.4420848846435546,0.4378042221069336,0.4172570864359538,0.4352358182271321,0.4369480768839518,0.4335235595703125,0.3977019133391203,0.3687837388780381,0.3429096080638744,0.3383435567220052,0.3307335182472511,0.3170354489926938,0.3109473899558738,0.3185574566876447,0.3276895028573495,0.3307335182472511,0.3429096080638744,0.3581296850133825,0.3611737004032841,0.3489976388436777,0.3596516927083333,0.3718277825249566,0.3733497902199074,0.3672617311830873,0.3733497902199074,0.3809598286946614,0.384003844084563,0.5473889032999675,0.5388275782267252,0.5285540262858073,0.5191365877787272,0.5088630358378092,0.5439643859863281,0.5294101397196452,0.5157120704650879,0.5062946319580078,0.5482449849446615,0.5251295089721679,0.5208488464355469,0.5242733637491862,0.5508134206136067,0.5285540262858073,0.5276978810628256,0.5319785435994466,0.5525256474812825,0.535403060913086,0.5345469156901042,0.539683723449707,0.3961799056441695,0.3672617311830873,0.3413876003689236,0.3337775336371528,0.3276895028573495,0.315513441297743,0.3063813668710214,0.3139914336027922,0.3261674951623987,0.3292115105523003,0.3368215490270544,0.3535636619285301,0.3596516927083333,0.3474756311487268,0.3566076773184317,0.3687837388780381,0.3703057748300057,0.3657397234881365,0.3733497902199074,0.3809598286946614,0.3824818363896122,0.49716776609420776,0.50846928358078,0.5147104263305664,0.5206281542778015,0.48775988817214966,0.47965767979621887,0.4738234877586365,0.5297842621803284,0.4621354937553406,0.5099535584449768,0.481624573469162,0.571313738822937,0.42044779658317566,0.6203137636184692,0.36080700159072876,0.5596833825111389,0.4128660261631012,0.5531256794929504,0.41628047823905945,0.5424782037734985,0.4300874173641205,0.5365949273109436,0.4353698492050171,0.548302412033081,0.4388261139392853,0.5525098443031311,0.4480507969856262,0.5371680855751038,0.43935126066207886,0.5390719771385193,0.4353810250759125,0.5156555771827698,0.45382440090179443,0.19718028604984283,0.17119121551513672,0.17242500185966492,0.17497043311595917,0.1713654100894928,0.17338256537914276,0.1761138141155243,0.19794881343841553,0.19736851751804352,0.2350393682718277,0.23439958691596985,0.3584786653518677,0.3678768277168274,0.5441842675209045,0.5399830937385559,0.39779460430145264,0.39183077216148376,0.34895259141921997,0.34870606660842896,0.32465654611587524,0.3246392011642456,0.34669971466064453,0.34209346771240234,0.8403549790382385,0.8388513922691345,1.1663316488265991,1.1162984371185303,1.4749963283538818,1.4480319023132324,1.5237653255462646,1.4995336532592773,1.562835693359375,1.5412490367889404
0.4279775937398274,0.4382486343383789,0.4493756294250488,0.4587907473246256,0.4682058970133463,0.4348249435424804,0.4502315521240234,0.4630703608194987,0.4724855105082194,0.4322571754455566,0.4545111338297526,0.457934824625651,0.4553670565287272,0.4305453300476074,0.4519433975219726,0.4527993202209472,0.4485197067260742,0.4296894391377767,0.4476637840270996,0.4476637840270996,0.4433841705322265,0.4053080240885416,0.3748752452709056,0.3490074157714843,0.3429208543565538,0.3368342929416232,0.3261828387225116,0.3185746369538483,0.3246611983687789,0.3353126525878906,0.3413992140028212,0.350529056125217,0.364223791051794,0.3687887121129919,0.359658869990596,0.3672670717592592,0.3794401663321036,0.3809618066858362,0.3779185259783709,0.3824834470395689,0.390091648808232,0.3916132891619647,0.5383914311726888,0.5298322359720866,0.5195611953735352,0.5110019683837891,0.5015868186950684,0.5332559267679851,0.5187052726745606,0.5050105094909668,0.49559539159139,0.5375355402628581,0.5135697364807129,0.5092901229858399,0.5118578910827637,0.5392473856608073,0.5169934272766114,0.5161375045776367,0.5204171180725098,0.5409592310587565,0.5229848861694336,0.522128963470459,0.5272644678751628,0.4022647433810764,0.3733536331741898,0.3444424947102865,0.3368342929416232,0.3322693718804253,0.3216179176613136,0.3109664351851852,0.3170529966001157,0.3292261194299768,0.3353126525878906,0.3398775736490885,0.3566155892831308,0.3627021506980613,0.3535723085756655,0.3611805103443287,0.3733536331741898,0.3748752452709056,0.3733536331741898,0.3779185259783709,0.3855267277470341,0.3870483681007667,0.4968498945236206,0.5080076456069946,0.5143002271652222,0.5199342370033264,0.48733648657798767,0.4794348180294037,0.47373780608177185,0.5292608737945557,0.4620451331138611,0.5097964406013489,0.48147037625312805,0.57331383228302,0.4205882251262665,0.6086685061454773,0.37099260091781616,0.5485391616821289,0.42367810010910034,0.5378010869026184,0.4273301362991333,0.531373143196106,0.4397587180137634,0.5269789099693298,0.4436718821525574,0.5479013919830322,0.4391079545021057,0.5523486733436584,0.44876861572265625,0.5370718240737915,0.44018882513046265,0.539014458656311,0.43661850690841675,0.515091061592102,0.4538361430168152,0.19721436500549316,0.17095701396465302,0.17222417891025543,0.17472073435783386,0.17113390564918518,0.17316433787345886,0.17585958540439606,0.19776946306228638,0.19695508480072021,0.2353503406047821,0.23448294401168823,0.3574184477329254,0.3657549321651459,0.5576490163803101,0.5518771409988403,0.40240103006362915,0.40202268958091736,0.3592386841773987,0.3624989688396454,0.33315157890319824,0.3361579179763794,0.3520429730415344,0.3520212173461914,0.8382646441459656,0.8358006477355957,1.1656309366226196,1.117890477180481,1.472385048866272,1.4449983835220337,1.518385648727417,1.4938470125198364,1.5602880716323853,1.5347366333007812
0.4368836720784505,0.4454421679178874,0.4557123819986979,0.4642708778381347,0.4736852010091146,0.4428746223449707,0.4582799275716145,0.4711176554361979,0.4796761512756348,0.440307076772054,0.4642708778381347,0.4659825642903646,0.4634150187174479,0.439451249440511,0.4617033322652181,0.4608474731445312,0.4565682093302409,0.439451249440511,0.4574240684509277,0.4574240684509277,0.4522889773050944,0.4068902757432726,0.379503094708478,0.3521159136736834,0.346029860885055,0.341465335422092,0.3323362844961661,0.3216857062445746,0.3292932581018518,0.341465335422092,0.346029860885055,0.3536374127423322,0.3673310173882378,0.3718955428512008,0.3642879909939236,0.3718955428512008,0.3825461211027922,0.3855891192400897,0.3825461211027922,0.3871106465657552,0.3947181984230324,0.3962396974916811,0.529315439860026,0.5199010848999024,0.5096309026082356,0.5010724067687988,0.4916580518086751,0.5241803487141927,0.5087750434875489,0.4942255973815918,0.4856671015421549,0.5276037216186523,0.5036399523417155,0.500216547648112,0.5027840932210287,0.5284595807393392,0.5062074979146322,0.507063357035319,0.5104867299397786,0.530171267191569,0.5113425890604655,0.5121984481811523,0.5173335393269857,0.4023257502803096,0.3764600683141638,0.3490728872793692,0.3429868344907407,0.3399438363534433,0.3247287326388889,0.3155996534559462,0.3232072053132234,0.3338577835648148,0.3384223090277777,0.3445083618164062,0.3566804391366464,0.3627664636682581,0.3582019382052951,0.3658094900625723,0.374938569245515,0.3764600683141638,0.3779815673828125,0.3825461211027922,0.3886321456344039,0.3901536729600694,0.4960574209690094,0.5070220828056335,0.5136638879776001,0.5188368558883667,0.48587995767593384,0.4787640869617462,0.4729290008544922,0.528541624546051,0.46181520819664,0.5094291567802429,0.4810785949230194,0.573814332485199,0.4205206334590912,0.6009690165519714,0.377764493227005,0.5410296320915222,0.43351686000823975,0.5292012095451355,0.43897077441215515,0.5257098078727722,0.44791510701179504,0.5233100652694702,0.4512418508529663,0.5474792122840881,0.4392666816711426,0.5520992279052734,0.44874781370162964,0.5369008183479309,0.4400233030319214,0.5388000011444092,0.4363856911659241,0.5150277614593506,0.4526371359825134,0.19740009307861328,0.17083775997161865,0.17206212878227234,0.1744060069322586,0.17115415632724762,0.17317812144756317,0.1759513020515442,0.1975237876176834,0.196843683719635,0.2355661392211914,0.23449110984802246,0.35733264684677124,0.3648398518562317,0.5655125379562378,0.5586814284324646,0.4065215289592743,0.4106709659099579,0.3669978380203247,0.37025851011276245,0.33734017610549927,0.3435770869255066,0.3545379936695099,0.359179824590683,0.836539089679718,0.8347235918045044,1.1642097234725952,1.1191856861114502,1.4709932804107666,1.4440077543258667,1.516290307044983,1.4917750358581543,1.5582005977630615,1.5323021411895752
0.4410866419474283,0.4496424674987793,0.4581982930501302,0.4658985455830892,0.4744543711344401,0.4462201436360677,0.4599094708760579,0.4727432250976562,0.4812990506490072,0.4453645706176757,0.4693208694458007,0.4718876202901204,0.4684652964274088,0.4462201436360677,0.4684652964274088,0.466754150390625,0.4624762217203776,0.4470757166544596,0.4650429725646973,0.4641873995463053,0.4581982930501302,0.4082504837601273,0.380871836344401,0.3534931889286747,0.3458879824037905,0.3398038510923032,0.3367617854365596,0.3245934945565683,0.3306776258680555,0.3398038510923032,0.3519721419722945,0.3550142076280382,0.3687035454644097,0.3732666580765336,0.3702245641637731,0.3763087237322772,0.3839139020001447,0.3869559676558883,0.3884770146122685,0.3915190802680121,0.3991242585358796,0.3991242585358796,0.5240781784057618,0.5138112068176269,0.505255381266276,0.4966995239257812,0.4872881253560384,0.5180891036987305,0.5035442034403483,0.49071044921875,0.4830102284749349,0.5206558545430501,0.4966995239257812,0.4941328048706054,0.4966995239257812,0.521511459350586,0.4992662747701009,0.5001218795776368,0.5043997764587402,0.521511459350586,0.5035442034403483,0.505255381266276,0.5103888829549154,0.4067294368037471,0.3793507893880208,0.3504510950159143,0.3428459167480469,0.3367617854365596,0.3291566071686921,0.3185093349880642,0.3230724476001881,0.3321986728244357,0.3443669637044271,0.3489300763165509,0.3626193858959056,0.3671824985080295,0.3641404328522858,0.3687035454644097,0.3793507893880208,0.380871836344401,0.3839139020001447,0.3854349489565248,0.3930401272243923,0.3945611459237558,0.49536851048469543,0.5061541795730591,0.51309734582901,0.5180580615997314,0.48485928773880005,0.47824540734291077,0.47240450978279114,0.5276129245758057,0.46149763464927673,0.5088653564453125,0.4805759787559509,0.5741091966629028,0.42006081342697144,0.5961044430732727,0.3813137114048004,0.5346277952194214,0.43713682889938354,0.5260986685752869,0.4434603452682495,0.5213711857795715,0.45152679085731506,0.5187503695487976,0.455049604177475,0.5469376444816589,0.43927666544914246,0.5519337058067322,0.44853538274765015,0.5365391373634338,0.4398214519023895,0.538570761680603,0.4362255930900574,0.5136946439743042,0.4511665403842926,0.1987805813550949,0.1708841174840927,0.1721520870923996,0.17452597618103027,0.17145918309688568,0.17364142835140228,0.176591694355011,0.19758018851280212,0.19685174524784088,0.23649528622627258,0.23461954295635223,0.35744884610176086,0.36454832553863525,0.5714365839958191,0.5633230805397034,0.4144456684589386,0.42029258608818054,0.37118858098983765,0.37590479850769043,0.3433479368686676,0.35103604197502136,0.3612171709537506,0.36701878905296326,0.8351681232452393,0.8337607979774475,1.1624376773834229,1.119423508644104,1.4678529500961304,1.4431357383728027,1.5120726823806763,1.490281581878662,1.5547767877578735,1.531308889389038
0.4439933141072591,0.4516916275024414,0.4593899726867675,0.4670882860819498,0.4756419817606608,0.4465594291687011,0.4602453231811523,0.4739312489827474,0.480774180094401,0.4448486963907878,0.4696544011433919,0.4713651339213053,0.4679436683654785,0.4457040468851725,0.4687990188598633,0.4670882860819498,0.4628114382425944,0.4474147796630859,0.4653775533040364,0.4653775533040364,0.4593899726867675,0.4113488373933015,0.3824563768174913,0.3535638879846643,0.3474812825520833,0.3398779975043403,0.3383573178891782,0.3261920787669994,0.3322747124565972,0.3413986488624855,0.3535638879846643,0.3566052189579716,0.3687704580801504,0.373332440411603,0.3718117607964409,0.3763737431278935,0.3854976795337818,0.3870183308919271,0.3900596618652344,0.3915803132233796,0.3991835982711227,0.4007042496292679,0.522687307993571,0.5132782300313313,0.5047245343526204,0.4970262209574381,0.4876171429951986,0.5184104601542155,0.5038691838582356,0.4910386403401692,0.4833402951558431,0.5201211929321289,0.4961708386739095,0.4936047236124674,0.4970262209574381,0.5201211929321289,0.4978815714518229,0.4987369537353515,0.5038691838582356,0.5201211929321289,0.5021584192911784,0.503013801574707,0.5090013821919759,0.4067868833188657,0.379415045844184,0.3520432366265191,0.3429193002206308,0.3383573178891782,0.3322747124565972,0.3185887937192563,0.3231507477936921,0.3307540328414352,0.3474812825520833,0.3490019339102286,0.3626878243905526,0.3672498067220052,0.3672498067220052,0.3702911094382957,0.379415045844184,0.3824563768174913,0.3870183308919271,0.3870183308919271,0.3946216159396701,0.3961422955548321,0.4947793781757355,0.5047949552536011,0.5122969150543213,0.5169972777366638,0.48378631472587585,0.4776461720466614,0.47176793217658997,0.5267415642738342,0.46117666363716125,0.5084753632545471,0.48029476404190063,0.5743788480758667,0.4199256896972656,0.5931979417800903,0.3856159746646881,0.5329647064208984,0.43943673372268677,0.5246039628982544,0.4461192488670349,0.5207538604736328,0.45242780447006226,0.5181997418403625,0.45567306876182556,0.5463957190513611,0.4393022656440735,0.5514581799507141,0.44846808910369873,0.5359681248664856,0.439750611782074,0.5381810665130615,0.4360649287700653,0.5121195912361145,0.4503709673881531,0.2002277374267578,0.17095479369163513,0.17225100100040436,0.174597829580307,0.17229396104812622,0.17508144676685333,0.17835256457328796,0.1976122111082077,0.19789305329322815,0.23759746551513672,0.23499488830566406,0.3577777147293091,0.36455848813056946,0.5747791528701782,0.5656899213790894,0.4194904565811157,0.4194272756576538,0.3769668638706207,0.37678173184394836,0.3472566306591034,0.3508712351322174,0.3637014329433441,0.3664650321006775,0.8347460031509399,0.833956778049469,1.162445306777954,1.1209161281585693,1.4662889242172241,1.442770004272461,1.509474515914917,1.4896855354309082,1.5530940294265747,1.5294220447540283
0.4413785298665365,0.4499285697937011,0.4576236089070638,0.4653186162312825,0.4730136553446452,0.4430885632832845,0.4576236089070638,0.471303653717041,0.4781436602274577,0.4422335306803385,0.4661736170450846,0.4687386194864908,0.4661736170450846,0.4422335306803385,0.4653186162312825,0.4644636154174805,0.46018861134847,0.4430885632832845,0.4618986129760742,0.4627536137898763,0.4567686080932617,0.4130204377350984,0.3856603551793982,0.3552602697301794,0.3491802356861256,0.3415802001953125,0.3385401973017939,0.3263801574707031,0.3339801929615162,0.3461402327926071,0.3537402682834201,0.3567802711769386,0.3704603124547888,0.3765403182418258,0.371980313901548,0.3765403182418258,0.3871803566261574,0.3902203595196759,0.3902203595196759,0.3917403892234519,0.3993403964572483,0.4023804276077836,0.5260238329569499,0.515763791402181,0.5063587506612142,0.4969537099202474,0.4866937001546224,0.5208937962849934,0.5055037498474121,0.4918237050374349,0.4841286977132161,0.5226037979125977,0.4995187441507975,0.4969537099202474,0.5003737449645996,0.5234587987263998,0.5003737449645996,0.5029387474060059,0.5072137514750162,0.5234587987263998,0.5055037498474121,0.5063587506612142,0.5123437881469727,0.4099804348415798,0.3826203522858796,0.3537402682834201,0.3446202313458478,0.3400601987485532,0.3324601915147569,0.3218201531304253,0.3279001589174624,0.3370201958550347,0.3491802356861256,0.3507002371328848,0.3643802784107349,0.3689403110080295,0.3689403110080295,0.371980313901548,0.3826203522858796,0.3841403537326389,0.3887003580729166,0.3902203595196759,0.3963003935637297,0.397820395010489,0.4940308630466461,0.50357586145401,0.5115659832954407,0.5161444544792175,0.4827738404273987,0.47697627544403076,0.4709329903125763,0.5263262391090393,0.4610117971897125,0.5079076290130615,0.4799846410751343,0.5747759938240051,0.41984128952026367,0.5917638540267944,0.3863031566143036,0.5331390500068665,0.4382009506225586,0.5256662964820862,0.44407954812049866,0.521957516670227,0.4511498808860779,0.5191324949264526,0.45455601811408997,0.5457582473754883,0.43932026624679565,0.5505408644676208,0.44797462224960327,0.5351243615150452,0.4388924241065979,0.5376294851303101,0.43583595752716064,0.5098976492881775,0.44752800464630127,0.20155663788318634,0.17101483047008514,0.17228224873542786,0.17461234331130981,0.17323777079582214,0.17660482227802277,0.17997576296329498,0.1976112574338913,0.19897420704364777,0.23824313282966614,0.2355993241071701,0.35845252871513367,0.3645736277103424,0.57832932472229,0.5681231617927551,0.418235182762146,0.4219275116920471,0.37703776359558105,0.37871530652046204,0.3480260670185089,0.3528493344783783,0.3639245629310608,0.3675327003002167,0.8343055844306946,0.8337563276290894,1.1624948978424072,1.1218844652175903,1.4657063484191895,1.4425009489059448,1.5083556175231934,1.489176630973816,1.5529518127441406,1.5292514562606812
0.4385495503743489,0.4453917821248372,0.4522340456644694,0.4590762774149576,0.4650632540384928,0.4351284344991048,0.4462470690409342,0.4599315643310547,0.469339656829834,0.4325625737508138,0.4547998746236165,0.4607868512471517,0.4590762774149576,0.4325625737508138,0.4539445877075195,0.4573657353719075,0.4539445877075195,0.4334178606669108,0.4513787587483724,0.4539445877075195,0.4505234718322753,0.4146276403356481,0.3857381750036169,0.3568486814145689,0.3492461875632957,0.3401231836389612,0.3386027018229167,0.3249181959364149,0.3294796978985821,0.3401231836389612,0.353807689525463,0.353807689525463,0.3690126772280092,0.3766151710792824,0.3720536691171152,0.3735741791901765,0.3857381750036169,0.3902996487087674,0.3887791668927228,0.3887791668927228,0.3979021425600405,0.4009431627061632,0.5326304117838542,0.5232223192850749,0.5146695137023926,0.5061167081197103,0.497563902537028,0.52920929590861,0.5155248006184896,0.5018403053283691,0.4915769577026367,0.5317751248677571,0.5078272819519043,0.5044061660766601,0.5069719950358073,0.5317751248677571,0.5086825688680013,0.5095378239949544,0.5138142267862956,0.5317751248677571,0.5129589716593425,0.5129589716593425,0.5180906295776367,0.4131071302625868,0.3842176649305555,0.3553281995985243,0.3477257057472511,0.3386027018229167,0.3355617099338107,0.3233977141203704,0.3264387060094763,0.3340411998607494,0.350766697636357,0.3522871794524016,0.3659716853389033,0.3720536691171152,0.3705331873010706,0.3735741791901765,0.3842176649305555,0.3872586568196615,0.3902996487087674,0.3918201587818287,0.3979021425600405,0.4009431627061632,0.49345433712005615,0.5028597116470337,0.5110556483268738,0.5156071186065674,0.48183542490005493,0.47626593708992004,0.46992605924606323,0.5259944796562195,0.4608866572380066,0.5075051784515381,0.47979485988616943,0.5752933025360107,0.42055395245552063,0.592719316482544,0.38598760962486267,0.5366400480270386,0.434903085231781,0.5299831032752991,0.43842145800590515,0.5266739726066589,0.44733479619026184,0.523112952709198,0.45104700326919556,0.5455197691917419,0.4396137595176697,0.5494773983955383,0.4479665458202362,0.5344789028167725,0.43882232904434204,0.5369662642478943,0.43573158979415894,0.5095263123512268,0.447229266166687,0.20300273597240448,0.17104575037956238,0.1723061352968216,0.17463399469852448,0.17407728731632233,0.17791630327701569,0.18127991259098053,0.19758348166942596,0.20023420453071594,0.23906275629997253,0.23799774050712585,0.3600490391254425,0.36502882838249207,0.5801249742507935,0.5699079632759094,0.41833120584487915,0.4193071722984314,0.37696176767349243,0.37572455406188965,0.34809038043022156,0.35057926177978516,0.36355453729629517,0.365518182516098,0.8342838883399963,0.8336530327796936,1.1628144979476929,1.1240036487579346,1.4655133485794067,1.4432082176208496,1.5082210302352905,1.4898885488510132,1.5521408319473267,1.5304481983184814
0.4319312731424967,0.4353546778361002,0.4413456916809082,0.4464808146158854,0.4524718284606933,0.4199492454528808,0.4310754140218099,0.4447691281636556,0.454183546702067,0.4173816998799642,0.4396339734395345,0.4473366737365722,0.4464808146158854,0.4165258407592773,0.4387781143188476,0.4439132690429687,0.442201550801595,0.4173816998799642,0.4362105369567871,0.4404898325602213,0.4387781143188476,0.4161161634657118,0.388728756374783,0.3582982663755064,0.3461260760271991,0.3369969403302228,0.3385184676558883,0.32330322265625,0.3278678046332465,0.3369969403302228,0.3522121853298611,0.3522121853298611,0.3674274020724826,0.3750350387008102,0.3689489293981481,0.3719919840494791,0.3841641743977864,0.388728756374783,0.3872072290491175,0.3872072290491175,0.3948148374204282,0.3978578920717592,0.5414809544881185,0.5337782541910807,0.5252196629842122,0.5166611035664876,0.508102544148763,0.5414809544881185,0.5277872403462728,0.5132376670837402,0.5029673894246419,0.5440485000610351,0.520940367380778,0.5149493853251139,0.5183728218078614,0.5449043909708658,0.5217962265014648,0.520940367380778,0.5243638038635254,0.5449043909708658,0.526075522104899,0.5252196629842122,0.5294989585876465,0.4145946361400462,0.3856857017234519,0.3567767390498408,0.3476476033528646,0.3385184676558883,0.3385184676558883,0.3248247499819155,0.3278678046332465,0.3400399949815538,0.3522121853298611,0.3522121853298611,0.3689489293981481,0.3750350387008102,0.3719919840494791,0.3750350387008102,0.3856857017234519,0.388728756374783,0.3917717827690972,0.3917717827690972,0.3978578920717592,0.4009009467230903,0.49288246035575867,0.5018243193626404,0.5103086233139038,0.5148780941963196,0.4809362590312958,0.4755908250808716,0.46880823373794556,0.5249751210212708,0.4605899155139923,0.5071467757225037,0.47944000363349915,0.574907124042511,0.42078131437301636,0.5951117277145386,0.3837145268917084,0.5410152077674866,0.43365493416786194,0.5332755446434021,0.43091049790382385,0.5289509892463684,0.43973681330680847,0.52403324842453,0.44600310921669006,0.5453561544418335,0.4399350881576538,0.5494212508201599,0.4505162835121155,0.5345533490180969,0.4397505223751068,0.5369705557823181,0.4364931285381317,0.5098293423652649,0.44793087244033813,0.2038305252790451,0.1711379736661911,0.1723828762769699,0.17478184401988983,0.17465388774871826,0.17880946397781372,0.18217600882053375,0.19760872423648834,0.20124739408493042,0.23971623182296753,0.24024434387683868,0.3603382408618927,0.365945965051651,0.5803889632225037,0.5742555260658264,0.417510449886322,0.4148184061050415,0.37729185819625854,0.37220317125320435,0.3484356999397278,0.3471548855304718,0.3629792332649231,0.3622356355190277,0.8341148495674133,0.8336451053619385,1.1627053022384644,1.1246740818023682,1.4632046222686768,1.4434103965759277,1.505278468132019,1.4902338981628418,1.5509759187698364,1.531288981437683
0.4190919240315755,0.4208039919535319,0.425940195719401,0.4293643315633138,0.4310764312744141,0.4002591451009115,0.4096755345662435,0.4233721097310384,0.4336445172627767,0.3976910591125488,0.4199479738871256,0.4285083134969075,0.4285083134969075,0.3976910591125488,0.4199479738871256,0.425940195719401,0.4242281277974447,0.3994031270345052,0.416523806254069,0.4225160598754883,0.4208039919535319,0.410131581624349,0.3857821429217303,0.3568671897605613,0.3446924562807436,0.3325177510579427,0.3386051036693431,0.3218648557309751,0.3233866938838252,0.3325177510579427,0.3507798088921441,0.349257970739294,0.3629545423719618,0.3720855712890625,0.3675200568305121,0.3675200568305121,0.38121662846318,0.3873039810745804,0.3857821429217303,0.3842603047688802,0.3903476573802806,0.3964350382486979,0.5466411590576172,0.5440730412801107,0.5372247695922852,0.5312325159708658,0.5252402941385905,0.5586256663004557,0.5466411590576172,0.5329445838928223,0.5235281944274902,0.5620498021443685,0.5397928873697917,0.5312325159708658,0.5320885658264161,0.5629058202107747,0.5406489054361979,0.5355126698811848,0.5372247695922852,0.5629058202107747,0.5440730412801107,0.5406489054361979,0.5432170232137045,0.4162189624927662,0.3903476573802806,0.3629545423719618,0.349257970739294,0.3386051036693431,0.3401269418221933,0.3264303701895255,0.3309958846480758,0.3401269418221933,0.3538235134548611,0.3538235134548611,0.3690418949833622,0.3766511140046296,0.3736074094419126,0.3751292758517795,0.3857821429217303,0.3918694955331308,0.3933913336859809,0.3918694955331308,0.397956876401548,0.4010005527072482,0.49253493547439575,0.5011016130447388,0.5097425580024719,0.5143153071403503,0.48038408160209656,0.4751299023628235,0.4680304527282715,0.5239388346672058,0.46026304364204407,0.506761372089386,0.4789954125881195,0.5742899179458618,0.4203380346298218,0.5975837707519531,0.38209500908851624,0.5460119843482971,0.42176273465156555,0.5456679463386536,0.4131055176258087,0.5389180779457092,0.425282746553421,0.5309503078460693,0.43425941467285156,0.5453583598136902,0.4397367537021637,0.5496261119842529,0.4504076838493347,0.5354642868041992,0.4397736191749573,0.5384043455123901,0.43686485290527344,0.5098612904548645,0.4476812779903412,0.20444057881832123,0.17149750888347626,0.17280204594135284,0.17529766261577606,0.17539840936660767,0.17974434792995453,0.18311728537082672,0.19773942232131958,0.20230120420455933,0.240400493144989,0.24152185022830963,0.36050575971603394,0.3683817684650421,0.5794142484664917,0.5760172009468079,0.41977807879447937,0.4120829701423645,0.37761563062667847,0.36949422955513,0.351087361574173,0.3456789255142212,0.3663065731525421,0.3611544668674469,0.834254264831543,0.8337087631225586,1.162745475769043,1.1245934963226318,1.462085485458374,1.4431672096252441,1.504342794418335,1.4904001951217651,1.5508301258087158,1.5318576097488403
0.4019258817036946,0.4044937451680501,0.4079175949096679,0.4087735493977865,0.4104854583740234,0.3788149833679199,0.3856626510620117,0.4002139409383138,0.4113414128621419,0.3753911336263021,0.3967901229858398,0.4053496996561686,0.4062056541442871,0.3762470881144206,0.3976460774739583,0.4036377906799316,0.4036377906799316,0.3771030426025391,0.395078182220459,0.4002139409383138,0.3993579864501953,0.4084871645326967,0.3841398733633536,0.356749188458478,0.3430538318775318,0.3308801721643518,0.3384887130172164,0.3187065407081886,0.3217499627007378,0.3293584752965856,0.3506623444733796,0.3491406476056134,0.3643577010543258,0.3719662419071904,0.3689228199146412,0.367401123046875,0.3810964513708044,0.3871832953559028,0.3871832953559028,0.3826181764955874,0.3902266890914352,0.3963135048195167,0.5628461837768555,0.5602783203125,0.5542866388956705,0.5491508483886719,0.545727030436198,0.5791094462076823,0.5679819742838542,0.555142593383789,0.545727030436198,0.5825332641601563,0.5602783203125,0.5525747299194336,0.5517187754313151,0.5833892186482748,0.5611342748006185,0.5559985478719075,0.5568545023600261,0.5833892186482748,0.5645581563313802,0.5602783203125,0.561990229288737,0.4160956771285445,0.3902266890914352,0.3643577010543258,0.3476189507378472,0.3384887130172164,0.3430538318775318,0.3278367784288194,0.3308801721643518,0.3415321350097656,0.3582708853262442,0.356749188458478,0.3704445167824074,0.376531332510489,0.376531332510489,0.3780530576352719,0.3871832953559028,0.3917484142162181,0.3963135048195167,0.3947918079517505,0.3993569268120659,0.4024003488046151,0.49176937341690063,0.5005279183387756,0.5092094540596008,0.5138421058654785,0.4798539876937866,0.4745528995990753,0.46723270416259766,0.5234668850898743,0.4599232077598572,0.5057189464569092,0.4781050384044647,0.5739794969558716,0.4193226397037506,0.5979467630386353,0.3810020685195923,0.5681102275848389,0.39921534061431885,0.562129557132721,0.39267873764038086,0.5661910772323608,0.40003350377082825,0.5632484555244446,0.4091132581233978,0.5453583002090454,0.4397124648094177,0.549591600894928,0.4503340423107147,0.5355995297431946,0.4399355351924896,0.5388364195823669,0.4373572766780853,0.5096646547317505,0.44774216413497925,0.20532730221748352,0.17231440544128418,0.17369911074638367,0.17600275576114655,0.17628420889377594,0.1805758774280548,0.18389296531677246,0.1980118751525879,0.20298726856708527,0.241410493850708,0.2420048713684082,0.3605930209159851,0.36921414732933044,0.5812565684318542,0.5784651637077332,0.41803687810897827,0.4105006158351898,0.3789962828159332,0.36867350339889526,0.35027557611465454,0.34399914741516113,0.3638608753681183,0.3595051169395447,0.8350197672843933,0.8339197039604187,1.1627709865570068,1.1243267059326172,1.4594805240631104,1.4429848194122314,1.5009357929229736,1.4905503988265991,1.550789713859558,1.5322113037109375
0.3845056215922037,0.3853617032368978,0.3870738983154297,0.3870738983154297,0.3887860616048177,0.3579667727152506,0.3622472127278646,0.3750885963439941,0.3862177848815918,0.3536863009134928,0.3733764012654622,0.3827934265136719,0.3853617032368978,0.3536863009134928,0.3742325146993001,0.38108123143514,0.38108123143514,0.3553984959920247,0.3716642379760742,0.37765687306722,0.37765687306722,0.4067415025499132,0.3823904531973379,0.3549955014829282,0.3397760744448061,0.3260785985876013,0.3382541515209056,0.3184688991970486,0.3199908503779659,0.3260785985876013,0.3504296761971933,0.3458638509114583,0.3580393755877459,0.3671710261592159,0.3686929773401331,0.3656491032353154,0.3763026767306857,0.3823904531973379,0.3854343273021556,0.3808685020164207,0.3869562784830729,0.3915221037688078,0.5796946207682292,0.5771263122558594,0.5719897588094075,0.5702775955200196,0.5677093505859375,0.6002408345540364,0.5908238093058268,0.5771263122558594,0.5677093505859375,0.6045213063557943,0.583975092569987,0.5745580673217774,0.5728459040323893,0.6053773880004882,0.584831174214681,0.5771263122558594,0.5771263122558594,0.6045213063557943,0.5882555643717448,0.5822628657023112,0.5822628657023112,0.4173951043023003,0.3915221037688078,0.3656491032353154,0.3504296761971933,0.3412980256257233,0.3458638509114583,0.3306444238733362,0.3336883262351707,0.3443418997305411,0.3595613267686632,0.3580393755877459,0.3702149285210503,0.377824627911603,0.377824627911603,0.377824627911603,0.3884782014069733,0.3945659778736256,0.3976098519784433,0.3960879290545428,0.4006537543402778,0.4052195796260127,0.49114707112312317,0.5003176927566528,0.5089882612228394,0.513657808303833,0.47964632511138916,0.47435328364372253,0.4670027196407318,0.5233949422836304,0.4597682058811188,0.5047141313552856,0.47756120562553406,0.5726279020309448,0.4182646870613098,0.6051663160324097,0.3797696828842163,0.5927553176879883,0.3787572979927063,0.5915926694869995,0.3723980486392975,0.5882546901702881,0.37891238927841187,0.5845807790756226,0.3857828378677368,0.5454847812652588,0.4396960437297821,0.5498631000518799,0.4504149258136749,0.5375301241874695,0.4412749111652374,0.540971577167511,0.438847154378891,0.5114728212356567,0.44995391368865967,0.20664706826210022,0.17397937178611755,0.17531345784664154,0.1773691177368164,0.17799097299575806,0.18204130232334137,0.1850603222846985,0.19898012280464172,0.20380564033985138,0.24181407690048218,0.242305189371109,0.36587339639663696,0.3703176975250244,0.5842041373252869,0.5755752921104431,0.4173845648765564,0.4090476930141449,0.3790023624897003,0.3711701035499573,0.3529118001461029,0.343741774559021,0.36501801013946533,0.3587111830711365,0.8360939025878906,0.8351911306381226,1.1627987623214722,1.124008297920227,1.4567935466766357,1.4431698322296143,1.4980089664459229,1.4918705224990845,1.5509896278381348,1.534820795059204
0.3661039670308431,0.3669607480367025,0.3695311228434245,0.3686743100484212,0.3669607480367025,0.338686720530192,0.3404003143310546,0.3532521247863769,0.3643903732299804,0.3352595647176107,0.3515385627746582,0.3626768112182617,0.3669607480367025,0.3344027837117513,0.3532521247863769,0.3618199984232584,0.363533592224121,0.33611634572347,0.3506817499796549,0.3575360616048177,0.358392874399821,0.4093064767343026,0.3803660640010127,0.3514256512677228,0.33619384765625,0.3240084330240885,0.3377170421459056,0.3179157115794994,0.3179157115794994,0.3240084330240885,0.3514256512677228,0.3468561243127893,0.3575183727123119,0.3651342603895399,0.3681806211118344,0.3651342603895399,0.3742733425564236,0.3803660640010127,0.3864587854456018,0.3818892584906684,0.3864587854456018,0.3910283124005353,0.5974368413289388,0.59572327931722,0.5914393107096354,0.590582529703776,0.5888689676920573,0.6214269002278646,0.6137158075968424,0.6000071843465169,0.5888689676920573,0.6257108688354492,0.6077182769775391,0.5965800603230794,0.5931528727213542,0.6265676498413086,0.6077182769775391,0.5982936223347982,0.5965800603230794,0.6257108688354492,0.6094319025675455,0.6025775909423828,0.6008639653523763,0.4214919196234809,0.3925515068901909,0.3651342603895399,0.3514256512677228,0.3422865691008391,0.3483792905454282,0.3331475151909722,0.3346706814236111,0.3438097635904948,0.3620878996672453,0.3590415672019676,0.3697038156014902,0.3773197032787181,0.3818892584906684,0.3788428977683738,0.3879819516782407,0.3925515068901909,0.4001673945674189,0.3986442283347801,0.4016905890570746,0.4047369497793692,0.4902443289756775,0.49989455938339233,0.5086420178413391,0.5134479403495789,0.4792114198207855,0.47394511103630066,0.46651437878608704,0.5234177708625793,0.45945659279823303,0.5041519999504089,0.47731590270996094,0.5728338956832886,0.41750332713127136,0.6123592257499695,0.37716901302337646,0.610752284526825,0.3614351451396942,0.6144188642501831,0.34910568594932556,0.6121836304664612,0.35448578000068665,0.6066491007804871,0.36393192410469055,0.5456479787826538,0.4396980106830597,0.5497816205024719,0.45038264989852905,0.5375441908836365,0.4412075877189636,0.5412613749504089,0.4388487637042999,0.5110583901405334,0.44979506731033325,0.2076255977153778,0.1746359020471573,0.17581245303153992,0.1777568757534027,0.17932254076004028,0.1831618696451187,0.18592345714569092,0.1990620642900467,0.20406942069530487,0.24178387224674225,0.24234440922737122,0.3687938451766968,0.3712886571884155,0.5862825512886047,0.573053777217865,0.42590197920799255,0.4105629324913025,0.38661906123161316,0.37326905131340027,0.35747143626213074,0.34410518407821655,0.3692539930343628,0.3593728840351105,0.8375020623207092,0.8370360732078552,1.1642483472824097,1.1240713596343994,1.4570850133895874,1.4433095455169678,1.4984320402145386,1.4923663139343262,1.552283525466919,1.5371063947677612
0.3515610059102376,0.3515610059102376,0.3532755533854166,0.3507037162780761,0.3498464584350585,0.3224137624104817,0.3224137624104817,0.3344155629475911,0.3455601056416829,0.3189846674601237,0.3327010154724121,0.3447028160095214,0.348989200592041,0.3181274096171061,0.3344155629475911,0.3438455581665039,0.3464173634847005,0.3189846674601237,0.3327010154724121,0.3395592053731283,0.3412737528483073,0.4087549845377604,0.3797982392487702,0.3523655361599392,0.3356011002152054,0.3218847486707899,0.3401732268156828,0.3203607064706308,0.3188366642704716,0.3249328330711082,0.3523655361599392,0.3447453251591435,0.3569376345033999,0.3645578455041956,0.3691299438476562,0.3630338033040364,0.3706539860478154,0.376750154848452,0.3874184219925491,0.3813222814489294,0.3843703375922309,0.3889424641927083,0.6138861974080404,0.6121716817220052,0.6087425867716472,0.6095998764038086,0.6087425867716472,0.6387470881144206,0.6344607671101888,0.621601676940918,0.61045716603597,0.6438907623291016,0.6276025772094727,0.6156007766723632,0.6113143920898437,0.6447479883829753,0.6267452875773112,0.6173152923583984,0.6147434870402019,0.6438907623291016,0.6284598668416341,0.621601676940918,0.6198871612548829,0.4224713360821759,0.3950386329933449,0.3660818877043547,0.3523655361599392,0.3432212829589843,0.3508414939597801,0.3325530158148871,0.3371251424153645,0.3447453251591435,0.3645578455041956,0.3599857189037181,0.3706539860478154,0.3782741970486111,0.3828462953920717,0.3813222814489294,0.3889424641927083,0.3935145907931857,0.4011347735369647,0.3980866891366464,0.4011347735369647,0.404182857937283,0.48973506689071655,0.49967262148857117,0.5084416270256042,0.5133042335510254,0.4789433777332306,0.473543256521225,0.46602195501327515,0.5234354138374329,0.45899656414985657,0.5040590167045593,0.4771261215209961,0.5733416080474854,0.4169577658176422,0.616643488407135,0.374051958322525,0.626153826713562,0.3484131395816803,0.6297717690467834,0.33200493454933167,0.6304323077201843,0.34035417437553406,0.6230018734931946,0.3508688807487488,0.5458096265792847,0.43964385986328125,0.5497865080833435,0.45060524344444275,0.5375890135765076,0.4411706030368805,0.5412144064903259,0.43873539566993713,0.5111185312271118,0.44996002316474915,0.20764946937561035,0.1747775822877884,0.17590448260307312,0.17778562009334564,0.17964471876621246,0.18346016108989716,0.18616732954978943,0.1990586668252945,0.2040957659482956,0.24074488878250122,0.24206912517547607,0.3711685836315155,0.37151414155960083,0.5869170427322388,0.5716296434402466,0.43105390667915344,0.4112066626548767,0.39488083124160767,0.37389427423477173,0.3603568971157074,0.3444023132324219,0.3714478611946106,0.3607601821422577,0.838094174861908,0.8375489711761475,1.1633780002593994,1.1222114562988281,1.453382134437561,1.4426460266113281,1.4945303201675415,1.492059350013733,1.5509971380233765,1.5371555089950562
0.3421450614929199,0.3412876764933268,0.3421450614929199,0.3387155532836914,0.3361433982849121,0.3112793604532877,0.3095645904541015,0.3224253018697103,0.3327138900756836,0.3078498204549154,0.3189957936604817,0.3327138900756836,0.3370007832845052,0.3069924354553223,0.320710531870524,0.3318565050760905,0.3344286282857259,0.3069924354553223,0.3189957936604817,0.327569580078125,0.3301417350769043,0.4086591649938513,0.3796987180356626,0.3522625110767506,0.3339717158564815,0.3217778523763021,0.3400686475965712,0.3202536123770255,0.3187293723777488,0.3248263041178385,0.3522625110767506,0.3446413393373843,0.3553109910753038,0.3629321628146701,0.3690290945547598,0.3629321628146701,0.3720775462962963,0.378174478036386,0.3873198897750289,0.3812229580349392,0.3842714097764756,0.3888441297743055,0.6259382883707683,0.6250808715820313,0.6216513315836588,0.623366101582845,0.6250808715820313,0.6533744812011719,0.6499449412027994,0.6379416147867839,0.6267956415812175,0.6576613744099935,0.6439432779947917,0.631939951578776,0.6267956415812175,0.6593761444091797,0.6422285079956055,0.631939951578776,0.6285104115804037,0.6585187276204427,0.6430858612060547,0.6362268447875976,0.6336547215779622,0.4254257202148437,0.3949410615143952,0.3659806145562066,0.3522625110767506,0.3431171275951244,0.3522625110767506,0.3354959558557581,0.3385444075972945,0.3461655793366608,0.3659806145562066,0.3614079228153935,0.3705533062970196,0.378174478036386,0.3842714097764756,0.3812229580349392,0.3888441297743055,0.3934168215151186,0.4040864449960214,0.3979895132559317,0.4010379932544849,0.4040864449960214,0.4892040193080902,0.49931463599205017,0.5080743432044983,0.5130794644355774,0.478510320186615,0.47296324372291565,0.4653583765029907,0.5234434008598328,0.45865705609321594,0.5039653182029724,0.47699302434921265,0.5745970010757446,0.4169514775276184,0.6208688616752625,0.37167054414749146,0.6356717348098755,0.33534684777259827,0.6415353417396545,0.31855642795562744,0.6444008946418762,0.327353298664093,0.6353863477706909,0.33981457352638245,0.5458304286003113,0.43943727016448975,0.5497735738754272,0.45090433955192566,0.5376513004302979,0.440744549036026,0.5412328839302063,0.4376196265220642,0.5112146139144897,0.4501613676548004,0.20801372826099396,0.1752278208732605,0.17618520557880402,0.17795775830745697,0.18078601360321045,0.18444474041461945,0.18710638582706451,0.19905981421470642,0.20449456572532654,0.2404979020357132,0.2420939952135086,0.374242901802063,0.37158674001693726,0.5852275490760803,0.5707073211669922,0.436178058385849,0.4113175570964813,0.4016880691051483,0.3731061816215515,0.3655312657356262,0.34409379959106445,0.3783665895462036,0.36048248410224915,0.8391069173812866,0.838020384311676,1.1629575490951538,1.120641827583313,1.4510722160339355,1.4412992000579834,1.4913902282714844,1.4909788370132446,1.550106406211853,1.536078929901123
0.3363322257995605,0.3354744593302409,0.3354744593302409,0.3320434252421061,0.3294701258341471,0.3054527600606282,0.3037372271219889,0.3157459259033203,0.3260390599568685,0.3020216941833496,0.3123148600260416,0.3260390599568685,0.3303278923034668,0.3003061612447102,0.314030392964681,0.3251812934875488,0.3286123593648274,0.3011639277140299,0.3123148600260416,0.3208924929300944,0.3234657923380534,0.4101444950810185,0.3811711629231771,0.3521978307653357,0.3338988975242332,0.3232244986074942,0.339998541937934,0.3216995804398148,0.3216995804398148,0.3277992531105324,0.353722748933015,0.3445732681839554,0.3552476671006944,0.3628722296820746,0.3720216821741174,0.3643971195927373,0.3720216821741174,0.378121354844835,0.3903206436722367,0.3826960810908564,0.3842209992585358,0.3887957255045572,0.6339760462443034,0.6331182479858398,0.6314027786254883,0.6331182479858398,0.6348337809244792,0.6614244461059571,0.6605667114257813,0.6485580444335938,0.6391226450602213,0.6674287796020508,0.6545623779296875,0.6416959126790365,0.6374071121215821,0.6682865778605144,0.653704579671224,0.6425536473592123,0.6391226450602213,0.6682865778605144,0.6545623779296875,0.6459847132364909,0.6434114456176758,0.4238687020760995,0.3964202880859375,0.367446955928096,0.3521978307653357,0.3415234601056134,0.3521978307653357,0.3369487056025752,0.3384736237702546,0.3476231045193142,0.3659220377604166,0.3613473115143952,0.3704967922634549,0.3765964366771556,0.3857459174262153,0.3811711629231771,0.3887957255045572,0.3948953699182581,0.4040448506673177,0.3994701244212963,0.4025199324996383,0.4055697688349971,0.4888729155063629,0.4990594983100891,0.5077811479568481,0.5128971934318542,0.47819629311561584,0.47249042987823486,0.4648507535457611,0.5233781933784485,0.45835039019584656,0.5039203763008118,0.47689956426620483,0.5749666690826416,0.4167594015598297,0.6224697232246399,0.37037140130996704,0.6431034803390503,0.331264853477478,0.6539002656936646,0.31237584352493286,0.6557368636131287,0.32079997658729553,0.6476196050643921,0.335530161857605,0.5458663105964661,0.4393836557865143,0.549786388874054,0.45088091492652893,0.5376224517822266,0.4388221502304077,0.5411559343338013,0.43520990014076233,0.511327862739563,0.4498022496700287,0.2084176391363144,0.17555978894233704,0.17638981342315674,0.17808732390403748,0.18154853582382202,0.18512766063213348,0.1877375692129135,0.19906079769134521,0.2046932429075241,0.2403685748577118,0.242122083902359,0.37501260638237,0.37157630920410156,0.583544909954071,0.5699697136878967,0.4372217655181885,0.4120924472808838,0.4022524058818817,0.3725351393222809,0.3662467896938324,0.3443279266357422,0.37841567397117615,0.360850989818573,0.8391051292419434,0.8379977345466614,1.1620506048202515,1.11965811252594,1.4482779502868652,1.440123200416565,1.4878108501434326,1.4896122217178345,1.5485796928405762,1.5356775522232056
0.3349555333455403,0.3340977350870768,0.3340977350870768,0.3306665738423665,0.3280931790669759,0.3040750503540039,0.3023594856262207,0.3143685340881347,0.3238042513529459,0.3006438891092936,0.311795171101888,0.3246620178222656,0.3289509773254394,0.2989282925923665,0.3126529693603516,0.3229464530944824,0.3272354125976562,0.2997860908508301,0.3100795745849609,0.3186574935913085,0.3220886548360189,0.4101054156268084,0.3811311509874132,0.3536818610297309,0.3369072808159722,0.3262325428150318,0.3414821483470775,0.3231826217086226,0.3231826217086226,0.3308074386031539,0.355206807454427,0.3475819905598958,0.35673178213614,0.3643565707736545,0.3719813876681858,0.3658815454553675,0.3735063340928819,0.3796061763057002,0.3902809143066406,0.3841810720938223,0.3857060467755353,0.3902809143066406,0.6377556482950847,0.6368978500366211,0.635182253519694,0.6386134465535481,0.6420446395874023,0.6652049382527669,0.6652049382527669,0.6540536880493164,0.6437601725260417,0.6712094624837239,0.6583426157633464,0.6454757690429688,0.6411868413289388,0.672925059000651,0.656627082824707,0.6471913655598959,0.6429023742675781,0.6720672607421875,0.6583426157633464,0.6506224950154622,0.6480491638183594,0.4253550211588541,0.3963807565194589,0.3674064918800636,0.3521568863480179,0.3430071230287905,0.3536818610297309,0.3369072808159722,0.3399572019223814,0.3491069652416088,0.3674064918800636,0.3613066496672453,0.3719813876681858,0.378081229881004,0.3857060467755353,0.3826561256691261,0.3902809143066406,0.3948558100947627,0.4040055734139902,0.400955652307581,0.4040055734139902,0.4070554945203993,0.4885273277759552,0.4987254738807678,0.5073471665382385,0.5126505494117737,0.47786659002304077,0.4720019996166229,0.4643577039241791,0.5232381820678711,0.45804402232170105,0.5037925839424133,0.47672951221466064,0.5749785900115967,0.41648948192596436,0.6234142780303955,0.36909469962120056,0.6456343531608582,0.32979616522789,0.6572620272636414,0.3107779324054718,0.6582740545272827,0.31792789697647095,0.6502124667167664,0.3323180079460144,0.5459068417549133,0.4393617808818817,0.5499491095542908,0.45087212324142456,0.5382832288742065,0.43847206234931946,0.5414462685585022,0.43477189540863037,0.5124373435974121,0.4501204788684845,0.20934633910655975,0.17624257504940033,0.17683503031730652,0.17841462790966034,0.18265880644321442,0.18603450059890747,0.18854905664920807,0.1990882009267807,0.20492826402187347,0.24037356674671173,0.24226641654968262,0.37548699975013733,0.37153321504592896,0.5819628834724426,0.5696913003921509,0.43768206238746643,0.4157464802265167,0.4013177156448364,0.37393951416015625,0.3665311634540558,0.3462963402271271,0.3786707818508148,0.3628492057323456,0.8390676379203796,0.8379549980163574,1.1616804599761963,1.119043231010437,1.4477853775024414,1.4394557476043701,1.4870058298110962,1.4883689880371094,1.5484914779663086,1.535691738128662
0.3352473258972168,0.3352473258972168,0.3361049652099609,0.3326743761698404,0.3301014264424642,0.3060872077941894,0.3043719291687011,0.3155213673909505,0.3258131663004557,0.3017989794413249,0.3138060887654622,0.3258131663004557,0.3301014264424642,0.3000836690266927,0.3146637280782063,0.3249555269877116,0.328386116027832,0.3000836690266927,0.3120907783508301,0.319809627532959,0.3223825772603353,0.4116934599699797,0.3827239425094039,0.35527914541739,0.3385073061342593,0.3278343200683594,0.3430814389829282,0.3263096279568142,0.3247849075882523,0.3324084529170283,0.35527914541739,0.3491802922001591,0.3583285578974971,0.3659521032262731,0.373575676812066,0.3674768235948351,0.3751003971806279,0.3796745300292968,0.3918722082067419,0.385773354989511,0.3872980753580729,0.3903474878381799,0.6379978815714519,0.6379978815714519,0.6362825393676758,0.6388554890950521,0.6431437810262044,0.6663003285725911,0.6663003285725911,0.6551508585611979,0.6448590596516927,0.6723038991292317,0.6594391504923502,0.646574338277181,0.6422861099243165,0.6740191777547201,0.6577238082885742,0.647432009379069,0.6440013885498047,0.673161506652832,0.6602967580159506,0.6517203013102214,0.648289680480957,0.4254158585159867,0.3964463410554109,0.3674768235948351,0.3522297046802662,0.3430814389829282,0.3537544250488281,0.3369825857656973,0.3400320265028211,0.3491802922001591,0.3674768235948351,0.3613779703776041,0.372050956443504,0.3781498096607349,0.385773354989511,0.3827239425094039,0.3903474878381799,0.3949216489438657,0.4040699146412037,0.3994957817925347,0.4040699146412037,0.4055946067527488,0.48827221989631653,0.49848678708076477,0.5070547461509705,0.5124845504760742,0.4776754677295685,0.47172704339027405,0.4640999734401703,0.5231448411941528,0.4578494429588318,0.503675639629364,0.4765876233577728,0.5749563574790955,0.4162275195121765,0.6240732073783875,0.36821526288986206,0.6471399664878845,0.330847829580307,0.6590642333030701,0.3114945590496063,0.659458339214325,0.3190447688102722,0.6512983441352844,0.33387646079063416,0.5459121465682983,0.43935486674308777,0.5500549077987671,0.4508674442768097,0.5387256741523743,0.43837442994117737,0.5416908860206604,0.43456703424453735,0.5130237340927124,0.4505632519721985,0.2097843587398529,0.17663024365901947,0.17708097398281097,0.17858174443244934,0.18315492570400238,0.1864047795534134,0.1888590008020401,0.1990896761417389,0.2050173431634903,0.24037308990955353,0.242274671792984,0.3762005567550659,0.3715011179447174,0.5811690092086792,0.5692479014396667,0.43836501240730286,0.4182158410549164,0.40125736594200134,0.3750400245189667,0.36685261130332947,0.3481748402118683,0.3792226314544678,0.36480170488357544,0.8390700221061707,0.8379784822463989,1.1616548299789429,1.1185104846954346,1.4469815492630005,1.4391732215881348,1.4854345321655273,1.487974762916565,1.5484423637390137,1.5357071161270142
0.3373557090759277,0.3373557090759277,0.3382134119669596,0.3347825686136881,0.3322093963623047,0.3081933975219726,0.306477959950765,0.318485959370931,0.3287785530090332,0.3047625223795573,0.3150551160176595,0.3287785530090332,0.3330671310424805,0.3030471165974935,0.3167705535888672,0.3279208501180013,0.3304939905802408,0.3030471165974935,0.3150551160176595,0.323632272084554,0.3262054125467936,0.4146467138219762,0.3856750205711082,0.3567033273202402,0.3399302164713542,0.3292564392089844,0.3429798832646122,0.326206800672743,0.3277316058123553,0.3353557445384837,0.3567033273202402,0.3490791885941117,0.3597529658564815,0.3658522711859809,0.3750012433087384,0.3673771045826099,0.3765260484483507,0.3826253820348669,0.3932991592972367,0.3871998539677372,0.3902494925039786,0.3932991592972367,0.6375559488932292,0.6366982142130534,0.6349828084309895,0.6375559488932292,0.6418444951375325,0.6658604939778646,0.6650028228759766,0.6529947916666666,0.6427022298177083,0.6710067749023437,0.6581410725911458,0.645275370279948,0.6409867604573568,0.6727222442626953,0.65728333791097,0.6461331049601237,0.6427022298177083,0.6718645095825195,0.6589988072713217,0.6495639165242513,0.6469907760620117,0.4253205193413628,0.396348797833478,0.3658522711859809,0.3506040219907407,0.3429798832646122,0.353653660526982,0.3368805779351128,0.3384054113317419,0.3475543551974826,0.3673771045826099,0.3612777992531105,0.3704267431188512,0.3765260484483507,0.3856750205711082,0.3811005486382378,0.3887246873643663,0.3948239926938657,0.4039729365596065,0.3993984646267361,0.4039729365596065,0.4054977699562355,0.48805493116378784,0.4981728494167328,0.5066287517547607,0.5122548937797546,0.47745364904403687,0.4714345335960388,0.4638364911079407,0.5229735374450684,0.4576767683029175,0.5035405158996582,0.47650468349456787,0.5749875903129578,0.41620948910713196,0.6242198944091797,0.36795011162757874,0.6468350887298584,0.33071428537368774,0.6579034328460693,0.31271883845329285,0.6594113111495972,0.3197785019874573,0.6519712209701538,0.334170401096344,0.5458959341049194,0.43930286169052124,0.550042986869812,0.45085105299949646,0.538716197013855,0.43821901082992554,0.5416740775108337,0.4343366324901581,0.51301509141922,0.45052364468574524,0.21026106178760529,0.17695415019989014,0.1772538125514984,0.178688183426857,0.18379314243793488,0.18695922195911407,0.18939892947673798,0.19908325374126434,0.20524637401103973,0.24038945138454437,0.2423468679189682,0.3770065903663635,0.3714984059333801,0.5810345411300659,0.5689201951026917,0.43872031569480896,0.4204171299934387,0.4013303816318512,0.37662768363952637,0.36704447865486145,0.34894534945487976,0.3791387677192688,0.36526596546173096,0.8391017317771912,0.8380385041236877,1.161737322807312,1.1172429323196411,1.4471327066421509,1.4383678436279297,1.4858204126358032,1.4873974323272705,1.5481377840042114,1.534723162651062
0.3391808827718099,0.3391808827718099,0.3408963839213053,0.3383231163024902,0.3366076151529948,0.3108748435974121,0.3100170771280924,0.3220257123311361,0.3323188145955403,0.3065860430399577,0.3185946782430013,0.3323188145955403,0.3366076151529948,0.305728276570638,0.3194524129231771,0.330603281656901,0.3340343157450358,0.305728276570638,0.3177369117736816,0.3254567464192708,0.3288877805074056,0.4162393923158999,0.3872662014431424,0.3598179287380642,0.3415190520109953,0.3293198196976273,0.3445688600893374,0.3277949297869647,0.3277949297869647,0.3354194358543113,0.3582930105703848,0.3506684762460214,0.3613428186487268,0.3689673529730903,0.3750669691297743,0.3704922428837529,0.3781167772081163,0.3842163933648003,0.3933658175998263,0.3872662014431424,0.3903160095214844,0.3933658175998263,0.6351077397664388,0.6351077397664388,0.6333922068277995,0.6351077397664388,0.6376810073852539,0.6634137471516927,0.6616982777913412,0.6505474090576172,0.6402542750040691,0.6685603459676107,0.6565516789754232,0.6436853408813477,0.6393965403238933,0.6702758153279622,0.6548361460367839,0.6445430755615235,0.6402542750040691,0.6694180806477864,0.6565516789754232,0.6479740778605143,0.6445430755615235,0.4238639266402633,0.3948907357675058,0.3659175448947482,0.3506684762460214,0.3415190520109953,0.3521933944137008,0.3369443540219907,0.3384692439326534,0.3460937782570167,0.3659175448947482,0.3598179287380642,0.3704922428837529,0.3765918590404369,0.3842163933648003,0.3811665852864583,0.3887911196108217,0.3933658175998263,0.4040401600025318,0.3994654337565104,0.4025152418348524,0.4040401600025318,0.48779821395874023,0.49783146381378174,0.5061883330345154,0.51202392578125,0.4772409200668335,0.47113481163978577,0.4635912775993347,0.5228040814399719,0.4575240910053253,0.5033857822418213,0.4764188826084137,0.5749866962432861,0.4160260856151581,0.6238448619842529,0.3679398000240326,0.6462538838386536,0.332375168800354,0.6572597026824951,0.3147718608379364,0.6588050723075867,0.3219861090183258,0.6515378952026367,0.33571845293045044,0.5458475351333618,0.43913036584854126,0.5497384667396545,0.45043277740478516,0.5384246110916138,0.43786534667015076,0.5414276123046875,0.4339458644390106,0.5123222470283508,0.4505132734775543,0.2105320245027542,0.17709091305732727,0.17731037735939026,0.17871935665607452,0.18412384390830994,0.18727007508277893,0.1897110790014267,0.1990596055984497,0.20538660883903503,0.24038828909397125,0.2423543930053711,0.37725919485092163,0.37145158648490906,0.5790732502937317,0.5687977075576782,0.4383173882961273,0.4226797819137573,0.4008842706680298,0.377731055021286,0.3667430579662323,0.3503756523132324,0.37875863909721375,0.36638617515563965,0.8391047716140747,0.8380324244499207,1.1615982055664062,1.1168513298034668,1.447295069694519,1.438084363937378,1.4862303733825684,1.4871207475662231,1.5477721691131592,1.5343074798583984
0.3413602511088053,0.3422178904215495,0.3439331372578939,0.3413602511088053,0.339644972483317,0.313058344523112,0.3139159838358561,0.3259228388468424,0.3362144470214844,0.3096278190612793,0.3216346740722656,0.3344991683959961,0.339644972483317,0.307912540435791,0.3224923133850098,0.3336415608723958,0.3370720863342285,0.307912540435791,0.3207770665486654,0.329353396097819,0.3327839215596517,0.4163403828938802,0.3888960944281684,0.3614518342194733,0.3446803622775607,0.3309582180447049,0.3446803622775607,0.3279088620786313,0.3294335259331597,0.3370569582338686,0.3584024782533999,0.3523037663212529,0.3629765263310185,0.3690752382631655,0.3751739784523293,0.3705999303747107,0.3797480265299479,0.3858467384620949,0.393470142505787,0.3888960944281684,0.3919454786512586,0.3949948346173322,0.6329555511474609,0.6329555511474609,0.6303826649983724,0.6320978800455729,0.6372437159220378,0.6612574259440104,0.6595421473185221,0.64839293162028,0.638101323445638,0.6664031982421875,0.653538703918457,0.6406742095947265,0.6363860448201497,0.6672608693440755,0.6518234888712565,0.6415318806966146,0.638101323445638,0.6672608693440755,0.653538703918457,0.6449623743693034,0.6423894882202148,0.4254884507921007,0.3949948346173322,0.366025882297092,0.3507790742097078,0.3416309780544705,0.3523037663212529,0.3355322661223235,0.338581622088397,0.3462050261320891,0.366025882297092,0.3614518342194733,0.3705999303747107,0.3782233344184028,0.3843220746075665,0.3812726903844762,0.3888960944281684,0.393470142505787,0.4041429307725694,0.3995688826949508,0.4010935465494791,0.4041429307725694,0.4874686002731323,0.497503399848938,0.5058186054229736,0.5118433237075806,0.47698304057121277,0.4706988036632538,0.4632706940174103,0.522647500038147,0.45728352665901184,0.5031910538673401,0.4761802554130554,0.5750206708908081,0.41581758856773376,0.6236019134521484,0.3678436279296875,0.6443187594413757,0.3318345844745636,0.6554273962974548,0.315809041261673,0.6575110554695129,0.3234651982784271,0.6496317386627197,0.33612939715385437,0.5457971096038818,0.4388589859008789,0.5495691299438477,0.45003312826156616,0.5383743047714233,0.4375077188014984,0.5414099097251892,0.4337655305862427,0.5122414231300354,0.4500426948070526,0.21053919196128845,0.17710041999816895,0.1773201823234558,0.1787346750497818,0.18411844968795776,0.187265083193779,0.18970820307731628,0.19901476800441742,0.20536816120147705,0.24028554558753967,0.24229317903518677,0.3775053322315216,0.37148410081863403,0.5789602994918823,0.5691123008728027,0.43924635648727417,0.42245087027549744,0.4027940630912781,0.37751027941703796,0.36723196506500244,0.35054469108581543,0.37885889410972595,0.36657774448394775,0.8393444418907166,0.8381854891777039,1.1617642641067505,1.1167011260986328,1.447426199913025,1.4379549026489258,1.4864989519119263,1.4870154857635498,1.5478110313415527,1.5342768430709839
0.3432286262512207,0.3440861384073893,0.3458011309305827,0.3432286262512207,0.3415136337280273,0.3149310747782389,0.3157885869344075,0.3269360860188802,0.337226136525472,0.3106435457865397,0.3252210934956868,0.337226136525472,0.342371145884196,0.309786065419515,0.3252210934956868,0.3355111122131348,0.3389411290486653,0.309786065419515,0.3226485888163248,0.3303661028544108,0.3329386075337728,0.4164248713740596,0.3874603554054542,0.3600203054922598,0.3432513766818576,0.3310557895236545,0.3447758144802517,0.3280068856698495,0.3295313234682436,0.3371535689742477,0.358495839436849,0.3539224977846499,0.3645936471444589,0.3722158643934461,0.3752647682472511,0.3722158643934461,0.3798381098994502,0.3859359176070602,0.3935581631130642,0.3889847932038484,0.3920336970576533,0.3950826009114583,0.6313493092854817,0.630491828918457,0.627919324239095,0.630491828918457,0.6339218139648437,0.6587893803914388,0.6570744196573893,0.6459268569946289,0.635636838277181,0.6639343897501627,0.6519293467203776,0.6399243672688802,0.6347793579101563,0.6656494140625,0.6510718663533529,0.6399243672688802,0.635636838277181,0.6656494140625,0.6527868906656901,0.6442118326822917,0.640781847635905,0.4255715546784577,0.3950826009114583,0.366118084942853,0.3508735939308449,0.3417269106264468,0.3508735939308449,0.3356291311758536,0.3386780067726417,0.3463002522786458,0.3645936471444589,0.3600203054922598,0.369166988796658,0.376789234302662,0.3828870137532552,0.3798381098994502,0.3874603554054542,0.3935581631130642,0.4027048464174624,0.3981315047652633,0.3996559425636574,0.4027048464174624,0.4872506260871887,0.49739137291908264,0.5056976675987244,0.5117664933204651,0.4768485724925995,0.47044217586517334,0.46307510137557983,0.5224493741989136,0.457084596157074,0.5030971169471741,0.4759598970413208,0.5749407410621643,0.41541150212287903,0.623367190361023,0.3679386377334595,0.6425237059593201,0.33397844433784485,0.6527143716812134,0.3182145059108734,0.6557339429855347,0.3259814977645874,0.6478251814842224,0.33821067214012146,0.5458000898361206,0.4386924207210541,0.5495741367340088,0.4501586854457855,0.5383177995681763,0.43769142031669617,0.5413082242012024,0.43394607305526733,0.5121718049049377,0.4502580761909485,0.21047580242156982,0.17706073820590973,0.1772780418395996,0.17871244251728058,0.18407697975635529,0.1872338056564331,0.1896747499704361,0.1989433318376541,0.20531955361366272,0.23992115259170532,0.2420753538608551,0.37755048274993896,0.3714637756347656,0.5785696506500244,0.5691834092140198,0.43988773226737976,0.4224737584590912,0.4026053547859192,0.3779677450656891,0.3676465153694153,0.35093143582344055,0.3798176646232605,0.366864949464798,0.8393582105636597,0.8381463289260864,1.1616630554199219,1.1164313554763794,1.447403907775879,1.4379587173461914,1.4867459535598755,1.4870777130126953,1.5472602844238281,1.534246802330017
0.3440309206644694,0.3448884963989257,0.347461191813151,0.3440309206644694,0.343173344930013,0.3157311757405599,0.3165887514750162,0.3285946846008301,0.338885498046875,0.3114433288574219,0.3260219891866048,0.338885498046875,0.343173344930013,0.3105857531229655,0.3260219891866048,0.3363128026326497,0.3397430737813314,0.3114433288574219,0.3243068695068359,0.3320249557495117,0.3345976829528808,0.417875897442853,0.3889091491699218,0.3599424008969907,0.3446967513472945,0.3325002317075376,0.3462213304307726,0.3294511017975984,0.3294511017975984,0.3370739407009548,0.3584178500705295,0.3538441410771122,0.364516109890408,0.3721389205367477,0.3767126295301649,0.3721389205367477,0.3797617594401041,0.3858600192599826,0.3934828581633391,0.3889091491699218,0.3919582790798611,0.3950074089898003,0.6304586410522461,0.6296010335286458,0.626170794169108,0.6287434895833334,0.632173728942871,0.6579008102416992,0.655328114827474,0.6433221181233724,0.6338888804117838,0.6630462010701498,0.6501826604207357,0.6373191833496094,0.632173728942871,0.6647613525390625,0.6493251164754231,0.6381767272949219,0.6338888804117838,0.6639037450154622,0.6510402679443359,0.6424645741780599,0.6390342712402344,0.4239741572627314,0.3950074089898003,0.3660406607168692,0.350795011167173,0.3416476214373553,0.350795011167173,0.3340248107910156,0.3370739407009548,0.3446967513472945,0.364516109890408,0.3584178500705295,0.3690897906268084,0.3767126295301649,0.3828108893500434,0.3797617594401041,0.3873845983434607,0.3919582790798611,0.4011056688096788,0.3965319880732783,0.3995811179832176,0.4026302478931568,0.4871697425842285,0.4973793029785156,0.5056876540184021,0.5117489099502563,0.47681254148483276,0.47036969661712646,0.46300965547561646,0.5223038196563721,0.4569670557975769,0.5030244588851929,0.47583410143852234,0.5748975276947021,0.4150658845901489,0.6229313015937805,0.36796295642852783,0.642160177230835,0.3354416489601135,0.650885283946991,0.32011210918426514,0.6549438238143921,0.32785138487815857,0.6477931141853333,0.3397062122821808,0.5458175539970398,0.438541054725647,0.5497392416000366,0.45022815465927124,0.538324773311615,0.4379104971885681,0.541296124458313,0.4340991675853729,0.5121995210647583,0.4508599042892456,0.2104143500328064,0.17704476416110992,0.17727677524089813,0.1787194162607193,0.18400375545024872,0.1871686726808548,0.18960195779800415,0.19890817999839783,0.20521123707294464,0.2396726757287979,0.24192236363887787,0.37755700945854187,0.3714599609375,0.5782483816146851,0.5697798132896423,0.43979135155677795,0.42414936423301697,0.403076708316803,0.378734290599823,0.36751726269721985,0.35169756412506104,0.37972790002822876,0.36768439412117004,0.840400755405426,0.838710606098175,1.1619977951049805,1.1163873672485352,1.4477145671844482,1.437958002090454,1.487226963043213,1.4870989322662354,1.5476359128952026,1.5342657566070557
0.344769795735677,0.3456274032592773,0.3482001940409342,0.3456274032592773,0.3439121882120768,0.316469128926595,0.3181843439737956,0.3293330828348795,0.3387666384379069,0.3130387624104818,0.3267602920532226,0.3387666384379069,0.3439121882120768,0.3113235473632812,0.327617867787679,0.3370514233907064,0.3404818216959635,0.3121811548868815,0.325045108795166,0.3327634493509928,0.3353362401326497,0.4178544221100984,0.3888867413556134,0.3614436679416232,0.3446729024251302,0.3324759871871383,0.346197509765625,0.3294267442491319,0.3294267442491319,0.3370498374656395,0.3583944250036169,0.3538205747251157,0.3660175182201244,0.3736405831796152,0.3766897978606047,0.3721159758391203,0.3812636481391059,0.3873621057581018,0.3949851989746094,0.3888867413556134,0.391935956036603,0.3965098063151042,0.6294916152954102,0.6286340077718099,0.6252036412556966,0.6286340077718099,0.6312068303426107,0.6569346745808919,0.6552194595336914,0.6423555374145508,0.6320643742879232,0.6620802561442057,0.6492163340250651,0.6363523483276368,0.6312068303426107,0.6637954711914062,0.6483587265014649,0.6380675633748373,0.6337795893351237,0.6637954711914062,0.6500739415486654,0.6423555374145508,0.6389251708984375,0.4239528797290943,0.3949851989746094,0.3660175182201244,0.3507713600441262,0.3416236594871238,0.3507713600441262,0.3340005945276331,0.3370498374656395,0.3446729024251302,0.3644928826226128,0.3583944250036169,0.369066732901114,0.3766897978606047,0.3827882554796007,0.3797390407986111,0.3873621057581018,0.391935956036603,0.4026082639341001,0.3965098063151042,0.3995590209960937,0.4026082639341001,0.4870452284812927,0.497372031211853,0.5056846737861633,0.5117364525794983,0.4767669439315796,0.4702291190624237,0.46288028359413147,0.522068440914154,0.4567083716392517,0.5029043555259705,0.4755637049674988,0.5748889446258545,0.41482532024383545,0.6221193075180054,0.36799755692481995,0.6415240168571472,0.33617517352104187,0.6500460505485535,0.32144054770469666,0.6538808941841125,0.32896262407302856,0.6462451219558716,0.3403882384300232,0.5458161234855652,0.43833494186401367,0.5498383641242981,0.45009565353393555,0.5384104251861572,0.4377477467060089,0.5413822531700134,0.43386057019233704,0.5122621655464172,0.45081886649131775,0.21007511019706726,0.17695921659469604,0.17725490033626556,0.1787174791097641,0.18347285687923431,0.18665842711925507,0.18912090361118317,0.19886994361877441,0.20474739372730255,0.23924300074577332,0.24155166745185852,0.37755322456359863,0.3715117275714874,0.5780079960823059,0.5704790353775024,0.43983933329582214,0.4252092242240906,0.4029800593852997,0.37916329503059387,0.367359459400177,0.3522548973560333,0.37972360849380493,0.36824554204940796,0.840615451335907,0.8387726545333862,1.1620049476623535,1.1160682439804077,1.447783350944519,1.4379668235778809,1.4873876571655273,1.4871330261230469,1.5476200580596924,1.5344741344451904
0.3449517250061035,0.3458093007405599,0.348382027943929,0.3458093007405599,0.3449517250061035,0.3175091107686361,0.3183666865030924,0.3295152346293131,0.3398062388102214,0.3132212003072103,0.326942507425944,0.3389486312866211,0.3440941492716471,0.3115060488382975,0.3278000831604004,0.3372334798177083,0.3406638145446777,0.3123636245727539,0.3252273559570312,0.3329455693562825,0.3355183283487956,0.419422290943287,0.3904550905580873,0.3645370765968605,0.3477665936505353,0.3340452688711661,0.3477665936505353,0.3309961107042101,0.332520689787688,0.3386190343786169,0.3614878901728877,0.3553895173249421,0.3675862347638166,0.3752091866952401,0.3782583731192129,0.3752091866952401,0.3828321386266637,0.3889304832175926,0.3965534351490162,0.3919796696415654,0.3950288560655381,0.398078042489511,0.6296688079833984,0.6288112004597982,0.6262384414672851,0.6279535929361979,0.6313839594523112,0.6571114222208659,0.6553962071736653,0.6433900833129883,0.633099110921224,0.6622568766276041,0.6502507527669271,0.6373870213826497,0.6322415033976237,0.6639720280965169,0.6485356012980144,0.63824462890625,0.6339567184448243,0.6639720280965169,0.6502507527669271,0.642532475789388,0.6391021728515625,0.4255206355342159,0.3950288560655381,0.3660616556803385,0.3508157518174913,0.3431928281430845,0.3523403591579861,0.3355698762116609,0.3386190343786169,0.3462419863100405,0.3645370765968605,0.3599633110894097,0.3706354211877893,0.3782583731192129,0.3828321386266637,0.379782952202691,0.3874059041341146,0.3935042769820602,0.4026518079969618,0.398078042489511,0.401127200656467,0.4026518079969618,0.48701804876327515,0.4973756968975067,0.5056938529014587,0.5117349028587341,0.47675806283950806,0.470166951417923,0.4628131091594696,0.521824300289154,0.45650529861450195,0.5027642846107483,0.4753056466579437,0.5748182535171509,0.4145062267780304,0.6215028166770935,0.3680119216442108,0.6409837007522583,0.33659887313842773,0.6499592661857605,0.32229408621788025,0.653285562992096,0.3296715319156647,0.6450828313827515,0.34059470891952515,0.5458018779754639,0.4382212460041046,0.549872636795044,0.4497985243797302,0.5384600162506104,0.4375215470790863,0.5414780974388123,0.43375664949417114,0.5122258067131042,0.4505389630794525,0.20929858088493347,0.17666202783584595,0.17712298035621643,0.17863726615905762,0.18217092752456665,0.18534603714942932,0.18789002299308777,0.19875292479991913,0.2035887986421585,0.23862624168395996,0.24089522659778595,0.3776056468486786,0.37172389030456543,0.5778941512107849,0.571063220500946,0.4401091933250427,0.42528554797172546,0.40294671058654785,0.37919241189956665,0.36752983927726746,0.3525776267051697,0.3804209530353546,0.3685855269432068,0.8408715724945068,0.8390188813209534,1.1620625257492065,1.1160433292388916,1.447968602180481,1.4378224611282349,1.4875613451004028,1.4868019819259644,1.547922134399414,1.5345406532287598
0.345074462890625,0.3467900594075521,0.3493634541829427,0.3467900594075521,0.345074462890625,0.3176248868306477,0.3184826850891113,0.3313496907552083,0.3416432698567708,0.3133358955383301,0.3270606676737467,0.3390698750813802,0.3442166646321614,0.3124780972798665,0.3287762959798177,0.3373542785644531,0.3407854715983073,0.3133358955383301,0.3262028694152832,0.3339230855305989,0.335638682047526,0.4208577756528501,0.393408203125,0.3659586305971499,0.3491838808412905,0.33698405513057,0.3507088555230034,0.3354590804488571,0.33698405513057,0.3446089567961516,0.3644336559154369,0.3598587036132812,0.3705335546422887,0.3781584280508536,0.3827333803530092,0.3796834027325665,0.3873083043981482,0.391883228443287,0.3995081018518518,0.3949331778067129,0.3979831271701389,0.4010330765335648,0.6307216644287109,0.6290060679117838,0.6264326731363933,0.6290060679117838,0.632437260945638,0.6581712086995443,0.6564556121826172,0.6444464365641276,0.6350106557210287,0.6633180618286133,0.6495932261149089,0.6375840504964193,0.6332950592041016,0.6650336583455404,0.6487354278564453,0.6384418487548829,0.6358684539794922,0.6650336583455404,0.6504510243733724,0.643588638305664,0.6418730417887369,0.4284826773184317,0.3979831271701389,0.3705335546422887,0.3552837795681424,0.3461339314778646,0.3552837795681424,0.3385090580692997,0.3415590074327257,0.3476589061595775,0.3690085799605758,0.3629086812337239,0.3751084786874276,0.3827333803530092,0.3873083043981482,0.3842583550347222,0.391883228443287,0.3979831271701389,0.4056080288357205,0.4025580512152777,0.4056080288357205,0.4086579781991464,0.48698705434799194,0.4973757863044739,0.5056971311569214,0.5117349028587341,0.4767410457134247,0.47008565068244934,0.462714284658432,0.5217580199241638,0.45620015263557434,0.5027419328689575,0.4751739501953125,0.5747243165969849,0.4142436981201172,0.6210489869117737,0.3682066798210144,0.6408692002296448,0.3370690941810608,0.6494231820106506,0.32286450266838074,0.6535500288009644,0.33017364144325256,0.6456665396690369,0.34098154306411743,0.5458253026008606,0.43817776441574097,0.5500200390815735,0.4496120512485504,0.538665235042572,0.4374905526638031,0.5416363477706909,0.4337591826915741,0.5123615860939026,0.45029252767562866,0.2073771208524704,0.175763338804245,0.17645663022994995,0.1780753880739212,0.18019141256809235,0.1833421289920807,0.186167374253273,0.19830845296382904,0.2024487406015396,0.23728331923484802,0.23950782418251038,0.37766629457473755,0.371715784072876,0.5784499049186707,0.5710917711257935,0.4410105347633362,0.4266141951084137,0.4032498002052307,0.38104066252708435,0.36822059750556946,0.35490575432777405,0.38131847977638245,0.3706156313419342,0.8412310481071472,0.8393593430519104,1.1620374917984009,1.115752100944519,1.4480183124542236,1.4377979040145874,1.487613320350647,1.4868148565292358,1.5480670928955078,1.534584403038025
0.3450812021891276,0.3467975298563639,0.3493720372517904,0.347655709584554,0.3467975298563639,0.3184779167175293,0.3193360964457194,0.3313504854838053,0.3425066947937011,0.3141870816548665,0.328775946299235,0.3416485150655111,0.3459393501281738,0.3133289019266764,0.3296341260274251,0.3390740076700846,0.3416485150655111,0.3141870816548665,0.3279177983601888,0.334783140818278,0.3364995002746582,0.4297151918764467,0.400728126808449,0.3732666863335503,0.3580103273744936,0.3458052458586516,0.3564846745243779,0.3412283438223379,0.3427539684154369,0.3488565233018663,0.3717410334834346,0.365638506854022,0.377843588369864,0.3854717678493923,0.388523045292607,0.3854717678493923,0.3930999473289207,0.3992024739583333,0.4068306534378617,0.402253751401548,0.4068306534378617,0.4098819308810764,0.6308518091837565,0.6299936294555664,0.6274190902709961,0.6291354497273763,0.6351426442464193,0.6591714223225912,0.6574550628662109,0.645440673828125,0.6351426442464193,0.664320437113444,0.651447868347168,0.6385752995808919,0.633426284790039,0.6660367329915364,0.6505896886189778,0.639433479309082,0.6368590037027995,0.6660367329915364,0.6523060480753581,0.6445824940999348,0.6420080184936523,0.4358177185058594,0.4068306534378617,0.377843588369864,0.3610616048177083,0.3549590499312789,0.3625872294108073,0.3458052458586516,0.3503821478949653,0.3580103273744936,0.377843588369864,0.3702154088903356,0.3824204904061776,0.390048669885706,0.3946255719220197,0.391574294478805,0.3992024739583333,0.4068306534378617,0.41445883291739,0.4098819308810764,0.41445883291739,0.415984457510489,0.486587256193161,0.4971429407596588,0.5053904056549072,0.5116536617279053,0.47651705145835876,0.46959006786346436,0.46236297488212585,0.5216943025588989,0.45579567551612854,0.5026244521141052,0.4750496745109558,0.5746905207633972,0.41402870416641235,0.6202803254127502,0.3683938682079315,0.6405147910118103,0.337520033121109,0.6494110226631165,0.32326096296310425,0.6536810994148254,0.3305148184299469,0.6454021334648132,0.34140726923942566,0.5458318591117859,0.43808847665786743,0.5500169992446899,0.4490553140640259,0.5386682748794556,0.4372762143611908,0.5416384339332581,0.4337612986564636,0.5123779773712158,0.44867461919784546,0.20349732041358948,0.17412908375263214,0.1747814416885376,0.1765352189540863,0.1779683381319046,0.18124747276306152,0.18452994525432587,0.19711798429489136,0.20221154391765594,0.23455369472503662,0.23696553707122803,0.37795716524124146,0.37176263332366943,0.5794244408607483,0.5712607502937317,0.4433707594871521,0.43528640270233154,0.4071013927459717,0.3901275396347046,0.3727414309978485,0.36456483602523804,0.3852115571498871,0.37997913360595703,0.8420625329017639,0.840019166469574,1.1624011993408203,1.1157629489898682,1.448073387145996,1.4383411407470703,1.4877139329910278,1.4874577522277832,1.548122763633728,1.535905361175537
0.3466079711914062,0.3483240763346354,0.3508982022603353,0.3500401496887207,0.3483240763346354,0.3200085639953613,0.3217246373494466,0.3337372779846191,0.3440338452657064,0.3157183329264323,0.3303050994873047,0.3414596875508626,0.3457499186197916,0.3140022277832031,0.3303050994873047,0.3388855616251627,0.3414596875508626,0.3140022277832031,0.3268729209899902,0.3345953305562337,0.3371694564819336,0.4405918262622975,0.4146597685637297,0.3872022840711805,0.3719481291594328,0.3597448278356481,0.3704227306224681,0.3551685757107204,0.3582194010416666,0.3658464784975405,0.3856768855342158,0.3826260602032696,0.3933039629900897,0.4009310404459635,0.4024564389829282,0.4009310404459635,0.4100835164388021,0.4161851671006944,0.4222868460196036,0.4177105938946759,0.4207614192256221,0.4238122445565683,0.6314792633056641,0.6297631581624349,0.6280471165974935,0.6306212107340495,0.6357695261637369,0.659794807434082,0.6589367548624675,0.6460660298665365,0.6366275151570638,0.6640850067138672,0.6520723978678385,0.6392016728719075,0.6349114735921224,0.666659164428711,0.6520723978678385,0.6417758305867513,0.6374855677286784,0.666659164428711,0.6546464920043945,0.6460660298665365,0.6426338831583659,0.4466934769241898,0.4192360206886574,0.3902531094021267,0.3749989827473958,0.3704227306224681,0.378049808078342,0.3612702263726128,0.3658464784975405,0.3734735559534143,0.3917785361961082,0.3872022840711805,0.3978801868580006,0.4039818657769097,0.4100835164388021,0.4085581179018374,0.4161851671006944,0.4207614192256221,0.4299139234754774,0.4268630981445312,0.4283884966814959,0.4299139234754774,0.48657557368278503,0.4970821142196655,0.5053053498268127,0.5116258859634399,0.4765065312385559,0.46957188844680786,0.4623182713985443,0.5215972661972046,0.45565876364707947,0.502566397190094,0.4750487208366394,0.5747058391571045,0.4135682284832001,0.619383692741394,0.36852550506591797,0.6403048634529114,0.3378087878227234,0.650277853012085,0.3234115540981293,0.6536023616790771,0.3302157521247864,0.6449626684188843,0.34150534868240356,0.5458382964134216,0.43780335783958435,0.5499641299247742,0.4481792151927948,0.5387125015258789,0.43696531653404236,0.5418220162391663,0.43372535705566406,0.5123724341392517,0.4472537934780121,0.20182101428508759,0.1732347011566162,0.17391075193881989,0.17570728063583374,0.17663240432739258,0.17985819280147552,0.18341507017612457,0.19623073935508728,0.20194561779499054,0.23337984085083008,0.23591746389865875,0.3786631226539612,0.3721323311328888,0.5803444385528564,0.5731866359710693,0.4486229419708252,0.4462733268737793,0.41723474860191345,0.4025651812553406,0.38295456767082214,0.37860244512557983,0.3927249014377594,0.3915084898471832,0.8441168069839478,0.8416650295257568,1.1645854711532593,1.1168752908706665,1.451430082321167,1.439652919769287,1.4913166761398315,1.4888683557510376,1.5499422550201416,1.5365175008773804
0.3477170944213867,0.350293223063151,0.3537281036376953,0.3520106633504232,0.3485757827758789,0.3219555219014485,0.3228142420450846,0.3348362922668457,0.3459996541341146,0.316803232828776,0.3314014434814453,0.3425647735595703,0.3485757827758789,0.3159445126851399,0.3305427233378092,0.3399886131286621,0.3442822138468424,0.3159445126851399,0.327107842763265,0.3348362922668457,0.3382711728413899,0.4615621213559751,0.4340831332736545,0.4081307587800202,0.3928646511501736,0.386758225052445,0.3928646511501736,0.3806517706976997,0.386758225052445,0.3959178783275462,0.4081307587800202,0.4081307587800202,0.4203436392324942,0.4249234799985532,0.4264500935872395,0.4264500935872395,0.4340831332736545,0.4386629740397135,0.4447694001374421,0.4432427865487557,0.4447694001374421,0.4478226273148148,0.6319528579711914,0.6302354176839192,0.6276592254638672,0.6302354176839192,0.6362464269002278,0.6577143987019857,0.6594318389892578,0.6482685089111329,0.6379638671875,0.6637254079182943,0.6517033894856771,0.6388226191202799,0.6328115463256836,0.6663016001383464,0.6525620778401693,0.6413987477620443,0.6371051788330078,0.6671602884928386,0.6559969584147135,0.6474097569783529,0.6431161880493164,0.46919516104239,0.4432427865487557,0.4157637984664352,0.4035509180139612,0.398971105504919,0.4020243326822916,0.3898114239728009,0.3974444919162326,0.4066041451913339,0.4172904120551215,0.4172904120551215,0.4279767071759259,0.4325565196849681,0.4356097468623408,0.4386629740397135,0.4432427865487557,0.4462960137261285,0.4554556952582465,0.4569822805899161,0.4569822805899161,0.4585088941786024,0.48679912090301514,0.4970985949039459,0.5053172707557678,0.5116296410560608,0.47660526633262634,0.46983468532562256,0.4624422490596771,0.5215298533439636,0.4556737244129181,0.5025880336761475,0.4752768576145172,0.574575662612915,0.4130333364009857,0.6181653738021851,0.36853593587875366,0.6400884389877319,0.3385312259197235,0.6510253548622131,0.3240669071674347,0.6533095240592957,0.33038127422332764,0.6447799205780029,0.341673880815506,0.5458427667617798,0.43770334124565125,0.5499641299247742,0.4481716454029083,0.5404137372970581,0.4379907548427582,0.544295608997345,0.43520626425743103,0.5140247941017151,0.44890591502189636,0.20095808804035187,0.17243526875972748,0.17313316464424133,0.17485485970973969,0.1755518764257431,0.1786089539527893,0.18235836923122406,0.19543728232383728,0.20137839019298553,0.23255158960819244,0.23530401289463043,0.37882164120674133,0.3726016581058502,0.5817745923995972,0.579809844493866,0.46315935254096985,0.45962196588516235,0.4384377598762512,0.42637863755226135,0.40593263506889343,0.3983539640903473,0.4133051633834839,0.41167065501213074,0.8452048301696777,0.8441082835197449,1.1648178100585938,1.1178297996520996,1.451595425605774,1.4415630102157593,1.4914778470993042,1.4903634786605835,1.5496854782104492,1.5384833812713623
0.3497983614603678,0.3523745854695638,0.3558095614115397,0.3549508094787598,0.3540920575459798,0.3274710019429525,0.3283297538757324,0.3377759297688802,0.347222105662028,0.3197423299153646,0.3334822336832682,0.3455046335856119,0.3515158335367838,0.3180248260498047,0.3343409538269043,0.3437871615091959,0.347222105662028,0.3171661059061686,0.3300472577412923,0.3386346817016601,0.3437871615091959,0.4934318825050636,0.4705320570203993,0.4476322315357349,0.4369456255877459,0.4277856897424768,0.4293123598451968,0.4216790658456308,0.4308390016908999,0.4415256076388889,0.443052249484592,0.450685543484158,0.4613721211751302,0.4644254331235532,0.4628987630208333,0.4705320570203993,0.4766386809172453,0.4796919646086516,0.4812186347113715,0.4857985885054977,0.4888519287109375,0.4903785988136574,0.631466293334961,0.629748789469401,0.6271725336710612,0.6288900375366211,0.6331837336222331,0.6572285970052083,0.6572285970052083,0.6469236373901367,0.6374774932861328,0.6640985488891602,0.6520761489868164,0.639194933573405,0.6331837336222331,0.6658159891764323,0.6512173970540365,0.6400536855061849,0.6349012374877929,0.6658159891764323,0.6537935892740886,0.6443474451700847,0.639194933573405,0.502591790093316,0.4781653510199652,0.453738855432581,0.4445789195873119,0.4415256076388889,0.4415256076388889,0.4354189837420428,0.446105561433015,0.4552654972782841,0.4583188092267072,0.4644254331235532,0.4735853689688223,0.4735853689688223,0.4781653510199652,0.4857985885054977,0.4888519287109375,0.4888519287109375,0.4964851661964699,0.5010651765046297,0.502591790093316,0.5010651765046297,0.4868272840976715,0.4970993995666504,0.5053112506866455,0.5116277933120728,0.4767279624938965,0.4702654778957367,0.46273037791252136,0.5213996171951294,0.45579808950424194,0.5024978518486023,0.4754752516746521,0.5745230317115784,0.4125140309333801,0.6178916096687317,0.3685051500797272,0.6388785243034363,0.33997318148612976,0.6513223648071289,0.32451769709587097,0.6522647142410278,0.33047476410865784,0.6406842470169067,0.34172096848487854,0.5459356904029846,0.4377208948135376,0.5500128269195557,0.4481649696826935,0.5416538715362549,0.4402504563331604,0.5454080104827881,0.43823668360710144,0.5164682269096375,0.4505908787250519,0.19954782724380493,0.17156265676021576,0.17222674190998077,0.1738342046737671,0.17469348013401031,0.177703395485878,0.18158893287181854,0.1947224736213684,0.2009039968252182,0.231662780046463,0.23426298797130585,0.3788410723209381,0.37403637170791626,0.5864041447639465,0.5825601816177368,0.4966771900653839,0.4869273900985718,0.4728456437587738,0.4632244110107422,0.44641950726509094,0.4316784739494324,0.4527144432067871,0.4416877329349518,0.8460067510604858,0.8463194966316223,1.1647077798843384,1.1205028295516968,1.4519047737121582,1.4480520486831665,1.4917397499084473,1.4963101148605347,1.5497883558273315,1.5459556579589844
0.3516753196716308,0.3533927281697591,0.358544921875,0.3602622985839844,0.3559688250223795,0.3310665766398112,0.3370774586995442,0.3482405344645182,0.3551101048787435,0.3233382860819498,0.3387948671976725,0.3499579429626465,0.3542514165242513,0.3207622210184733,0.3370774586995442,0.3465231259663899,0.3499579429626465,0.319044812520345,0.3319252649943033,0.3396535555521647,0.3448057492574056,0.5331487584997107,0.5133032904730903,0.4949844360351562,0.4919312653718171,0.4949844360351562,0.4797186957465277,0.4904047082971643,0.5010907208478009,0.5087235627350983,0.496510993109809,0.5148298475477431,0.522462745949074,0.522462745949074,0.5148298475477431,0.5300955878363716,0.5331487584997107,0.5331487584997107,0.5331487584997107,0.5423082139756944,0.5438347710503473,0.5423082139756944,0.6307521184285482,0.6298933664957682,0.6264586130777995,0.6264586130777995,0.6333281834920247,0.6539369583129883,0.6487847646077474,0.6384803771972656,0.6316108067830404,0.6616652170817058,0.6462086359659831,0.6350455602010091,0.6307521184285482,0.6642412821451823,0.6470673243204753,0.6393390655517578,0.6367630004882813,0.6642412821451823,0.651360829671224,0.6453499476114909,0.6436325709025065,0.545361328125,0.5255158600983796,0.5056704485857928,0.5010907208478009,0.5071970056604456,0.496510993109809,0.5102501198097512,0.519409575285735,0.5239893030237268,0.5148298475477431,0.5331487584997107,0.5377284862377025,0.5346753155743634,0.5346753155743634,0.5468879417136864,0.5484144987883391,0.545361328125,0.5514676129376447,0.5575739542643229,0.5575739542643229,0.5560473406756365,0.48677000403404236,0.4970994293689728,0.5053168535232544,0.5116267800331116,0.4767283797264099,0.4702947437763214,0.4627842903137207,0.5212771892547607,0.45592981576919556,0.5023748874664307,0.47550156712532043,0.5746191740036011,0.41247662901878357,0.614548921585083,0.368744432926178,0.6370554566383362,0.34398648142814636,0.6511658430099487,0.3266910910606384,0.6522257924079895,0.3326583206653595,0.6406595706939697,0.3435964286327362,0.5459470152854919,0.4379008412361145,0.5502721071243286,0.4487798511981964,0.5435473918914795,0.44097524881362915,0.5475597381591797,0.4383263885974884,0.5175203084945679,0.4568465054035187,0.19817669689655304,0.1708463728427887,0.17157204449176788,0.17310604453086853,0.1737658530473709,0.1765972226858139,0.18054260313510895,0.19407960772514343,0.1999473124742508,0.23116067051887512,0.23329640924930573,0.37884217500686646,0.3747870922088623,0.5861625075340271,0.5821237564086914,0.545883297920227,0.534876823425293,0.5355468392372131,0.5227354764938354,0.5090762376785278,0.49326571822166443,0.5124260187149048,0.4983062744140625,0.8460435271263123,0.8472352027893066,1.1619594097137451,1.1208748817443848,1.4519742727279663,1.4505624771118164,1.4916982650756836,1.4967315196990967,1.5496994256973267,1.5506107807159424
0.3605740865071614,0.3588567733764648,0.362291399637858,0.362291399637858,0.3605740865071614,0.3365317980448405,0.3425423622131348,0.3519875526428223,0.3579981486002604,0.327086607615153,0.3399663925170898,0.3502702395121256,0.3562808354695638,0.3236519813537598,0.3365317980448405,0.3451183319091797,0.3502702395121256,0.3210760434468587,0.3322385152180989,0.3382491111755371,0.3416837056477864,0.6032329983181424,0.5757561012550637,0.5528587058738426,0.5604911521629051,0.5772826018156829,0.548279204191985,0.571176599573206,0.5833886040581597,0.589494549786603,0.5635441532841435,0.5910210503472222,0.5971270525896991,0.5986535531503183,0.5803356029369213,0.6017064977575232,0.6047594988787616,0.6032329983181424,0.5956005520290799,0.6093390005606192,0.6123920016818576,0.6108655011212384,0.6250394185384115,0.6267567316691081,0.6258980433146158,0.6241807301839193,0.6241807301839193,0.6499403635660808,0.6482230504353841,0.6387778600056966,0.6293326695760091,0.658526865641276,0.6482230504353841,0.6379191716512044,0.6301912943522135,0.6611028671264648,0.6499403635660808,0.6413537979125976,0.6362019220987956,0.6628201802571615,0.6525163014729818,0.6465057373046875,0.6430711110432943,0.6001800537109375,0.5757561012550637,0.5620176527235243,0.571176599573206,0.5864415486653646,0.5681236549660011,0.5864415486653646,0.6017064977575232,0.6093390005606192,0.5833886040581597,0.6078125,0.6139185022424769,0.6139185022424769,0.5986535531503183,0.6200244479709202,0.6215509485315394,0.618497947410301,0.6123920016818576,0.6276569507740162,0.6276569507740162,0.6246039496527778,0.4867956042289734,0.49714189767837524,0.505363941192627,0.5116241574287415,0.4767865836620331,0.47049984335899353,0.4630485773086548,0.5208649039268494,0.45607006549835205,0.5022477507591248,0.475580632686615,0.574025571346283,0.41230788826942444,0.6149806380271912,0.3646196722984314,0.6379831433296204,0.3460342586040497,0.6521691679954529,0.33034369349479675,0.649138867855072,0.3416081368923187,0.6381582617759705,0.35179048776626587,0.5456709265708923,0.43808403611183167,0.5502722859382629,0.4480295479297638,0.5451825857162476,0.440941721200943,0.5494621992111206,0.438565194606781,0.5188213586807251,0.45721733570098877,0.19817529618740082,0.17072127759456635,0.17147018015384674,0.17297929525375366,0.1734800785779953,0.1761985868215561,0.18010404706001282,0.19408230483531952,0.19925813376903534,0.23118244111537933,0.2332092672586441,0.378844678401947,0.3755631744861603,0.5723862051963806,0.5753999352455139,0.5731015205383301,0.5656604766845703,0.5882866382598877,0.5688426494598389,0.5645581483840942,0.5485860109329224,0.5604668259620667,0.5486307144165039,0.8460522294044495,0.8495367169380188,1.163509726524353,1.1265617609024048,1.4573179483413696,1.4572603702545166,1.4961059093475342,1.5016968250274658,1.5556550025939941,1.559208869934082
0.3427481651306152,0.354751173655192,0.3667542139689128,0.3693263053894043,0.3718983968098958,0.3436055183410644,0.3470349629720052,0.354751173655192,0.3624674161275228,0.3341745694478353,0.3436055183410644,0.3538938204447428,0.3607527097066244,0.3290303866068522,0.3401760737101237,0.3487496693929036,0.3538938204447428,0.3264583269755045,0.3350319226582845,0.3418907801310221,0.3470349629720052,0.597437427662037,0.6096310085720487,0.6187761659975405,0.641639087818287,0.6629778261537905,0.6263971399377893,0.6523084852430555,0.6721229835792825,0.684316564489294,0.6385907208478009,0.6705988000940394,0.6812681975188078,0.6858407479745371,0.650784245243779,0.6797439575195312,0.6827923810040509,0.684316564489294,0.6614536426685474,0.6827923810040509,0.6858407479745371,0.6858407479745371,0.637679926554362,0.628248914082845,0.6196753184000651,0.6171032587687174,0.6145311991373698,0.6445387522379558,0.6436813990275065,0.6359651565551758,0.628248914082845,0.6531123479207357,0.6436813990275065,0.6342504501342774,0.6256768544514973,0.6556844711303711,0.6462535222371419,0.636822509765625,0.6299636840820313,0.6565418243408203,0.6488255818684896,0.6419666926066081,0.6359651565551758,0.6126793755425347,0.6233487729673033,0.6324939303927951,0.650784245243779,0.6721229835792825,0.6477358782732928,0.6721229835792825,0.6873649314597801,0.6995585123697917,0.6584052191840277,0.6858407479745371,0.6904133549442998,0.6934617219147858,0.6690746166087963,0.6888891714590567,0.6904133549442998,0.6888891714590567,0.6751714070638021,0.6873649314597801,0.6904133549442998,0.6888891714590567,0.4867996871471405,0.49722960591316223,0.505442202091217,0.5116184949874878,0.47687846422195435,0.470744252204895,0.463498055934906,0.520767867565155,0.4564582109451294,0.5022150874137878,0.4756960868835449,0.5736962556838989,0.4122885465621948,0.615347146987915,0.3621450960636139,0.6378723382949829,0.3474240303039551,0.6490706205368042,0.3338575065135956,0.6417316794395447,0.34711235761642456,0.6332846879959106,0.35714060068130493,0.5456046462059021,0.43883946537971497,0.5509624481201172,0.44820448756217957,0.5471173524856567,0.4427909851074219,0.5507752299308777,0.4407644271850586,0.5237085819244385,0.4604243040084839,0.19825530052185059,0.1707034558057785,0.17145875096321106,0.1729452759027481,0.17346623539924622,0.1761886328458786,0.18007981777191162,0.19425630569458008,0.19900721311569214,0.2311985045671463,0.23309776186943054,0.3796018958091736,0.37788698077201843,0.5558846592903137,0.5711694359779358,0.6111826300621033,0.605094850063324,0.6510473489761353,0.6351956129074097,0.6327052712440491,0.6150200963020325,0.6231715679168701,0.6063320636749268,0.846916675567627,0.8522198796272278,1.1666889190673828,1.1288048028945923,1.4610761404037476,1.4625873565673828,1.4993460178375244,1.5069139003753662,1.559744954109192,1.5657331943511963
0.3457059860229492,0.3576977729797363,0.3705460548400879,0.3739722887674967,0.3799681663513183,0.352558422088623,0.3551280975341797,0.3611239751180013,0.3662632942199707,0.341423225402832,0.3482756614685058,0.3568412144978841,0.3636936505635579,0.3354273478190104,0.3422797838846842,0.3517018636067708,0.3568412144978841,0.3311445871988932,0.3362839063008626,0.3431363423665364,0.3482756614685058,0.6460419831452546,0.6658379448784723,0.6856338500976562,0.7130435519748264,0.7404533103660301,0.7023842140480324,0.7343622278284143,0.7556809036820024,0.7709085535120082,0.7115207813404224,0.7450215657552083,0.7587264449508102,0.7648175274884259,0.7176118638780382,0.7480671070240162,0.7556809036820024,0.7587264449508102,0.7221801192672165,0.7450215657552083,0.752635418927228,0.7556809036820024,0.6360778172810873,0.6249426523844401,0.6138074239095052,0.609524663289388,0.6043853123982748,0.6360778172810873,0.6343647003173828,0.6283688227335612,0.6215164184570312,0.6437868118286133,0.6369344075520833,0.624086062113444,0.6138074239095052,0.6463564554850261,0.6386474609375,0.6275122960408529,0.6180901845296224,0.6472130457560221,0.6403605779012044,0.6326515833536784,0.6257991790771484,0.6612696329752604,0.6780199969256365,0.6947704173900463,0.7191346345124421,0.743498851634838,0.7252256605360243,0.7541581895616319,0.7709085535120082,0.78461343270761,0.732839513708044,0.7617719862196181,0.7693857828776042,0.773954094780816,0.7358849984628183,0.7587264449508102,0.7648175274884259,0.7678630122432002,0.7374077690972223,0.752635418927228,0.7572036743164062,0.7602492155852141,0.4869912266731262,0.49761515855789185,0.5057018995285034,0.5116243958473206,0.47725045680999756,0.47122615575790405,0.46417489647865295,0.5206210613250732,0.4568155109882355,0.5022077560424805,0.47597211599349976,0.5733779668807983,0.4123340845108032,0.615486741065979,0.36241453886032104,0.6372881531715393,0.34845268726348877,0.6434537768363953,0.3389750123023987,0.6340113282203674,0.35339266061782837,0.6271734237670898,0.3622492551803589,0.5451467633247375,0.43890970945358276,0.5508973002433777,0.4480900764465332,0.543661892414093,0.44327202439308167,0.5459510087966919,0.4411882758140564,0.5209832191467285,0.461709201335907,0.19832074642181396,0.1707073301076889,0.1714683473110199,0.17294985055923462,0.1734548658132553,0.17614823579788208,0.1800081878900528,0.19474051892757416,0.19890548288822174,0.23121525347232819,0.233025461435318,0.3797665238380432,0.38084614276885986,0.5509729981422424,0.5659469366073608,0.6603419184684753,0.6560320258140564,0.7106949090957642,0.7020721435546875,0.7032824754714966,0.6916844248771667,0.6892774105072021,0.6775916814804077,0.848408579826355,0.8535107374191284,1.1724679470062256,1.1284090280532837,1.4636808633804321,1.4660178422927856,1.5004521608352661,1.5110151767730713,1.562164068222046,1.5702743530273438
0.3514052708943685,0.3642470995585123,0.3770889282226562,0.3796572685241699,0.3856501261393229,0.3608226140340169,0.3625348409016927,0.3668154716491699,0.3710960706075032,0.3496930122375488,0.3531174977620442,0.3599664688110351,0.3668154716491699,0.34198792775472,0.3445562998453776,0.3522613843282063,0.3591103553771972,0.335995070139567,0.3377073287963867,0.3437001546223958,0.3496930122375488,0.6948702211733218,0.7177001387984664,0.7405300564236111,0.7709699277524595,0.7968438042534722,0.7664039329246238,0.7983658402054398,0.8196737218786169,0.8379376446759259,0.7709699277524595,0.8059757939091435,0.8257616961443865,0.8364156652379919,0.7724919071903935,0.8044538144712094,0.821195701316551,0.8303276909722223,0.7724919071903935,0.7968438042534722,0.8105417887369791,0.8196737218786169,0.6305009841918945,0.6176591237386068,0.6065295537312826,0.603105099995931,0.5962561289469401,0.6253642400105794,0.6245080947875976,0.6193714141845703,0.6142346700032552,0.6339254379272461,0.6296448389689128,0.6185152689615886,0.6082417805989583,0.6382061004638672,0.6330693562825521,0.6227958679199219,0.6133785247802734,0.639918327331543,0.6356377283732096,0.6296448389689128,0.6227958679199219,0.7070461697048611,0.7283540513780382,0.7481400101273148,0.7755359225802951,0.7983658402054398,0.7831458762839988,0.8135857476128472,0.8333717063621239,0.8485916137695313,0.7877118711118345,0.8196737218786169,0.8333717063621239,0.8409816600658275,0.7892338505497685,0.8166297630027488,0.8272837320963542,0.8348936858000578,0.7892338505497685,0.8090197527850116,0.8181517424406829,0.8227177372685185,0.4871161878108978,0.4978765547275543,0.5059042572975159,0.5116356611251831,0.4774852693080902,0.47149741649627686,0.4645448923110962,0.5203824639320374,0.45705997943878174,0.5022138953208923,0.4762447476387024,0.573371946811676,0.4124261140823364,0.6159995198249817,0.3626510798931122,0.6344596147537231,0.35030168294906616,0.6377845406532288,0.3414483964443207,0.626163125038147,0.3598383069038391,0.6199373602867126,0.3686267137527466,0.5448577404022217,0.43947991728782654,0.5506996512413025,0.4477495849132538,0.5410659313201904,0.44321778416633606,0.5428606271743774,0.4411482810974121,0.5179482102394104,0.46131274104118347,0.19819144904613495,0.17067688703536987,0.17144857347011566,0.1728978306055069,0.17336028814315796,0.17600180208683014,0.17982369661331177,0.19478683173656464,0.19877584278583527,0.23111799359321594,0.23268334567546844,0.3816389739513397,0.3833385705947876,0.5534422397613525,0.5663371682167053,0.7052497267723083,0.6987658739089966,0.7671259045600891,0.7590451240539551,0.7607512474060059,0.7541949152946472,0.7419381141662598,0.7361513376235962,0.8558228611946106,0.856848955154419,1.1881858110427856,1.1322823762893677,1.4722707271575928,1.4747519493103027,1.5049597024917603,1.5191676616668701,1.5721136331558228,1.5798804759979248
0.3561842600504557,0.3690224011739095,0.3818605422973632,0.3844281514485677,0.3904192924499511,0.3673106511433919,0.3698782920837402,0.3733017921447754,0.3758694012959798,0.3561842600504557,0.3596077601114908,0.3647430102030436,0.3690224011739095,0.3476255098978678,0.3501931508382161,0.3553284009297688,0.3596077601114908,0.3407785097757975,0.3416343688964843,0.3450578689575195,0.3493372599283854,0.7345834802698206,0.7574068422670718,0.7832733154296875,0.8106613159179688,0.8365277890805844,0.8106613159179688,0.8441355952510128,0.8654373734085649,0.8836960404007523,0.816747538248698,0.8487002337420428,0.8684804845739293,0.8852176242404514,0.816747538248698,0.8456571225766782,0.8654373734085649,0.8791314019097223,0.8137044270833333,0.835006261754919,0.8517433449074074,0.8654373734085649,0.6249292373657227,0.612091064453125,0.6001088460286458,0.5949735641479492,0.5881265640258789,0.6172263463338216,0.615514628092448,0.6103793462117513,0.6052440643310547,0.6266409556070963,0.6223616282145182,0.6138028462727865,0.6052440643310547,0.631776237487793,0.6266409556070963,0.6180822372436523,0.611235237121582,0.6334880193074545,0.6300644556681315,0.624073346455892,0.618938128153483,0.7452343976056134,0.7650146484375,0.7878380104347512,0.8137044270833333,0.8380493729202836,0.8243553444191262,0.8563080399124711,0.8760882907443577,0.8913038465711806,0.8273984555844908,0.8623942622432003,0.8776098180700231,0.8897822627314815,0.8289200394241898,0.8578295672381365,0.8700020684136285,0.8791314019097223,0.8273984555844908,0.8471787064163773,0.8593511510778357,0.8669589572482639,0.4872613251209259,0.49819236993789673,0.5061146020889282,0.5116525292396545,0.4777558743953705,0.471774160861969,0.4648999273777008,0.5202548503875732,0.45732027292251587,0.5022509694099426,0.47657397389411926,0.5734397768974304,0.4126829206943512,0.6160174608230591,0.36310043931007385,0.630671501159668,0.3530583083629608,0.6337610483169556,0.34437400102615356,0.619512677192688,0.3638606071472168,0.6128488183021545,0.3730517327785492,0.5450620055198669,0.44010838866233826,0.5510851144790649,0.4476146697998047,0.540718138217926,0.44315895438194275,0.5425696969032288,0.4410788416862488,0.5162526965141296,0.4609334170818329,0.1977773904800415,0.17064473032951355,0.17140519618988037,0.1727834939956665,0.17332956194877625,0.17595762014389038,0.17976531386375427,0.19475041329860687,0.19876059889793396,0.2307959496974945,0.23195409774780273,0.3823603689670563,0.38472893834114075,0.5641405582427979,0.5679529905319214,0.7449319958686829,0.7347155809402466,0.815637469291687,0.8002972602844238,0.8109371662139893,0.7955346703529358,0.7873783111572266,0.7730355858802795,0.8568141460418701,0.8566145896911621,1.19675612449646,1.1371208429336548,1.478482961654663,1.479918360710144,1.5082498788833618,1.524329662322998,1.5829647779464722,1.5853101015090942
0.3604228019714355,0.3732612291971842,0.386099624633789,0.389523188273112,0.3963703473409017,0.3724053382873535,0.3749730110168457,0.3783965746561686,0.3809642473856608,0.3612787246704101,0.364702288309733,0.3698376337687174,0.374117120107015,0.352719783782959,0.3561433474222819,0.3604228019714355,0.364702288309733,0.3458726247151693,0.3475844065348307,0.3501520792643229,0.352719783782959,0.7634442929868345,0.7862681070963542,0.810613505045573,0.8410452948676215,0.8653906928168402,0.8440884625470196,0.8745202523690683,0.8943008987991898,0.9110383775499132,0.8471316302264178,0.8790850038881655,0.898865650318287,0.9156031290690104,0.8456100463867188,0.8745202523690683,0.8943008987991898,0.909516793710214,0.8425668787073206,0.8638691089771412,0.8790850038881655,0.8943008987991898,0.6197585423787435,0.6069201787312826,0.5949376424153646,0.5889464060465495,0.5820992787679037,0.6103437423706055,0.6077760696411133,0.6034966150919596,0.5992170969645182,0.6197585423787435,0.6154790878295898,0.608631960550944,0.6034966150919596,0.6240380605061849,0.6206144332885742,0.6137673060099283,0.6077760696411133,0.626605733235677,0.6231821695963542,0.618046760559082,0.6129114151000976,0.772573796025029,0.7923544424551504,0.8151783130787037,0.8425668787073206,0.8638691089771412,0.8532180220992477,0.8836497554072628,0.9034304018373842,0.9201678805881076,0.8577827736183449,0.8882145634403935,0.9049520421911168,0.9201678805881076,0.8562611897786458,0.8836497554072628,0.898865650318287,0.9110383775499132,0.8547396059389467,0.8745202523690683,0.8866929796006945,0.897344066478588,0.48740866780281067,0.49852603673934937,0.5063439011573792,0.5116793513298035,0.478105366230011,0.47210076451301575,0.4652431607246399,0.5202323794364929,0.4574705958366394,0.5023095607757568,0.4768519997596741,0.5735666155815125,0.4126976728439331,0.6158366799354553,0.3651566505432129,0.6261330246925354,0.35898369550704956,0.6294196248054504,0.35057196021080017,0.6122533082962036,0.36779144406318665,0.6060168147087097,0.3776713013648987,0.5450217723846436,0.44039836525917053,0.5508190393447876,0.4466117024421692,0.5397832989692688,0.44165053963661194,0.5420564413070679,0.4403424859046936,0.5128105878829956,0.4560907185077667,0.19720624387264252,0.17057710886001587,0.171322762966156,0.1726088970899582,0.17327475547790527,0.1758802980184555,0.1796543002128601,0.19469769299030304,0.19875715672969818,0.2303675413131714,0.23125164210796356,0.38278913497924805,0.3860991299152374,0.5732631087303162,0.5802145600318909,0.7687156796455383,0.7693547606468201,0.8351190090179443,0.8367246985435486,0.8315134644508362,0.8310642242431641,0.810337245464325,0.8066471815109253,0.8576498031616211,0.8569834232330322,1.1978822946548462,1.1395114660263062,1.4826843738555908,1.4822317361831665,1.5112111568450928,1.5266882181167603,1.5925458669662476,1.589590072631836
0.3633460362752279,0.3761817614237467,0.3890174865722656,0.3924403508504231,0.3984303474426269,0.3744703292846679,0.3778931935628255,0.3813160260518392,0.3838831901550293,0.3633460362752279,0.3676246007283528,0.3736145973205566,0.3778931935628255,0.3556445757548014,0.3599231719970703,0.3650574684143066,0.3701917330423991,0.3513660113016764,0.3539331436157226,0.3573560078938802,0.3607788721720377,0.7878642894603588,0.810683356391059,0.8335024233217593,0.8608852810329861,0.8867468939887153,0.866970373083044,0.8973957768192997,0.9171723542390048,0.930863783094618,0.8715341638635706,0.90195962411386,0.9217361450195312,0.9354275738751446,0.8700129191080729,0.8973957768192997,0.9141298082139756,0.926299935800058,0.866970373083044,0.8867468939887153,0.9004383228443287,0.9126085069444444,0.6140705108642578,0.6020905176798502,0.5901105244954427,0.5849762598673502,0.5789862314860026,0.6055133819580079,0.6029462178548177,0.5986676534016927,0.5943890889485677,0.6140705108642578,0.610647710164388,0.603801981608073,0.5986676534016927,0.6183491388956706,0.6157819747924804,0.6089362462361654,0.603801981608073,0.620916239420573,0.6174933751424153,0.6132148106892904,0.6089362462361654,0.7924280802408854,0.8122046011465567,0.8335024233217593,0.8593640362774885,0.8837043479636864,0.8715341638635706,0.9004383228443287,0.9186935989945024,0.933906329119647,0.8745767098885996,0.9034808688693576,0.9232573897750288,0.936948875144676,0.8745767098885996,0.9004383228443287,0.9171723542390048,0.9293424818250868,0.8730554651331018,0.8913107412832755,0.9050021701388888,0.9156510529694734,0.4874448776245117,0.498708575963974,0.5065216422080994,0.5117023587226868,0.47830772399902344,0.472323477268219,0.46547895669937134,0.5202551484107971,0.4576253890991211,0.5023314356803894,0.4769764244556427,0.5735846161842346,0.4127645194530487,0.6131203770637512,0.36909008026123047,0.6213719844818115,0.3642905652523041,0.62418133020401,0.35639679431915283,0.6075569987297058,0.37224292755126953,0.601818323135376,0.382180392742157,0.5452242493629456,0.441654771566391,0.5516683459281921,0.4466203451156616,0.539863646030426,0.44071224331855774,0.542102038860321,0.43976858258247375,0.5131847858428955,0.45323413610458374,0.19699634611606598,0.17057393491268158,0.17131905257701874,0.17257797718048096,0.1732550710439682,0.17581528425216675,0.17949742078781128,0.19470827281475067,0.19867850840091705,0.23020166158676147,0.23078033328056335,0.3831501007080078,0.3866976499557495,0.5838576555252075,0.5944660902023315,0.7843388319015503,0.7920613884925842,0.849375307559967,0.8599395751953125,0.8478304743766785,0.8549919128417969,0.8273301124572754,0.8304252028465271,0.8585527539253235,0.8583085536956787,1.1984798908233643,1.144049048423767,1.486959457397461,1.4886925220489502,1.5156019926071167,1.5333335399627686,1.6004058122634888,1.5992966890335083
0.3665205319722494,0.3784991900126139,0.3904778480529785,0.3947559356689453,0.4007452646891276,0.3759323438008626,0.3802104314168294,0.3836329142252604,0.3870553652445475,0.3656649271647135,0.3707986195882161,0.3776435852050781,0.3810660362243652,0.3596755981445312,0.363953685760498,0.3707986195882161,0.3759323438008626,0.3562531153361002,0.3596755981445312,0.3648092905680338,0.3690873781840006,0.8032947116427951,0.826111235441985,0.8474066275137442,0.8793497156213831,0.9021661829065394,0.8839129977756076,0.9143350106698496,0.9310670640733508,0.9447569670500578,0.8869552047164352,0.918898292824074,0.9341092710141784,0.9477991739908854,0.8854341295030382,0.9143350106698496,0.9280249136465568,0.9371514779550058,0.8823919225622107,0.90368731463397,0.9143350106698496,0.9219404997649016,0.6095162073771159,0.5975375493367513,0.5864144643147786,0.5821364084879558,0.5761470794677734,0.6009599685668945,0.5975375493367513,0.5941150665283204,0.5898369471232097,0.6095162073771159,0.6060937245686849,0.6001043955485026,0.5949706395467123,0.6137942632039388,0.6103717803955078,0.6043824513753255,0.599248758951823,0.6155055363972982,0.6120830535888672,0.6078049341837565,0.6035268783569336,0.8048158433702257,0.826111235441985,0.8458854957863137,0.8747864334671586,0.8976029007523149,0.8839129977756076,0.9128138789424188,0.9310670640733508,0.9447569670500578,0.8869552047164352,0.9158560858832464,0.9341092710141784,0.9477991739908854,0.8869552047164352,0.9097716720015916,0.9265037819191262,0.9386726096824364,0.8839129977756076,0.9006451076931423,0.9143350106698496,0.9234615749782986,0.487483948469162,0.4989372491836548,0.5067443251609802,0.5117576718330383,0.47840121388435364,0.4723910987377167,0.4655279219150543,0.5203024744987488,0.4576655626296997,0.5023419260978699,0.4770125150680542,0.5735852122306824,0.412833034992218,0.6069901585578918,0.37495413422584534,0.6148701310157776,0.36835214495658875,0.6169650554656982,0.3606213331222534,0.6022412776947021,0.3748113214969635,0.5968453288078308,0.38464316725730896,0.54539954662323,0.44265446066856384,0.5516892671585083,0.4466610252857208,0.5398589372634888,0.4396781921386719,0.5420271158218384,0.43918105959892273,0.5133145451545715,0.45026084780693054,0.1968638002872467,0.1705736368894577,0.1713194102048874,0.17257018387317657,0.17321008443832397,0.1756693422794342,0.1791331022977829,0.1947142481803894,0.19838784635066986,0.23015597462654114,0.2304852455854416,0.38314786553382874,0.38700437545776367,0.5935739278793335,0.6026614904403687,0.8005453944206238,0.8004422783851624,0.8667876124382019,0.868576169013977,0.8639028668403625,0.8645919561386108,0.8431494832038879,0.8400346636772156,0.858342707157135,0.8584370613098145,1.19784414768219,1.1484638452529907,1.4914511442184448,1.4912246465682983,1.5216187238693237,1.5353673696517944,1.606231451034546,1.6032873392105103
0.3694881439208984,0.381470775604248,0.3934533754984538,0.3968770027160644,0.4020124117533366,0.3780471801757812,0.3823266665140787,0.3857502937316894,0.3883179664611816,0.3686322530110677,0.3729117711385091,0.3797589619954427,0.3840384801228841,0.3626409530639648,0.367776362101237,0.3737676620483398,0.378903071085612,0.3600732485453288,0.3643527348836263,0.3686322530110677,0.3737676620483398,0.814183666087963,0.8354860658998843,0.8583101060655381,0.8887421784577546,0.9115662186234086,0.8933069864908855,0.9222174185293692,0.9389550668221932,0.9541710747612848,0.8963501541702835,0.925260642722801,0.9404766506618925,0.9556926586009838,0.8948285703305845,0.9191741943359376,0.93286861843533,0.943519874855324,0.8902637622974537,0.910044578269676,0.9191741943359376,0.9267822265625,0.6040051142374675,0.5937342961629232,0.583463478088379,0.5791839599609375,0.5749044418334961,0.5971579233805339,0.5945901870727539,0.5903106689453125,0.5868871053059895,0.6057168960571289,0.6014373779296875,0.5963019688924154,0.5911665598551432,0.6091405232747396,0.6057168960571289,0.6005814870198568,0.5954460779825846,0.610852305094401,0.6074287414550781,0.6040051142374675,0.5997255961100261,0.8126620822482639,0.8324428982204861,0.8537452980324074,0.8826557865849247,0.9070014105902776,0.8902637622974537,0.9191741943359376,0.9374334264684606,0.9511279070818864,0.8933069864908855,0.92069583468967,0.9389550668221932,0.9511279070818864,0.8917853461371528,0.9161310266565392,0.9313470345956308,0.9419982345015916,0.8902637622974537,0.9070014105902776,0.9191741943359376,0.9283038104021992,0.48748764395713806,0.4989809989929199,0.5068740248680115,0.5118193030357361,0.4784223735332489,0.4724293053150177,0.46556222438812256,0.5204164385795593,0.4576705992221832,0.5023455619812012,0.4770171046257019,0.5735511183738708,0.4128543436527252,0.6015251278877258,0.37989482283592224,0.6082580089569092,0.3726077675819397,0.6101809144020081,0.3661568760871887,0.5981487035751343,0.37921902537345886,0.5932729840278625,0.38832566142082214,0.5452896356582642,0.44312313199043274,0.5503664612770081,0.4453940987586975,0.5388325452804565,0.4372633993625641,0.5403549671173096,0.43637195229530334,0.5133744478225708,0.44958049058914185,0.19668073952198029,0.17057278752326965,0.17131927609443665,0.17255915701389313,0.17308083176612854,0.17532508075237274,0.17837585508823395,0.19469892978668213,0.1976856291294098,0.23004268109798431,0.22998669743537903,0.3831228017807007,0.38713160157203674,0.5977919697761536,0.6072710752487183,0.8044856786727905,0.807205319404602,0.8699203729629517,0.8802332282066345,0.870335578918457,0.8775020241737366,0.8497957587242126,0.8528254628181458,0.8581832051277161,0.8589515686035156,1.1995837688446045,1.1530888080596924,1.497016429901123,1.4955811500549316,1.5284205675125122,1.5394229888916016,1.6115268468856812,1.6079978942871094
0.3734299341837565,0.3845629056294759,0.3956959088643392,0.3991214434305827,0.4034033457438151,0.3811373710632324,0.3845629056294759,0.3879884401957194,0.3914139747619629,0.3717171669006348,0.37685546875,0.3828501383463542,0.3871320724487305,0.3665788650512695,0.3717171669006348,0.3785682360331217,0.383706537882487,0.3640096982320149,0.3691480000813802,0.3742863019307454,0.3785682360331217,0.8187818739149305,0.8400963112160011,0.8644556681315104,0.8933823762116608,0.91774173312717,0.8979497838903356,0.9268764919704862,0.9436235781069156,0.9573256881148728,0.8994722154405382,0.9283989800347222,0.945146009657118,0.9588481761791088,0.8979497838903356,0.9223091408058448,0.937533738878038,0.9481909857855902,0.894904864275897,0.913174381962529,0.9223091408058448,0.9329663311993636,0.6003715515136718,0.5900949478149414,0.5806747436523437,0.5772492090861002,0.5738236745198567,0.5943768819173177,0.5909513473510742,0.5866694132486979,0.5823874791463216,0.6020842870076497,0.5978024164835612,0.5918076833089193,0.5858130137125651,0.6046534856160481,0.6012279510498046,0.5952332178751628,0.5892385482788086,0.606366221110026,0.6029406865437825,0.5978024164835612,0.5935204823811849,0.8157369543004919,0.8355289035373263,0.8583658289026331,0.8872925369827835,0.9116518938982928,0.8933823762116608,0.9223091408058448,0.9390561704282409,0.9527583369502316,0.894904864275897,0.9238315723560474,0.9405786584924768,0.9558032000506366,0.894904864275897,0.9192642211914064,0.9344888192635996,0.9466684977213542,0.8933823762116608,0.9101294623480902,0.9223091408058448,0.9314438996491607,0.48752561211586,0.4990484416484833,0.5070212483406067,0.5118990540504456,0.478456050157547,0.4724747836589813,0.46561935544013977,0.5205329656600952,0.4576821029186249,0.5023865699768066,0.4770622253417969,0.5735009908676147,0.41291195154190063,0.5977849960327148,0.3844664990901947,0.603127658367157,0.3763117790222168,0.6042136549949646,0.3714081048965454,0.5923683047294617,0.3826417326927185,0.588524580001831,0.39099183678627014,0.5452327728271484,0.44395479559898376,0.548762857913971,0.44444528222084045,0.5370797514915466,0.43647369742393494,0.5380859971046448,0.4353694021701813,0.5130591988563538,0.44973891973495483,0.19648538529872894,0.17058232426643372,0.1713353395462036,0.17256124317646027,0.17296500504016876,0.1750168800354004,0.17768655717372894,0.19466911256313324,0.19701701402664185,0.2298293262720108,0.22939594089984894,0.3829931616783142,0.38714170455932617,0.6005018353462219,0.6118856072425842,0.8086533546447754,0.8124946355819702,0.8778955340385437,0.8833106160163879,0.8786389231681824,0.8828337788581848,0.8576869964599609,0.8607162833213806,0.8563441038131714,0.8588882088661194,1.1994258165359497,1.1533831357955933,1.4984136819839478,1.495052456855774,1.530466079711914,1.538661003112793,1.6131755113601685,1.6086111068725586
0.37681458791097,0.3879419962565104,0.3990694046020507,0.4016372680664062,0.4059170405069986,0.3836622238159179,0.3870860417683919,0.3913658142089843,0.3939336776733398,0.3751026789347331,0.380238405863444,0.3862300872802734,0.3905098597208659,0.3708229064941406,0.3759586334228516,0.3828062693277995,0.3870860417683919,0.3682550430297852,0.373390769958496,0.378526496887207,0.3828062693277995,0.8217688101309317,0.8430725662796585,0.8674197161639178,0.8948102597837095,0.9191574096679688,0.8978536535192418,0.9252441971390336,0.941982862684462,0.9587214717158564,0.8993753503870081,0.928287590874566,0.9450262564199942,0.9602431685836228,0.8978536535192418,0.9222008034035012,0.9374177720811632,0.9495912905092592,0.8948102597837095,0.913070622196904,0.9237225002712672,0.9343743783456308,0.5976507822672527,0.5882352828979492,0.5788197835286458,0.5771078745524089,0.5736840565999349,0.5925150553385417,0.5873793284098308,0.5830995559692382,0.5788197835286458,0.5985067367553711,0.5933710098266601,0.5873793284098308,0.5813876469930013,0.6010746002197266,0.5959388732910156,0.5899471918741862,0.5839555104573567,0.6019305547078451,0.5976507822672527,0.5933710098266601,0.5873793284098308,0.8187254163953993,0.83850747567636,0.861332928692853,0.8887234723126447,0.913070622196904,0.8932885629159433,0.9206791065357348,0.9374177720811632,0.9511129873770254,0.8963319566514757,0.9222008034035012,0.9389394689489294,0.9526346842447916,0.8948102597837095,0.9176357128002024,0.9328526814778646,0.9450262564199942,0.8917668660481771,0.9085055315936054,0.9206791065357348,0.9298092877423322,0.4875335395336151,0.49910005927085876,0.507132351398468,0.5119543671607971,0.47846758365631104,0.472499817609787,0.4656563699245453,0.5206578373908997,0.45770445466041565,0.502409040927887,0.4770725667476654,0.5734380483627319,0.4129251539707184,0.5959345102310181,0.3869180679321289,0.6000738739967346,0.37964528799057007,0.6004725694656372,0.3761664927005768,0.5890359282493591,0.38715633749961853,0.5855190753936768,0.39505496621131897,0.5446669459342957,0.44401979446411133,0.5468974709510803,0.44350752234458923,0.5351779460906982,0.4355221390724182,0.5357394814491272,0.43457505106925964,0.512702226638794,0.44943156838417053,0.1963835209608078,0.17059515416622162,0.17135028541088104,0.17256124317646027,0.17291170358657837,0.17486438155174255,0.1773781180381775,0.19461306929588318,0.19670671224594116,0.22967040538787842,0.2289726734161377,0.3828849792480469,0.3871154487133026,0.6027584671974182,0.6142892837524414,0.8136500120162964,0.8193235993385315,0.8843968510627747,0.8888216018676758,0.8847184181213379,0.8882833123207092,0.8642248511314392,0.8673165440559387,0.8561722040176392,0.8588048815727234,1.1995896100997925,1.1535625457763672,1.5001288652420044,1.4950470924377441,1.5331393480300903,1.538839340209961,1.6141266822814941,1.60867178440094
0.3797339121500651,0.3908608118693034,0.4019877433776855,0.4045554796854655,0.4079791386922201,0.3874371528625488,0.391716734568278,0.3959963162740071,0.3994199752807617,0.3797339121500651,0.3848694165547688,0.3908608118693034,0.3951403935750325,0.3754543304443359,0.3814457257588704,0.3874371528625488,0.3925726572672526,0.3737424850463867,0.3780220667521158,0.3831575711568196,0.3882930755615234,0.8232982494212963,0.8430794609917535,0.8659038967556424,0.8932931970666956,0.9176392731843172,0.89785806161386,0.9252474184389468,0.9404636524341724,0.9556799994574652,0.8993797019675925,0.9252474184389468,0.9435069331416376,0.9587231671368636,0.89785806161386,0.9206824973777488,0.935898787887008,0.948071797688802,0.8948148374204282,0.9115527117693866,0.9222041377314816,0.9328555071795428,0.5962807337443033,0.587721570332845,0.5800182978312175,0.5783064524332683,0.5757387161254883,0.5920011520385742,0.587721570332845,0.5825860341389973,0.5774505615234375,0.5971366246541341,0.5928570429484049,0.5860097249348958,0.5791624069213868,0.5979925155639648,0.5937129338582356,0.587721570332845,0.5817301432291667,0.5979925155639648,0.5945688883463541,0.590289306640625,0.5851537704467773,0.8172117445203994,0.8369928995768229,0.8613389756944444,0.8887282760054976,0.9130743521231192,0.8917715567129629,0.9191608570240162,0.9343771475332756,0.9495934380425348,0.8932931970666956,0.9206824973777488,0.9374204282407408,0.951115134910301,0.8932931970666956,0.9161176328305844,0.9313339233398438,0.9435069331416376,0.8917715567129629,0.9085094875759548,0.9191608570240162,0.9298122829861112,0.4875510632991791,0.499106228351593,0.5071584582328796,0.5119682550430298,0.47848257422447205,0.4725169539451599,0.46566998958587646,0.5206663608551025,0.45770806074142456,0.502447783946991,0.47713059186935425,0.5734232068061829,0.4129294157028198,0.5955945253372192,0.3881262540817261,0.5984367728233337,0.38209715485572815,0.5988231301307678,0.3796394467353821,0.5874297618865967,0.3908732831478119,0.5839725136756897,0.39848947525024414,0.5444603562355042,0.44409409165382385,0.5462378263473511,0.44353073835372925,0.5347376465797424,0.43547630310058594,0.5352071523666382,0.4345642626285553,0.5127321481704712,0.4493299424648285,0.19619514048099518,0.17059326171875,0.17134708166122437,0.1725263148546219,0.17285974323749542,0.1747533679008484,0.17718704044818878,0.19433578848838806,0.1965622454881668,0.2293558567762375,0.22852039337158203,0.3827061355113983,0.38709330558776855,0.6038748025894165,0.61333829164505,0.8156295418739319,0.8172683715820312,0.8864882588386536,0.8862078189849854,0.8877738118171692,0.8842557072639465,0.867590606212616,0.8625993132591248,0.8539772033691406,0.856963038444519,1.1990317106246948,1.152794361114502,1.499481439590454,1.493933081626892,1.5328874588012695,1.5379153490066528,1.6129260063171387,1.6068381071090698
0.3812112808227539,0.3931963920593261,0.4034693082173665,0.4068936347961426,0.4103179295857747,0.3906281471252441,0.3957646052042643,0.4009010950724284,0.4043253898620605,0.3829234441121419,0.3897720654805501,0.3957646052042643,0.4000450134277343,0.3794991175333659,0.3863477706909179,0.3923403104146322,0.3983328501383463,0.3777869860331217,0.3829234441121419,0.3880599021911621,0.3931963920593261,0.8204235500759549,0.8402084915726273,0.8645591453269675,0.8919536449291088,0.9147823757595486,0.8965194137008102,0.922391990379051,0.937611163104022,0.9513084129050926,0.8980413366247106,0.925435836226852,0.9421768753616898,0.955874181676794,0.8965194137008102,0.9208700674551504,0.9345673172562212,0.9467426441333912,0.8934755678530093,0.9102166635018808,0.9208700674551504,0.9315234714084202,0.5969429651896159,0.5883822123209635,0.5806774775187175,0.5789653142293294,0.5763971328735351,0.5935187021891276,0.5892382939656575,0.5841018040974935,0.5789653142293294,0.5986551284790039,0.5935187021891276,0.5866700490315755,0.5806774775187175,0.5995112101236979,0.5943747202555338,0.5883822123209635,0.5823896408081055,0.5995112101236979,0.5960868835449219,0.5909504572550456,0.5858139673868815,0.8143359148943866,0.8356427228009259,0.8599933765552662,0.8873878761574074,0.9117385864257812,0.8904317220052084,0.9178262216073496,0.9345673172562212,0.9482645670572916,0.8919536449291088,0.91934814453125,0.9360892401801216,0.9513084129050926,0.8919536449291088,0.9147823757595486,0.9300015484845195,0.9421768753616898,0.8904317220052084,0.90717281765408,0.9178262216073496,0.9284796255606192,0.4875184893608093,0.4990793764591217,0.5071617960929871,0.5119699239730835,0.4784599542617798,0.47249919176101685,0.46563252806663513,0.5206581354141235,0.45770391821861267,0.5024451613426208,0.4771324098110199,0.5734221339225769,0.41292279958724976,0.5955278277397156,0.38835829496383667,0.5979182720184326,0.38433200120925903,0.5986684560775757,0.3824838101863861,0.5873127579689026,0.3950679898262024,0.5836517214775085,0.4027789533138275,0.5441150665283203,0.4440825879573822,0.5455242991447449,0.4424988031387329,0.5340043306350708,0.43446114659309387,0.5343409180641174,0.43359774351119995,0.5126520991325378,0.44871097803115845,0.19596275687217712,0.17057542502880096,0.1713094711303711,0.17242789268493652,0.17281889915466309,0.17467236518859863,0.17708098888397217,0.19391413033008575,0.19649046659469604,0.2289830595254898,0.22818756103515625,0.38242843747138977,0.38686442375183105,0.6042935848236084,0.6128382682800293,0.8151280879974365,0.8181178569793701,0.8844771981239319,0.885940432548523,0.8865817189216614,0.8828785419464111,0.8669111132621765,0.8614166975021362,0.8529916405677795,0.8559965491294861,1.1986263990402222,1.152377963066101,1.5001792907714844,1.4932531118392944,1.534051775932312,1.5373121500015259,1.6136187314987183,1.605985403060913
0.383339500427246,0.3936151504516602,0.4038908004760742,0.4064597129821777,0.4098849296569824,0.3919025421142578,0.397896671295166,0.403034496307373,0.4081723213195801,0.3859084129333496,0.392758846282959,0.3987529754638672,0.4047471046447753,0.3824831962585449,0.3893336296081543,0.3961840629577636,0.4021781921386719,0.3807705879211426,0.3867647171020508,0.3919025421142578,0.397896671295166,0.8203995316116898,0.8401897289134838,0.863024506745515,0.8904262401439526,0.9147833930121528,0.8949931957103588,0.9208726671006944,0.9360958523220486,0.949796775535301,0.8965155142324942,0.9239173041449652,0.9391404893663194,0.9528414125795718,0.8965155142324942,0.919350348578559,0.9315288967556424,0.9437074449327256,0.8934708771882234,0.9086941189236112,0.919350348578559,0.9284842597113716,0.5982720057169596,0.5888526280721028,0.5811458587646484,0.5794332504272461,0.5768643697102864,0.5948467890421549,0.5905652364095052,0.5845710754394531,0.5794332504272461,0.599984614054362,0.5948467890421549,0.5871400197347005,0.5811458587646484,0.6016972223917644,0.5957030614217123,0.5897089004516601,0.5828584671020508,0.6016972223917644,0.5974156697591145,0.5922778447469076,0.5871400197347005,0.8143102575231481,0.8341004548249421,0.8569352326569734,0.8843369660554109,0.9086941189236112,0.8889039216218171,0.9163057115342882,0.9330512152777778,0.9467520819769966,0.8904262401439526,0.919350348578559,0.9345735337999131,0.9467520819769966,0.8904262401439526,0.9132610744900174,0.926961941189236,0.9391404893663194,0.8889039216218171,0.9056494818793402,0.9163057115342882,0.9254396226671008,0.48749399185180664,0.49906015396118164,0.507166862487793,0.5119720697402954,0.4784236550331116,0.47246620059013367,0.46557387709617615,0.5206520557403564,0.4576839208602905,0.502448558807373,0.477133572101593,0.5734289288520813,0.4128880798816681,0.5956593155860901,0.3887777328491211,0.5982813239097595,0.38674217462539673,0.5989027619361877,0.3855323791503906,0.5881437063217163,0.3985075056552887,0.5844796895980835,0.40598538517951965,0.5440571308135986,0.44410717487335205,0.5448141098022461,0.4416065216064453,0.532953679561615,0.4332779049873352,0.5332751870155334,0.43248414993286133,0.5117483139038086,0.44710344076156616,0.19583913683891296,0.17056070268154144,0.17127613723278046,0.17233806848526,0.1727929711341858,0.1746242642402649,0.17703598737716675,0.19354090094566345,0.19647939503192902,0.22877970337867737,0.22811494767665863,0.38228875398635864,0.3867645859718323,0.6051406860351562,0.6130997538566589,0.8150467872619629,0.816929817199707,0.8823725581169128,0.8856959939002991,0.8836671113967896,0.8820144534111023,0.8635261058807373,0.8598527908325195,0.8525509834289551,0.8554224967956543,1.1993471384048462,1.1523698568344116,1.5019758939743042,1.4927728176116943,1.5364106893539429,1.5369226932525635,1.6142127513885498,1.6050678491592407
0.3829735120137532,0.3941047350565592,0.4043797492980957,0.4069485028584798,0.4103734970092773,0.3923922538757324,0.398386001586914,0.4035234769185384,0.4078047434488932,0.3855422655741373,0.3932484944661458,0.4000984827677409,0.4060922304789225,0.3829735120137532,0.3898235003153483,0.3975297292073568,0.402667236328125,0.3812609990437826,0.3872547467549642,0.3932484944661458,0.3992422421773274,0.8188589025426793,0.8386478000217014,0.86148110848886,0.8904033519603588,0.9147588659215856,0.8934477629484954,0.9208477444118924,0.936069968894676,0.9482477258752894,0.8964922304506655,0.9223700064199942,0.9375921743887442,0.951292136863426,0.8949700249565973,0.9178033334237558,0.9315032958984376,0.9421588473849828,0.891925557454427,0.9086699874312788,0.919325538917824,0.9284588849103008,0.5987483978271484,0.5901858647664388,0.581623395284017,0.5799109141031901,0.577342160542806,0.5953233718872071,0.5901858647664388,0.5850484212239583,0.5799109141031901,0.6004608790079753,0.5944671630859375,0.5876171112060546,0.5807671229044596,0.6021733601888021,0.5961796442667643,0.5893296559651693,0.5833358764648438,0.6021733601888021,0.5970359166463216,0.5918984095255534,0.5867609024047852,0.8112478185583044,0.8325589215313947,0.8553922299985532,0.8827922114619502,0.9071477819372108,0.8873588844581887,0.9147588659215856,0.9315032958984376,0.9452033148871528,0.8888810899522569,0.9178033334237558,0.9330255579065394,0.9452033148871528,0.8873588844581887,0.911714454933449,0.9254144174081308,0.936069968894676,0.8858366789641203,0.9025811089409722,0.9147588659215856,0.9223700064199942,0.487389475107193,0.49898815155029297,0.5071494579315186,0.5119589567184448,0.4782954752445221,0.4722985029220581,0.4653538763523102,0.520581841468811,0.4576319754123688,0.502407968044281,0.4770282804965973,0.5734519362449646,0.4128483831882477,0.5962032079696655,0.3886028528213501,0.5989986658096313,0.38755878806114197,0.5998997092247009,0.386556476354599,0.589084804058075,0.3993445336818695,0.585257887840271,0.4067972004413605,0.5440384149551392,0.44418826699256897,0.5447642803192139,0.44155216217041016,0.5326338410377502,0.4332858622074127,0.5328809022903442,0.4325280785560608,0.5117126107215881,0.4465903341770172,0.19570109248161316,0.17053921520709991,0.17123545706272125,0.17225566506385803,0.17276008427143097,0.1745617538690567,0.17698901891708374,0.19321686029434204,0.19646772742271423,0.22865569591522217,0.22804614901542664,0.38223403692245483,0.38674333691596985,0.60492342710495,0.6131946444511414,0.8112524747848511,0.8155365586280823,0.8776826858520508,0.8834795355796814,0.8786161541938782,0.8798932433128357,0.8583889007568359,0.8572027683258057,0.8521836996078491,0.8549709320068359,1.1992216110229492,1.1520992517471313,1.5022666454315186,1.4923900365829468,1.5369678735733032,1.5366097688674927,1.6140400171279907,1.6044524908065796
0.382689380645752,0.3938214302062988,0.4040971755981445,0.4066661198933919,0.4100913683573405,0.3912525177001953,0.3972466786702474,0.4023845672607422,0.4075224240620931,0.3852583249409994,0.3921088218688965,0.3998156229654948,0.4058098157246907,0.382689380645752,0.3895398775736491,0.3972466786702474,0.4032408714294433,0.3809767723083496,0.3869709332784017,0.3929651260375976,0.3989593187967936,0.8188446610062211,0.8386349713360822,0.8614699752242477,0.8903942532009549,0.9147515756112558,0.8934389467592593,0.920840906213831,0.9360642044632524,0.9482428656684028,0.8964835838035301,0.9223632247359664,0.9375865794994211,0.9512875027126736,0.8949612652813946,0.9177962126555266,0.931497248896846,0.9421535350658276,0.8934389467592593,0.9086622450086804,0.9193185876916956,0.9284525553385417,0.6001925786336263,0.5907731374104818,0.5822100321451823,0.5796410878499348,0.5770721435546875,0.5950546900431315,0.5899168014526367,0.5847789764404296,0.5787847518920899,0.6001925786336263,0.5950546900431315,0.5873478571573894,0.5804973602294922,0.6019051869710287,0.5967672983805339,0.5899168014526367,0.5830663045247396,0.6019051869710287,0.597623634338379,0.5924857457478842,0.5873478571573894,0.8112330118815104,0.8310233222113715,0.8538582695855035,0.8812602855541088,0.9040952329282408,0.8873496161566841,0.9147515756112558,0.9299748738606772,0.9436758535879628,0.8888719346788194,0.9162738941333912,0.931497248896846,0.9436758535879628,0.8873496161566841,0.9117068820529514,0.9254079182942708,0.9360642044632524,0.885827241120515,0.9025729144061052,0.9147515756112558,0.9223632247359664,0.48725637793540955,0.4989449083805084,0.5071436166763306,0.5119493007659912,0.4781755208969116,0.4721303880214691,0.46512094140052795,0.5205395221710205,0.45758289098739624,0.5022967457771301,0.476871132850647,0.5734626054763794,0.41278570890426636,0.5965397953987122,0.3883134424686432,0.5997853875160217,0.38772475719451904,0.6007528305053711,0.38662201166152954,0.5896592736244202,0.3994396924972534,0.585754930973053,0.40701350569725037,0.5440431833267212,0.44432389736175537,0.5448127388954163,0.44158440828323364,0.5327269434928894,0.43334007263183594,0.5330049991607666,0.4325219690799713,0.5119307041168213,0.4474629759788513,0.19558507204055786,0.17052456736564636,0.17121033370494843,0.17220918834209442,0.17272867262363434,0.1745031625032425,0.17693008482456207,0.19303886592388153,0.19639265537261963,0.2286083847284317,0.22800622880458832,0.38193023204803467,0.3867165148258209,0.6044219136238098,0.6136311292648315,0.8082093000411987,0.8162369132041931,0.8737305998802185,0.8837552070617676,0.8742848038673401,0.8801283240318298,0.8544554710388184,0.8577036261558533,0.8521015644073486,0.8549104928970337,1.1991883516311646,1.1518888473510742,1.5023611783981323,1.4927059412002563,1.5370712280273438,1.5370718240737915,1.614309310913086,1.6053717136383057
0.3826568921407063,0.3929344495137533,0.4040685017903646,0.4066378911336263,0.4100637435913086,0.3912215232849121,0.3963603337605794,0.4023555755615234,0.4074943542480468,0.3843698183695475,0.3912215232849121,0.3989297231038411,0.4049249649047851,0.3809439659118652,0.3886521339416504,0.3963603337605794,0.4023555755615234,0.3800875027974447,0.3860827445983886,0.3920779863993326,0.3980732599894205,0.8188447175202547,0.8386385882342303,0.861477604618779,0.8888844807942708,0.9132461547851562,0.8934522840711806,0.9208591602466724,0.9360852276837384,0.9497886375144676,0.8964974862557871,0.9223817613389756,0.9376078287760417,0.9513112386067708,0.8949748851634838,0.917813958062066,0.929994766800492,0.9421756320529514,0.8934522840711806,0.9086783515082464,0.9193365591543692,0.9269495646158854,0.6010553359985351,0.5916342417399089,0.5822131474812825,0.5796437581380208,0.5762179056803386,0.5950600941975911,0.5899213155110677,0.5847825368245443,0.5787872950236003,0.6010553359985351,0.5950600941975911,0.587351926167806,0.5805002212524414,0.6027682622273763,0.5967730204264323,0.5899213155110677,0.5830696105957032,0.6027682622273763,0.5984859466552734,0.5924907048543294,0.587351926167806,0.8112317120587385,0.8310255262586805,0.8538645991572628,0.8812714753327546,0.9041105482313369,0.8873618797019676,0.9147687558774596,0.929994766800492,0.9421756320529514,0.8888844807942708,0.917813958062066,0.9315173678927952,0.9436982331452546,0.8888844807942708,0.911723553692853,0.9254269635235822,0.9345625700774016,0.8873618797019676,0.902587890625,0.9147687558774596,0.9223817613389756,0.48714882135391235,0.49892234802246094,0.5071345567703247,0.5119360685348511,0.4780806601047516,0.47198212146759033,0.46492090821266174,0.5204943418502808,0.45753610134124756,0.502206563949585,0.4767548739910126,0.5734957456588745,0.412710040807724,0.5968104600906372,0.38815152645111084,0.6002857685089111,0.38788023591041565,0.6011524200439453,0.38665392994880676,0.589839518070221,0.3996337354183197,0.5860108733177185,0.40720853209495544,0.5440369248390198,0.444407194852829,0.5448503494262695,0.4415842592716217,0.5326735973358154,0.43332400918006897,0.532873272895813,0.4324494004249573,0.5119104981422424,0.44750407338142395,0.19557617604732513,0.17052030563354492,0.17120219767093658,0.17219488322734833,0.17272089421749115,0.17449291050434113,0.1769225299358368,0.19301095604896545,0.19638216495513916,0.2286064773797989,0.22801239788532257,0.38174164295196533,0.38668903708457947,0.604065477848053,0.6144301295280457,0.8071825504302979,0.8175673484802246,0.8718671798706055,0.8844415545463562,0.8720706105232239,0.8809405565261841,0.8526110053062439,0.8589202165603638,0.8520961403846741,0.8548918962478638,1.1991575956344604,1.1517786979675293,1.501988172531128,1.4925986528396606,1.5366106033325195,1.53704833984375,1.614018201828003,1.605520486831665
0.3826007525126139,0.3928774197896321,0.4040104548136393,0.40657958984375,0.4108615239461263,0.3903082529703776,0.3963029543558756,0.4014412879943848,0.40657958984375,0.3834571520487467,0.3911646525065104,0.3988721211751302,0.4048668225606283,0.3808879852294922,0.387739086151123,0.3954465866088867,0.4022976557413737,0.3791752179463704,0.3851699193318685,0.3911646525065104,0.3971593538920084,0.820319507740162,0.8385891384548612,0.8629485518844039,0.8903529414424189,0.9147124113859952,0.8949203491210938,0.9223247386791088,0.9360269052010995,0.9497290717230904,0.8964428371853299,0.9238471702293112,0.9390718813295718,0.9512515597873265,0.8964428371853299,0.9192798190646702,0.9314595540364584,0.9421168009440104,0.8933978610568576,0.9101450037073208,0.9192798190646702,0.928414577907986,0.6009794235229492,0.5915591557820638,0.5821389516194662,0.5795697530110677,0.577000617980957,0.594984753926595,0.5907028198242188,0.5855644861857097,0.5804261525472005,0.601835823059082,0.5958410898844401,0.5889900207519532,0.5821389516194662,0.6035486221313476,0.5975538889567057,0.5907028198242188,0.5847080866495769,0.6044049580891927,0.5992666880289713,0.5941283543904622,0.5881336212158204,0.8111847488968461,0.8309768111617477,0.853813793041088,0.881218182599103,0.9055775960286458,0.8873080218279803,0.9147124113859952,0.9299370659722224,0.943639232494213,0.8888305098922165,0.916234842936198,0.9314595540364584,0.943639232494213,0.8873080218279803,0.9116674917715568,0.9253696582935474,0.934504473650897,0.8857855337637442,0.9025326764142072,0.9131899233217592,0.9223247386791088,0.487102210521698,0.4989195466041565,0.5071325302124023,0.5119302868843079,0.47806516289711,0.4719542860984802,0.46487438678741455,0.5204617977142334,0.45752063393592834,0.5021106600761414,0.4766902029514313,0.5735260248184204,0.4126269519329071,0.5970456004142761,0.38798725605010986,0.6006075739860535,0.38767334818840027,0.60149085521698,0.3864150047302246,0.5900402665138245,0.3996129631996155,0.5862109065055847,0.40727880597114563,0.5439894199371338,0.4444083273410797,0.5448676347732544,0.44159114360809326,0.5328311324119568,0.43334993720054626,0.5330101251602173,0.4324587285518646,0.5122200846672058,0.4477976858615875,0.1955794095993042,0.17051848769187927,0.17119909822940826,0.1721874475479126,0.17271924018859863,0.17449092864990234,0.17693272233009338,0.19300246238708496,0.19638307392597198,0.22864410281181335,0.22806814312934875,0.38168391585350037,0.3866719901561737,0.6037986874580383,0.6146676540374756,0.8062450289726257,0.8180841207504272,0.8707427978515625,0.8849249482154846,0.8713023662567139,0.8810206651687622,0.8518524169921875,0.8590918779373169,0.8527535200119019,0.8554158210754395,1.199124813079834,1.1516324281692505,1.5022088289260864,1.493420124053955,1.5367876291275024,1.5380949974060059,1.6147648096084595,1.6070526838302612
0.3820878982543945,0.3932214736938476,0.4034986178080241,0.4069243431091308,0.4112064997355143,0.3906521797180176,0.3966471989949544,0.4017857869466146,0.4069243431091308,0.3838007609049479,0.3906521797180176,0.3983600616455078,0.4043550491333008,0.3803750356038411,0.3880828857421875,0.394934336344401,0.4017857869466146,0.3786621729532877,0.3846571922302246,0.3906521797180176,0.3966471989949544,0.8203401918764468,0.840133214879919,0.8629713835539641,0.8903771294487848,0.914737786187066,0.8949447066695602,0.9223505090784144,0.9375758983470776,0.9497561984592012,0.8979897958260995,0.923873053656684,0.9390984429253472,0.9512787995515046,0.8964672512478299,0.919305419921875,0.9314857200339988,0.9406209875036168,0.8949447066695602,0.910170152452257,0.919305419921875,0.9284406308774596,0.6004774729410808,0.591056760152181,0.5816359837849935,0.5799231211344401,0.5764973958333334,0.5953388849894206,0.591056760152181,0.5859181722005208,0.5807795842488607,0.6021903355916342,0.5961952845255534,0.5893438975016276,0.582492446899414,0.6039031982421875,0.5979081471761067,0.591056760152181,0.5850617090861002,0.6047595977783203,0.5996210098266601,0.594482421875,0.5884874343872071,0.8127274689850984,0.8325205485026042,0.8553586606626158,0.8827644065574364,0.9071250632957176,0.8873320402922453,0.9162603307653356,0.9314857200339988,0.9436660766601562,0.888854584870515,0.9177828753436054,0.9314857200339988,0.9436660766601562,0.888854584870515,0.9116926970305266,0.92539554172092,0.9345308091905382,0.8873320402922453,0.9025574295609086,0.9132152416087964,0.9223505090784144,0.48706817626953125,0.49891915917396545,0.5071317553520203,0.5119212865829468,0.47805601358413696,0.4719318747520447,0.4648400545120239,0.520412802696228,0.457512229681015,0.5020697712898254,0.47665145993232727,0.5735272169113159,0.41262587904930115,0.5972283482551575,0.3879329562187195,0.6007285714149475,0.38750284910202026,0.6017817258834839,0.3860872983932495,0.5902620553970337,0.39940887689590454,0.5863521099090576,0.40714678168296814,0.5439301133155823,0.4444085359573364,0.5449012517929077,0.44163209199905396,0.5328795909881592,0.4335755407810211,0.5330959558486938,0.43260809779167175,0.5123671889305115,0.44892242550849915,0.19558563828468323,0.17051666975021362,0.17119623720645905,0.17218013107776642,0.1727178692817688,0.17449268698692322,0.17694894969463348,0.1929955929517746,0.1963837444782257,0.2286756932735443,0.2281460464000702,0.38158920407295227,0.3865707516670227,0.603594958782196,0.6145719289779663,0.8055872917175293,0.8183309435844421,0.8696759939193726,0.8850887417793274,0.8706684708595276,0.8813000917434692,0.8510724306106567,0.8594703674316406,0.852763831615448,0.8554378747940063,1.199092149734497,1.1515203714370728,1.502454400062561,1.493550419807434,1.5371205806732178,1.5383071899414062,1.6148570775985718,1.6070555448532104
0.3824860254923503,0.3936168034871419,0.4047475496927897,0.4073161760965983,0.4115972518920898,0.3910481452941894,0.39704163869222,0.4021789232889811,0.4073161760965983,0.3841984748840332,0.3910481452941894,0.3987540562947591,0.4047475496927897,0.3807736078898112,0.3876233100891113,0.395329221089681,0.4013226826985677,0.3790611902872721,0.3850546836853027,0.3910481452941894,0.39704163869222,0.818725190339265,0.83851318359375,0.8628676237883391,0.891788567437066,0.9146208586516203,0.8948328653971355,0.9222316600658276,0.9374532063802083,0.9511525472005208,0.8978771633572049,0.925275958025897,0.938975355360243,0.9511525472005208,0.8978771633572049,0.9207095110857928,0.9328867029260706,0.9420196533203123,0.8948328653971355,0.9115765606915508,0.9207095110857928,0.9283202559859663,0.5999637603759765,0.5905454635620118,0.5811271667480469,0.5794146855672201,0.5768460591634115,0.5948265075683594,0.5905454635620118,0.5854082107543945,0.5811271667480469,0.6016762415568034,0.5965389251708985,0.5888330459594726,0.5828395843505859,0.6042448679606119,0.5982513427734375,0.5914016723632812,0.5854082107543945,0.6051010767618815,0.5999637603759765,0.5948265075683594,0.5896892547607422,0.8111143889250578,0.8324245876736112,0.8552568788881655,0.8841778225368924,0.9085322627314816,0.8872221204969618,0.9161430076316552,0.931364553946036,0.945063951280382,0.8887442694769965,0.9176652131257234,0.9328867029260706,0.9435418023003472,0.8887442694769965,0.9115765606915508,0.925275958025897,0.9344089084201388,0.885699971516927,0.9024436668113426,0.9130987096715856,0.9222316600658276,0.48700401186943054,0.4988919496536255,0.5071120858192444,0.5119054317474365,0.47803232073783875,0.47190219163894653,0.4648014008998871,0.520393967628479,0.45750176906585693,0.5020257830619812,0.47659024596214294,0.573527455329895,0.41262903809547424,0.5973291397094727,0.38803818821907043,0.6006914377212524,0.3874169886112213,0.6018322110176086,0.38589975237846375,0.590254545211792,0.3992241322994232,0.5863140821456909,0.4070219099521637,0.5439237356185913,0.4444260001182556,0.5447959899902344,0.4416373372077942,0.532711386680603,0.43358802795410156,0.532742977142334,0.432623952627182,0.5124104619026184,0.4491257965564728,0.19560538232326508,0.17051531374454498,0.17119355499744415,0.17217330634593964,0.17272019386291504,0.17449834942817688,0.17697404325008392,0.19299007952213287,0.19640764594078064,0.22875092923641205,0.22824305295944214,0.38140591979026794,0.3865279257297516,0.6034566760063171,0.6143897175788879,0.8061643838882446,0.8178941607475281,0.8699997067451477,0.8850706815719604,0.8710585236549377,0.8811469078063965,0.8513230681419373,0.8590453863143921,0.8527085185050964,0.855431079864502,1.1991313695907593,1.151432752609253,1.5028976202011108,1.4935193061828613,1.5376580953598022,1.538232445716858,1.615045428276062,1.606604814529419
0.383276081085205,0.3944097201029459,0.4055433909098307,0.4081126848856608,0.4115384419759114,0.3918404261271159,0.3978354771931966,0.4029740651448568,0.4081126848856608,0.3841325124104818,0.3909839948018392,0.3986919085184733,0.4055433909098307,0.380706787109375,0.3875582377115885,0.3952661514282226,0.4021176338195801,0.3789938926696777,0.3841325124104818,0.3909839948018392,0.3961226145426432,0.8188339233398437,0.8386270593713832,0.8629878856517651,0.891916345666956,0.916277171947338,0.8949614348234953,0.9238898948386864,0.937592852557147,0.9512958667896412,0.8980065239800348,0.925412439416956,0.9391153971354168,0.9512958667896412,0.896483979401765,0.920844805682147,0.9315026742440684,0.94063799822772,0.8934388902452257,0.9117094816984954,0.9193222611038772,0.9269350405092592,0.599954096476237,0.5896768569946289,0.5811125437418619,0.5793996175130208,0.5759738922119141,0.594815444946289,0.5905333201090495,0.5853946685791016,0.5802560806274414,0.6016669591267904,0.5965283711751302,0.5888204574584961,0.5819689432779948,0.6042362848917643,0.5990976333618164,0.5913897196451823,0.5853946685791016,0.6050926844278971,0.599954096476237,0.594815444946289,0.5896768569946289,0.8127436885127315,0.8325368810583044,0.8568977073386863,0.884303566261574,0.908664392541956,0.887348711932147,0.916277171947338,0.9315026742440684,0.9452056319625288,0.8888712565104167,0.9177997165256075,0.933025218822338,0.9436830873842592,0.8888712565104167,0.9132320827907986,0.925412439416956,0.9345477634006076,0.8858261673538773,0.9025742142288772,0.9132320827907986,0.9223673502604168,0.48689544200897217,0.4988003373146057,0.5070530772209167,0.5118716359138489,0.4780004620552063,0.4718821942806244,0.46478328108787537,0.5203632116317749,0.4574998617172241,0.5019372701644897,0.47651955485343933,0.5735229253768921,0.41263529658317566,0.5973408818244934,0.38808324933052063,0.6004751920700073,0.38752615451812744,0.6016366481781006,0.385976105928421,0.5900642275810242,0.39935240149497986,0.586154580116272,0.4071844816207886,0.5439212322235107,0.4445154368877411,0.5448492765426636,0.44164755940437317,0.5328301787376404,0.433603972196579,0.5327659249305725,0.43263864517211914,0.5129751563072205,0.4493686854839325,0.19562433660030365,0.17051859200000763,0.17119312286376953,0.1721673309803009,0.1727210432291031,0.1744973510503769,0.1769782304763794,0.19298502802848816,0.1964106410741806,0.22882036864757538,0.22831787168979645,0.38138720393180847,0.3865114450454712,0.6036552786827087,0.6142561435699463,0.8075745105743408,0.8180209398269653,0.8729389905929565,0.8849859237670898,0.8742390275001526,0.8810924291610718,0.8538145422935486,0.8588234782218933,0.8527373671531677,0.8554431200027466,1.1991021633148193,1.1513980627059937,1.5030708312988281,1.4934324026107788,1.5378782749176025,1.5381101369857788,1.615501880645752,1.6064585447311401
0.3837892532348633,0.3949214617411296,0.4060536384582519,0.4077662785847982,0.4120478947957356,0.3923524856567383,0.398346741994222,0.4043409983317057,0.4086226145426432,0.3846455891927083,0.3914961496988932,0.4000593821207682,0.4060536384582519,0.3803639729817708,0.3872145652770996,0.3957777659098307,0.4017720222473144,0.3786513328552246,0.3846455891927083,0.390639845530192,0.3966341018676758,0.8204225328233506,0.8386907506872107,0.8630483556676793,0.891972972728588,0.9163305777090568,0.8950176662868924,0.9224199648256656,0.9376434891312212,0.9498223198784722,0.8980623598451968,0.9254647148980036,0.93916586416739,0.9513446949146412,0.8965400413230613,0.92089764630353,0.9330764205367476,0.9422105577256944,0.8950176662868924,0.9117635656286168,0.92089764630353,0.928509408456308,0.5995824178059895,0.5893065134684244,0.5807433446248372,0.5790306727091471,0.5756053924560547,0.594444465637207,0.5901628494262695,0.585024897257487,0.5798870086669922,0.6012950261433919,0.5961571375528971,0.5884502410888672,0.5815996170043946,0.6038640340169271,0.5987260818481446,0.5910191853841146,0.585024897257487,0.6047203063964843,0.6004386901855469,0.594444465637207,0.5893065134684244,0.812810770670573,0.8341236820927372,0.856958912037037,0.8843612105758102,0.908718815556279,0.8874059606481481,0.9163305777090568,0.9330764205367476,0.9452552512839988,0.8889282791702836,0.9193752712673612,0.9330764205367476,0.9452552512839988,0.8889282791702836,0.9132858841507524,0.9254647148980036,0.936121114095052,0.8858835856119792,0.9041518034758392,0.9148082591869212,0.9224199648256656,0.4868090748786926,0.49874740839004517,0.5070168972015381,0.5118513703346252,0.47796332836151123,0.47184500098228455,0.4647492468357086,0.52032870054245,0.45749542117118835,0.501861572265625,0.4764680862426758,0.573534369468689,0.4126773774623871,0.5973426103591919,0.38819244503974915,0.600185215473175,0.38768959045410156,0.6012865304946899,0.3861759603023529,0.589718222618103,0.3996157944202423,0.5858294367790222,0.40735748410224915,0.5439245700836182,0.4446360766887665,0.5448693633079529,0.44165754318237305,0.532856285572052,0.43371522426605225,0.5328078269958496,0.4327748119831085,0.5129845142364502,0.4497382938861847,0.19564023613929749,0.1705196648836136,0.17119145393371582,0.17216168344020844,0.17272824048995972,0.17450834810733795,0.17700235545635223,0.19298072159290314,0.19643211364746094,0.22886624932289124,0.22840841114521027,0.3813733160495758,0.3864976763725281,0.6040003895759583,0.6141480207443237,0.8093410134315491,0.8188688158988953,0.8759790658950806,0.8857983350753784,0.8773271441459656,0.8818512558937073,0.8564527034759521,0.8595263957977295,0.8527491688728333,0.8554369211196899,1.1992883682250977,1.151357650756836,1.5033237934112549,1.4932615756988525,1.5382318496704102,1.5377572774887085,1.6154265403747559,1.6063727140426636
0.3847659111022949,0.3958978017171224,0.4061733563741048,0.4087422370910644,0.4121674219767252,0.3933288892110189,0.3993229866027832,0.4044607480367024,0.4095985412597656,0.3847659111022949,0.3924725850423177,0.4001792589823404,0.407029660542806,0.3813407262166341,0.3881911277770996,0.3958978017171224,0.402748171488444,0.3787718454996744,0.3847659111022949,0.3907600084940592,0.3967540740966797,0.8189119127061631,0.8387019404658564,0.8630588107638889,0.8919826366283276,0.91633950692636,0.8950272171585648,0.922428724500868,0.9376517966941552,0.9498302318431712,0.8980718542028356,0.9254733615451388,0.9391741152162904,0.9513524938512732,0.8980718542028356,0.9209064059787326,0.9330848976417824,0.940696433738426,0.8950272171585648,0.9117726078739872,0.9209064059787326,0.9285179420753762,0.5996964772542318,0.5894208908081054,0.5800016403198243,0.5782890319824219,0.5757201512654623,0.5945587158203125,0.5902772267659505,0.5842831293741862,0.5791453679402669,0.6014090855916341,0.5962713241577149,0.5885646184285481,0.5808579762776692,0.6039779663085938,0.5988402048746745,0.5911334991455078,0.5842831293741862,0.604834238688151,0.5996964772542318,0.5945587158203125,0.5885646184285481,0.8113004331235533,0.8326126663773148,0.8554472746672453,0.884371100531684,0.9087279708297163,0.8874156810619213,0.91633950692636,0.9330848976417824,0.9452633327907988,0.8889379995840567,0.9193841439706308,0.9330848976417824,0.9437410142686632,0.8874156810619213,0.9132949263961226,0.9254733615451388,0.9346071596498844,0.8858934190538195,0.9041610717773436,0.9148171884042244,0.922428724500868,0.48673996329307556,0.4987137019634247,0.506994903087616,0.5118300318717957,0.4779415726661682,0.47182950377464294,0.46474021673202515,0.5202934741973877,0.45749515295028687,0.5018005967140198,0.4764411151409149,0.5735359191894531,0.41268306970596313,0.5973402857780457,0.3882834017276764,0.5999886393547058,0.38779374957084656,0.6011025309562683,0.3862985372543335,0.5895293951034546,0.39984065294265747,0.5856494903564453,0.40751969814300537,0.5439288020133972,0.4447721838951111,0.5448766350746155,0.4416659474372864,0.532874345779419,0.43373849987983704,0.5328507423400879,0.4327762722969055,0.5131902694702148,0.4497499465942383,0.19564278423786163,0.1705211102962494,0.17118985950946808,0.17215661704540253,0.1727316528558731,0.17451201379299164,0.1770060658454895,0.19297605752944946,0.19642087817192078,0.22889499366283417,0.22841106355190277,0.3813537657260895,0.3864796459674835,0.6043621897697449,0.6141573190689087,0.8096581697463989,0.8194056153297424,0.876480758190155,0.8861035108566284,0.8778473734855652,0.8821262717247009,0.8569177985191345,0.8597918152809143,0.8527452349662781,0.8554103374481201,1.1988916397094727,1.1510874032974243,1.5032658576965332,1.4931097030639648,1.538166880607605,1.5375111103057861,1.615388035774231,1.6062359809875488
0.3847763697306315,0.3959067662556966,0.4061809539794921,0.408749516805013,0.4121742566426595,0.3933382034301758,0.3993315060933431,0.4053247769673665,0.4096056938171387,0.3856325467427571,0.3933382034301758,0.4010438601175944,0.4070371627807617,0.381351629892985,0.3890572865804036,0.3967629432678222,0.4027562459309896,0.3796392758687337,0.3856325467427571,0.3916258494059245,0.3976191202799479,0.818944408275463,0.8387317798755787,0.8630854288736979,0.8920054117838542,0.9163591172960068,0.89504965322989,0.9224474871600116,0.9376685813621238,0.9498453776041668,0.8980938381618924,0.9254917286060474,0.939190673828125,0.9498453776041668,0.8965717456958912,0.9209253946940104,0.9315801549840856,0.940712766294126,0.89504965322989,0.91179278338397,0.9209253946940104,0.9270138210720488,0.5996784845987956,0.589404296875,0.5799862543741862,0.5782739003499349,0.5757053375244141,0.594541358947754,0.5902604420979818,0.5842671712239583,0.5791301091512044,0.6013908386230469,0.596253776550293,0.5885480880737305,0.5808424631754557,0.6039594014485677,0.5988223393758138,0.5911166508992513,0.5842671712239583,0.605671755472819,0.6005346934000652,0.594541358947754,0.5885480880737305,0.8113338894314236,0.8311212610315394,0.8554749100296586,0.8843948929398148,0.9087485984519676,0.8874391343858506,0.9163591172960068,0.9315801549840856,0.9452791002061632,0.8889612268518519,0.9178812097620082,0.9331022474500869,0.9437569512261283,0.8874391343858506,0.9133148758499712,0.9254917286060474,0.934624339916088,0.885916985405816,0.9026601720739292,0.9133148758499712,0.9224474871600116,0.48671954870224,0.4987022578716278,0.5069853067398071,0.5118222832679749,0.47793713212013245,0.47182562947273254,0.46473562717437744,0.5202866792678833,0.4575038254261017,0.5017598271369934,0.4764328896999359,0.5735649466514587,0.41271716356277466,0.5973230004310608,0.3883269727230072,0.5998402237892151,0.38787147402763367,0.6009986996650696,0.38634204864501953,0.5894448757171631,0.3999606668949127,0.5855888724327087,0.4076017737388611,0.5439341068267822,0.44488832354545593,0.5450933575630188,0.4416724145412445,0.5328895449638367,0.43382149934768677,0.5328695774078369,0.4329194128513336,0.5129035115242004,0.44976240396499634,0.19564640522003174,0.17052043974399567,0.17118608951568604,0.17214658856391907,0.17273081839084625,0.1745106279850006,0.1770043820142746,0.19297116994857788,0.19640493392944336,0.22891157865524292,0.22842246294021606,0.3813364803791046,0.38639289140701294,0.6047853827476501,0.6140995025634766,0.8100783824920654,0.8195306062698364,0.8766933679580688,0.8862359523773193,0.8780368566513062,0.8822503089904785,0.8571137189865112,0.8598476052284241,0.8525812029838562,0.8552098870277405,1.198381781578064,1.1504878997802734,1.5028647184371948,1.49250328540802,1.5376794338226318,1.5368854999542236,1.6150559186935425,1.6056493520736694
0.3851996103922526,0.3963332176208496,0.4066103935241699,0.4083232561747233,0.41174898147583,0.3937639236450195,0.3997589429219564,0.4048975308736165,0.4100361188252767,0.3851996103922526,0.3929074923197428,0.4006153742472331,0.4074668248494466,0.3809174537658691,0.3886253356933594,0.3963332176208496,0.4031846682230631,0.3792045911153157,0.3851996103922526,0.3911946296691894,0.3971896489461263,0.81898193359375,0.8387750131112558,0.8631357263635706,0.8920640733506945,0.9164248431170428,0.8951091625072338,0.9225150214301217,0.9377404672128185,0.949920767324942,0.8981543081778067,0.9255601105866608,0.939263011791088,0.949920767324942,0.896631763599537,0.9209924768518518,0.9316502888997396,0.9407855563693576,0.8951091625072338,0.9118572093822338,0.9209924768518518,0.9270826551649306,0.5993075052897135,0.5890303293863932,0.5804660161336263,0.5778967539469401,0.5753274281819661,0.595025380452474,0.5907431920369466,0.5847482045491537,0.5787531534830729,0.6018768310546875,0.5967382431030274,0.5881739298502604,0.5813224792480469,0.6053025563557942,0.5993075052897135,0.5915996551513671,0.5847482045491537,0.606158955891927,0.6010203679402669,0.595025380452474,0.5890303293863932,0.8128917552806713,0.8326848347981771,0.8555230034722222,0.8844513504593461,0.9088121202256944,0.8874964396158854,0.9164248431170428,0.9316502888997396,0.9453531901041666,0.889018984194155,0.9194699322735822,0.9331728334780092,0.943830645525897,0.889018984194155,0.9133797539605036,0.9255601105866608,0.9346953780562788,0.8859738950376157,0.9042444864908854,0.9149022985387733,0.9225150214301217,0.4867137670516968,0.49872446060180664,0.5069910287857056,0.5118198394775391,0.47794583439826965,0.471829354763031,0.4647430181503296,0.5202726721763611,0.457518070936203,0.5017469525337219,0.4764285087585449,0.573581337928772,0.41274845600128174,0.5973363518714905,0.38844525814056396,0.5998271107673645,0.3879730999469757,0.6010459065437317,0.386404424905777,0.5894900560379028,0.40009158849716187,0.5856265425682068,0.407723605632782,0.5439369082450867,0.4449225068092346,0.5452150702476501,0.4417138695716858,0.5332318544387817,0.4339790344238281,0.5331403613090515,0.4330052435398102,0.5136807560920715,0.4504004120826721,0.19563382863998413,0.17051874101161957,0.17118336260318756,0.1721421480178833,0.17272892594337463,0.1745091825723648,0.1770016998052597,0.19297264516353607,0.19637823104858398,0.228913813829422,0.22839464247226715,0.3813225030899048,0.3863464593887329,0.6047853231430054,0.6140812039375305,0.8099860548973083,0.8197341561317444,0.8763664960861206,0.8863931894302368,0.877694308757782,0.8824935555458069,0.8568328619003296,0.8601071834564209,0.8525623083114624,0.8552026152610779,1.1984220743179321,1.1504181623458862,1.503012776374817,1.49226713180542,1.5377849340438843,1.5363107919692993,1.615270972251892,1.6055665016174316
0.3852308909098307,0.3963648478190104,0.4066423734029134,0.4083552996317545,0.4117811203002929,0.3937954902648926,0.3997907002766927,0.4049294471740722,0.4100682258605957,0.3852308909098307,0.392939027150472,0.4006471633911133,0.407498836517334,0.3809485753377278,0.3886567115783691,0.3963648478190104,0.403216552734375,0.3792356808980306,0.3852308909098307,0.3912261009216308,0.397221310933431,0.8190008092809606,0.8387945669668692,0.863156071415654,0.8920853791413483,0.9164468835901332,0.8936079802336516,0.922537287959346,0.937763242368345,0.9499439380787036,0.8981757835105614,0.9255824901439526,0.939285843460648,0.9499439380787036,0.8966531824182581,0.9210146868670428,0.931672837999132,0.939285843460648,0.8936079802336516,0.911879136827257,0.9210146868670428,0.9271050347222224,0.5993457794189453,0.5890682856241862,0.5805036544799804,0.5779343287150065,0.5753649393717448,0.5950635274251302,0.5907812118530273,0.5856424331665039,0.5796472549438476,0.6027716318766276,0.5976328531901042,0.5890682856241862,0.5822165807088217,0.6053410212198893,0.6002022425333658,0.5924941380818685,0.5856424331665039,0.6070539474487304,0.6027716318766276,0.5967763900756836,0.5907812118530273,0.8129104614257813,0.8327041625976562,0.8555431224681713,0.8844724301938658,0.9088339346426504,0.8875175758644387,0.9164468835901332,0.931672837999132,0.9453761913158276,0.8890401769567419,0.9194920857747396,0.9331954390914352,0.9438535902235244,0.8890401769567419,0.9134016814055266,0.9255824901439526,0.9347180401837384,0.8859949747721354,0.9042661313657409,0.91492428249783,0.922537287959346,0.48670873045921326,0.4987570345401764,0.5069968700408936,0.5118147134780884,0.4779634475708008,0.4718513488769531,0.46477845311164856,0.5202661752700806,0.4575915038585663,0.5017405152320862,0.4764305055141449,0.5736116766929626,0.4128125011920929,0.5973542332649231,0.3884965777397156,0.5998499393463135,0.38798922300338745,0.6010790467262268,0.38637933135032654,0.589530348777771,0.4001231789588928,0.5856624245643616,0.4077743887901306,0.5439375042915344,0.4449518322944641,0.5456079244613647,0.441734254360199,0.5334329009056091,0.43414923548698425,0.5332844853401184,0.43313512206077576,0.5138606429100037,0.45064470171928406,0.19564078748226166,0.17052006721496582,0.17118172347545624,0.17213712632656097,0.17273961007595062,0.17452771961688995,0.17702096700668335,0.1929769366979599,0.1963656097650528,0.22893919050693512,0.22838814556598663,0.38130584359169006,0.38624346256256104,0.604762852191925,0.6140477657318115,0.8099915385246277,0.8197625875473022,0.8762986063957214,0.8865159749984741,0.8776667714118958,0.8826240301132202,0.8568423986434937,0.8601978421211243,0.8525996804237366,0.8552904725074768,1.198773980140686,1.1503658294677734,1.5035563707351685,1.491794466972351,1.538178563117981,1.5357904434204102,1.6160370111465454,1.6046910285949707
0.3852316538492839,0.3963635444641113,0.4066391309102376,0.4083517074584961,0.4117769241333008,0.3937946637471517,0.3989324251810709,0.4049265225728353,0.4092080116271973,0.3852316538492839,0.3929383595784505,0.4006450335184733,0.4074954350789388,0.3809501647949219,0.3886568705240885,0.3963635444641113,0.4032139460245768,0.3792375882466634,0.3852316538492839,0.3912257512410482,0.3972198486328125,0.8189969098126447,0.8387868810583043,0.8631438643844039,0.8920676902488426,0.9164246170609086,0.893590008770978,0.9225138346354168,0.9377369068287036,0.94991534197772,0.8981569078233507,0.9255584716796876,0.9392592253508392,0.94991534197772,0.8966345893012153,0.9209915161132812,0.9316476892541956,0.9407815438729744,0.8951123272931134,0.911857718008536,0.9209915161132812,0.9270807902018228,0.6001625696818034,0.5898869832356771,0.5804676691691081,0.5778987884521485,0.5753299077351888,0.5950247446695963,0.5907432556152343,0.5856054941813151,0.5804676691691081,0.602731450398763,0.597593625386556,0.589030647277832,0.5821802775065105,0.60615660349528,0.6001625696818034,0.5924558639526367,0.5856054941813151,0.607012939453125,0.602731450398763,0.5967373530069987,0.5907432556152343,0.8113853737160012,0.8326976634837963,0.8555322717737268,0.884456154152199,0.908813080964265,0.88750079119647,0.9164246170609086,0.933170007776331,0.9453484994393808,0.8890230532045718,0.9194692541051794,0.933170007776331,0.9438261809172452,0.8890230532045718,0.9133799800166378,0.9255584716796876,0.9346923262984664,0.8859784726743345,0.9042461819118924,0.9149022985387733,0.9225138346354168,0.48670318722724915,0.4987562894821167,0.5069963335990906,0.5118109583854675,0.47797563672065735,0.47190168499946594,0.46486222743988037,0.520268976688385,0.4576624631881714,0.5017336010932922,0.4764469861984253,0.5736325979232788,0.4128820300102234,0.5973667502403259,0.38853564858436584,0.5998729467391968,0.38802531361579895,0.6010985970497131,0.38639548420906067,0.5895683169364929,0.4001702666282654,0.5856955647468567,0.4078364372253418,0.5439350605010986,0.444974422454834,0.5456116199493408,0.44174429774284363,0.5333653092384338,0.43442651629447937,0.5332611799240112,0.4335055351257324,0.5134117603302002,0.4506627917289734,0.19565874338150024,0.17053791880607605,0.17119264602661133,0.17214104533195496,0.17276109755039215,0.17454925179481506,0.17703993618488312,0.1930154711008072,0.1963488608598709,0.22895248234272003,0.22837035357952118,0.3812825679779053,0.38619980216026306,0.6047449707984924,0.6140283942222595,0.8101460337638855,0.8196497559547424,0.8765362501144409,0.8864574432373047,0.8779956102371216,0.8825784921646118,0.8572137355804443,0.8601024150848389,0.852620542049408,0.8553016185760498,1.1987683773040771,1.1503208875656128,1.50355064868927,1.4917707443237305,1.5381925106048584,1.5359009504318237,1.615952491760254,1.604609489440918
