left_landmark_x_0,left_landmark_x_1,left_landmark_x_2,left_landmark_x_3,left_landmark_x_4,left_landmark_x_5,left_landmark_x_6,left_landmark_x_7,left_landmark_x_8,left_landmark_x_9,left_landmark_x_10,left_landmark_x_11,left_landmark_x_12,left_landmark_x_13,left_landmark_x_14,left_landmark_x_15,left_landmark_x_16,left_landmark_x_17,left_landmark_x_18,left_landmark_x_19,left_landmark_x_20,left_landmark_y_0,left_landmark_y_1,left_landmark_y_2,left_landmark_y_3,left_landmark_y_4,left_landmark_y_5,left_landmark_y_6,left_landmark_y_7,left_landmark_y_8,left_landmark_y_9,left_landmark_y_10,left_landmark_y_11,left_landmark_y_12,left_landmark_y_13,left_landmark_y_14,left_landmark_y_15,left_landmark_y_16,left_landmark_y_17,left_landmark_y_18,left_landmark_y_19,left_landmark_y_20,right_landmark_x_0,right_landmark_x_1,right_landmark_x_2,right_landmark_x_3,right_landmark_x_4,right_landmark_x_5,right_landmark_x_6,right_landmark_x_7,right_landmark_x_8,right_landmark_x_9,right_landmark_x_10,right_landmark_x_11,right_landmark_x_12,right_landmark_x_13,right_landmark_x_14,right_landmark_x_15,right_landmark_x_16,right_landmark_x_17,right_landmark_x_18,right_landmark_x_19,right_landmark_x_20,right_landmark_y_0,right_landmark_y_1,right_landmark_y_2,right_landmark_y_3,right_landmark_y_4,right_landmark_y_5,right_landmark_y_6,right_landmark_y_7,right_landmark_y_8,right_landmark_y_9,right_landmark_y_10,right_landmark_y_11,right_landmark_y_12,right_landmark_y_13,right_landmark_y_14,right_landmark_y_15,right_landmark_y_16,right_landmark_y_17,right_landmark_y_18,right_landmark_y_19,right_landmark_y_20,pose_landmark_x_0,pose_landmark_x_1,pose_landmark_x_2,pose_landmark_x_3,pose_landmark_x_4,pose_landmark_x_5,pose_landmark_x_6,pose_landmark_x_7,pose_landmark_x_8,pose_landmark_x_9,pose_landmark_x_10,pose_landmark_x_11,pose_landmark_x_12,pose_landmark_x_13,pose_landmark_x_14,pose_landmark_x_15,pose_landmark_x_16,pose_landmark_x_17,pose_landmark_x_18,pose_landmark_x_19,pose_landmark_x_20,pose_landmark_x_21,pose_landmark_x_22,pose_landmark_x_23,pose_landmark_x_24,pose_landmark_x_25,pose_landmark_x_26,pose_landmark_x_27,pose_landmark_x_28,pose_landmark_x_29,pose_landmark_x_30,pose_landmark_x_31,pose_landmark_x_32,pose_landmark_y_0,pose_landmark_y_1,pose_landmark_y_2,pose_landmark_y_3,pose_landmark_y_4,pose_landmark_y_5,pose_landmark_y_6,pose_landmark_y_7,pose_landmark_y_8,pose_landmark_y_9,pose_landmark_y_10,pose_landmark_y_11,pose_landmark_y_12,pose_landmark_y_13,pose_landmark_y_14,pose_landmark_y_15,pose_landmark_y_16,pose_landmark_y_17,pose_landmark_y_18,pose_landmark_y_19,pose_landmark_y_20,pose_landmark_y_21,pose_landmark_y_22,pose_landmark_y_23,pose_landmark_y_24,pose_landmark_y_25,pose_landmark_y_26,pose_landmark_y_27,pose_landmark_y_28,pose_landmark_y_29,pose_landmark_y_30,pose_landmark_y_31,pose_landmark_y_32
0.39697912335395813,0.4145873486995697,0.42220038175582886,0.42440417408943176,0.4273565113544464,0.40730488300323486,0.4144478738307953,0.4190487563610077,0.4220459759235382,0.3981359601020813,0.40546151995658875,0.4113776981830597,0.41509273648262024,0.3927617073059082,0.39925649762153625,0.4053570330142975,0.4096091091632843,0.3901534676551819,0.39403867721557617,0.39867591857910156,0.402604877948761,0.8207535147666931,0.8314460515975952,0.8588671088218689,0.8871448040008545,0.9088639616966248,0.8849965333938599,0.9176149368286133,0.934962809085846,0.9486721158027649,0.886705219745636,0.9203877449035645,0.9389647841453552,0.9524213075637817,0.88419109582901,0.9136427640914917,0.9298230409622192,0.9403892159461975,0.8806395530700684,0.9047016501426697,0.9181861877441406,0.9263103604316711,0.6143662333488464,0.5979468822479248,0.5917226672172546,0.5904412865638733,0.5876098275184631,0.6091628074645996,0.6031609773635864,0.597021222114563,0.592073380947113,0.6177496910095215,0.6106399893760681,0.6028728485107422,0.5964946150779724,0.622257649898529,0.6161758899688721,0.608662486076355,0.6024536490440369,0.6238726377487183,0.6195805668830872,0.6139827370643616,0.6086438298225403,0.8118377923965454,0.8239908218383789,0.8522580862045288,0.8806999325752258,0.9020155072212219,0.8769969344139099,0.9118359684944153,0.9276063442230225,0.938400149345398,0.878457248210907,0.9127582311630249,0.9268678426742554,0.935738742351532,0.8764688372612,0.9079044461250305,0.9221124053001404,0.9306690692901611,0.8733553886413574,0.9002032279968262,0.9137055277824402,0.9218097925186157,0.5031490325927734,0.5126772522926331,0.5187215209007263,0.5244718790054321,0.4925701320171356,0.486595094203949,0.4799247980117798,0.5340144634246826,0.46971961855888367,0.5168796181678772,0.4898777902126312,0.5877853035926819,0.4242032468318939,0.6086291074752808,0.4017711579799652,0.6134430170059204,0.4022357165813446,0.6184379458427429,0.39985260367393494,0.6051057577133179,0.41404610872268677,0.5988592505455017,0.42035600543022156,0.5567534565925598,0.45737579464912415,0.5622019171714783,0.46220433712005615,0.5555325150489807,0.4581195116043091,0.556883692741394,0.4588177800178528,0.531981348991394,0.4678105413913727,0.19603335857391357,0.1683381199836731,0.1692124605178833,0.17112720012664795,0.1701594591140747,0.17180323600769043,0.17429399490356445,0.19196075201034546,0.19492250680923462,0.2296680212020874,0.22882914543151855,0.37770333886146545,0.38665470480918884,0.6076387763023376,0.6223575472831726,0.8063154220581055,0.8160418272018433,0.8682222962379456,0.8848708868026733,0.8698068261146545,0.8781226873397827,0.8493297696113586,0.8527450561523438,0.8312625885009766,0.8348751664161682,1.1471343040466309,1.1238266229629517,1.427074670791626,1.419020414352417,1.4617516994476318,1.4620972871780396,1.5327110290527344,1.5163476467132568
0.3968810439109802,0.41488489508628845,0.4224837124347687,0.4242327809333801,0.42669352889060974,0.4078767001628876,0.41480565071105957,0.4192265272140503,0.4222508370876312,0.39869287610054016,0.40612632036209106,0.4117003381252289,0.4151003360748291,0.3935075104236603,0.39992567896842957,0.40535879135131836,0.4095146358013153,0.3910425007343292,0.39470019936561584,0.39929190278053284,0.40348899364471436,0.8186082243919373,0.8306374549865723,0.8584741950035095,0.8873528838157654,0.908988893032074,0.8851329684257507,0.9175531268119812,0.9344855546951294,0.9482917189598083,0.8873206377029419,0.9201646447181702,0.9382968544960022,0.951965868473053,0.8856056332588196,0.9149876236915588,0.9312137365341187,0.9426107406616211,0.8829129934310913,0.9070696234703064,0.9198516607284546,0.9279471039772034,0.6152942180633545,0.5983825325965881,0.5920363664627075,0.5907542109489441,0.5881820917129517,0.6096150279045105,0.6034221053123474,0.5970102548599243,0.5918540358543396,0.617982804775238,0.6111845374107361,0.603146493434906,0.5964183211326599,0.6221982836723328,0.6163074374198914,0.6086369156837463,0.6021621823310852,0.6235864162445068,0.6193405389785767,0.6136775612831116,0.608289361000061,0.810382604598999,0.8239310383796692,0.8525827527046204,0.8809256553649902,0.9020777940750122,0.8768970370292664,0.9114829897880554,0.9272831082344055,0.9382165670394897,0.8787207007408142,0.9124439358711243,0.9267566204071045,0.935659646987915,0.8768148422241211,0.9075970649719238,0.9221863746643066,0.9311702251434326,0.8740569949150085,0.9004541039466858,0.9137634634971619,0.9215025901794434,0.503033459186554,0.513114333152771,0.5191623568534851,0.5247265100479126,0.4925900995731354,0.4865953326225281,0.4799436926841736,0.5340525507926941,0.4701576828956604,0.516523003578186,0.4898715615272522,0.5876637697219849,0.42423009872436523,0.6086089015007019,0.4017820656299591,0.613412082195282,0.40216052532196045,0.6178559064865112,0.39978960156440735,0.6048607230186462,0.41395941376686096,0.5988414883613586,0.42041775584220886,0.556870698928833,0.45712292194366455,0.5623453855514526,0.4576549232006073,0.5509719848632812,0.44991549849510193,0.5500419735908508,0.4497512876987457,0.5311764478683472,0.46093595027923584,0.19603422284126282,0.16931042075157166,0.1711219847202301,0.17354394495487213,0.1701442152261734,0.17171965539455414,0.17411069571971893,0.19406414031982422,0.19389750063419342,0.2296477109193802,0.2283339947462082,0.3777602016925812,0.3866441547870636,0.6076595783233643,0.6188317537307739,0.8094638586044312,0.8165395855903625,0.8748406171798706,0.8849651217460632,0.8756058216094971,0.8785050511360168,0.8548531532287598,0.854807436466217,0.8471810221672058,0.8483039140701294,1.1821115016937256,1.1323931217193604,1.471168875694275,1.4452534914016724,1.5048184394836426,1.4885070323944092,1.5782939195632935,1.5474556684494019
0.39673906564712524,0.4149532914161682,0.4225913882255554,0.4241498112678528,0.42673927545547485,0.407975435256958,0.41494905948638916,0.4193953573703766,0.42244499921798706,0.39874011278152466,0.4063374698162079,0.41199547052383423,0.41548869013786316,0.39353564381599426,0.40002360939979553,0.4055582284927368,0.40984252095222473,0.3911021053791046,0.3948732614517212,0.3995368182659149,0.4037843942642212,0.8177916407585144,0.8299162983894348,0.8579033017158508,0.8870114088058472,0.9087616205215454,0.884842038154602,0.9172760844230652,0.9339344501495361,0.9477273225784302,0.8873745799064636,0.9199880361557007,0.9379470348358154,0.9516185522079468,0.8857346177101135,0.9151992797851562,0.9314358234405518,0.9430065155029297,0.8830918073654175,0.9072115421295166,0.9198846817016602,0.9281318783760071,0.6150824427604675,0.5981460809707642,0.5918610095977783,0.5906415581703186,0.5880380868911743,0.6094887256622314,0.6033843755722046,0.5970596671104431,0.5919833183288574,0.617885172367096,0.6111581325531006,0.6032142639160156,0.5965182781219482,0.6221526265144348,0.616381049156189,0.6088159680366516,0.6023260354995728,0.62361079454422,0.6194093823432922,0.6137931942939758,0.6083738803863525,0.8096618056297302,0.8235118985176086,0.8522734045982361,0.8810410499572754,0.9023448824882507,0.8766070008277893,0.911151647567749,0.9271113276481628,0.9382228851318359,0.8785727620124817,0.9123625159263611,0.9269137382507324,0.9361254572868347,0.8766997456550598,0.9075347185134888,0.922330915927887,0.9315980672836304,0.8739712834358215,0.9002946019172668,0.9137006402015686,0.921800971031189,0.5028513669967651,0.5134162306785583,0.5194830298423767,0.524886429309845,0.49263426661491394,0.4866012930870056,0.4799965023994446,0.5341875553131104,0.470488965511322,0.516281247138977,0.48984891176223755,0.5876117944717407,0.42427676916122437,0.6085508465766907,0.4018167555332184,0.6133803725242615,0.402129590511322,0.6173208951950073,0.3997872769832611,0.6047057509422302,0.41395723819732666,0.5988406538963318,0.4205712378025055,0.5568966269493103,0.4566383361816406,0.5624867081642151,0.45361682772636414,0.5498859882354736,0.4457067847251892,0.548892080783844,0.44574734568595886,0.5306228995323181,0.45613279938697815,0.19604584574699402,0.1703059822320938,0.17272382974624634,0.17539623379707336,0.170145183801651,0.17168430984020233,0.17400233447551727,0.19550390541553497,0.19328898191452026,0.2296513319015503,0.22806629538536072,0.37786945700645447,0.3866569697856903,0.6076815128326416,0.6172813773155212,0.8098568916320801,0.8168343305587769,0.8755427002906799,0.8850454092025757,0.8759193420410156,0.8787200450897217,0.8552367687225342,0.8559014797210693,0.8595956563949585,0.8590551614761353,1.196488857269287,1.140114426612854,1.4863816499710083,1.460488200187683,1.5190763473510742,1.503917932510376,1.596227765083313,1.5657386779785156
0.3969706594944,0.41524723172187805,0.42272087931632996,0.42413392663002014,0.4266810417175293,0.40774545073509216,0.41478753089904785,0.4193263351917267,0.42247235774993896,0.3984818756580353,0.4060327410697937,0.4118104577064514,0.4154631793498993,0.39336663484573364,0.3998112380504608,0.40555232763290405,0.4100075662136078,0.3911738991737366,0.39506638050079346,0.3999733328819275,0.40442365407943726,0.8177568316459656,0.8304079174995422,0.8584740161895752,0.8875308632850647,0.9093826413154602,0.8849833607673645,0.9177989363670349,0.9343216419219971,0.948024570941925,0.8874678611755371,0.920542299747467,0.9381487965583801,0.9514816999435425,0.8857406377792358,0.9155532121658325,0.9314878582954407,0.94269198179245,0.8831296563148499,0.9075319766998291,0.9200927019119263,0.9281430244445801,0.6142274737358093,0.5976738929748535,0.5915544629096985,0.5904042720794678,0.5878866910934448,0.6094598770141602,0.6032267212867737,0.5969418883323669,0.5918805599212646,0.6180011034011841,0.6111987829208374,0.6032770276069641,0.5965408086776733,0.6222788095474243,0.616528332233429,0.6089534163475037,0.6024620532989502,0.6236037611961365,0.6193817853927612,0.6137447953224182,0.6083206534385681,0.8091598749160767,0.8237757682800293,0.8526460528373718,0.8812974095344543,0.9025299549102783,0.8760297894477844,0.9111846685409546,0.927203893661499,0.938507080078125,0.8779311776161194,0.9125902056694031,0.9273541569709778,0.9364460706710815,0.8760683536529541,0.9074553847312927,0.9221168756484985,0.9310958385467529,0.8734939694404602,0.9000909924507141,0.9132196307182312,0.921055018901825,0.5027002096176147,0.5136290192604065,0.5197343230247498,0.5249939560890198,0.4926864504814148,0.48661714792251587,0.4800848662853241,0.534292459487915,0.47075945138931274,0.5158770084381104,0.48984354734420776,0.5875588655471802,0.4242877662181854,0.6085671782493591,0.40198132395744324,0.6133527159690857,0.40218061208724976,0.6171926259994507,0.39994367957115173,0.6044883728027344,0.41400253772735596,0.5987557172775269,0.4208711087703705,0.5569002628326416,0.45643749833106995,0.5618116855621338,0.4487857520580292,0.5468852519989014,0.43904173374176025,0.5463683009147644,0.4383822977542877,0.5255873799324036,0.45172372460365295,0.19606268405914307,0.1713830679655075,0.17428912222385406,0.17716972529888153,0.17014369368553162,0.17159169912338257,0.17378196120262146,0.19691281020641327,0.19259746372699738,0.22966356575489044,0.22780102491378784,0.37829798460006714,0.3867524564266205,0.607695460319519,0.6170613169670105,0.8098623156547546,0.8171635270118713,0.875424861907959,0.8853052854537964,0.875799834728241,0.8789808750152588,0.8551968932151794,0.8567021489143372,0.8615046739578247,0.8608574867248535,1.1997580528259277,1.1439695358276367,1.489494800567627,1.4657633304595947,1.5204604864120483,1.5078308582305908,1.6026591062545776,1.574552297592163
0.3971869945526123,0.4153868854045868,0.4228367805480957,0.4242441952228546,0.42655888199806213,0.4080274701118469,0.4149676561355591,0.419424831867218,0.42250552773475647,0.39867284893989563,0.40616464614868164,0.411734402179718,0.41532957553863525,0.3934052586555481,0.3998420238494873,0.40543651580810547,0.40991124510765076,0.3909860849380493,0.39460277557373047,0.3993169069290161,0.40373528003692627,0.8170698881149292,0.8306307196617126,0.8584715127944946,0.8872779011726379,0.9090071320533752,0.884528636932373,0.9173552989959717,0.9341306090354919,0.9481950998306274,0.8869602680206299,0.9200409054756165,0.9381715059280396,0.9520495533943176,0.8852308392524719,0.9149739146232605,0.9315398931503296,0.9433043003082275,0.8826211094856262,0.9071381688117981,0.9201071262359619,0.9286354184150696,0.6149903535842896,0.5980801582336426,0.5917214155197144,0.5904544591903687,0.5878673791885376,0.6093979477882385,0.6029052138328552,0.5965805053710938,0.5915637016296387,0.6179844737052917,0.6111807823181152,0.6031815409660339,0.5964707732200623,0.6223179697990417,0.6166108250617981,0.6089522838592529,0.6024818420410156,0.6236867308616638,0.6194992661476135,0.6138260364532471,0.6084281802177429,0.8084977865219116,0.823337197303772,0.852632999420166,0.8810825347900391,0.9023365378379822,0.8767029643058777,0.9115839004516602,0.9274307489395142,0.9385713338851929,0.8784566521644592,0.9130243062973022,0.9275822043418884,0.9365289211273193,0.8765133023262024,0.9078071713447571,0.922374427318573,0.9313220977783203,0.873688280582428,0.9003235697746277,0.9133456349372864,0.9210060238838196,0.5023558735847473,0.5136274695396423,0.5197845101356506,0.5249834060668945,0.49268051981925964,0.4866093099117279,0.48008862137794495,0.534263551235199,0.4708927869796753,0.5153307914733887,0.489825576543808,0.5874432325363159,0.4243068993091583,0.6085730791091919,0.402125746011734,0.6133520007133484,0.4022158086299896,0.6171156764030457,0.400029718875885,0.6044656038284302,0.41400474309921265,0.5987622737884521,0.420988529920578,0.5568365454673767,0.45619162917137146,0.5617797374725342,0.4483124315738678,0.5464527010917664,0.43950122594833374,0.5461204648017883,0.4391564428806305,0.5249043107032776,0.4516696035861969,0.19606532156467438,0.17169883847236633,0.1746744066476822,0.17750070989131927,0.17014427483081818,0.1715780347585678,0.17372936010360718,0.197047159075737,0.1924048364162445,0.22963546216487885,0.2275228649377823,0.3786517083644867,0.38685473799705505,0.6076931953430176,0.6169460415840149,0.8097745180130005,0.8174224495887756,0.8753775954246521,0.8854920268058777,0.875558078289032,0.8791173100471497,0.8551111221313477,0.8570156693458557,0.8618304133415222,0.8611242771148682,1.2003587484359741,1.1459156274795532,1.4932109117507935,1.470152735710144,1.524949550628662,1.5127488374710083,1.6045793294906616,1.5778896808624268
0.3974401354789734,0.4154418110847473,0.42282193899154663,0.4242953360080719,0.4266335070133209,0.4079883098602295,0.4149051010608673,0.41929155588150024,0.4222974479198456,0.3986523449420929,0.4061526656150818,0.41172516345977783,0.4152616560459137,0.3934594392776489,0.3997951149940491,0.4054112136363983,0.40986138582229614,0.39115193486213684,0.3946870267391205,0.39946404099464417,0.4038780927658081,0.8171814680099487,0.8308232426643372,0.8586589694023132,0.8875321745872498,0.9093093872070312,0.8847920298576355,0.9178452491760254,0.9343970417976379,0.948320746421814,0.88722825050354,0.9205510020256042,0.9384021759033203,0.951931357383728,0.8853034377098083,0.9153413772583008,0.9314982891082764,0.9427139759063721,0.8825023174285889,0.9070262312889099,0.9198036789894104,0.9280574917793274,0.6141292452812195,0.5976731777191162,0.5914922952651978,0.5903769731521606,0.5876584053039551,0.6090508103370667,0.6025970578193665,0.5965221524238586,0.5917112231254578,0.6177229881286621,0.6109682321548462,0.6032319664955139,0.5966675281524658,0.6222296953201294,0.6166589260101318,0.6093301177024841,0.6029965281486511,0.623820424079895,0.6196974515914917,0.6141898036003113,0.6088693737983704,0.8082138299942017,0.823863685131073,0.8529818654060364,0.8818184733390808,0.9032166004180908,0.8769621849060059,0.9116876721382141,0.9273728728294373,0.9384733438491821,0.8783491253852844,0.9129194021224976,0.9272857904434204,0.9360077381134033,0.8759981393814087,0.90726637840271,0.921666145324707,0.9304680824279785,0.8729674816131592,0.8993817567825317,0.9121354222297668,0.9197254180908203,0.5020538568496704,0.5135837197303772,0.5197961330413818,0.5249297618865967,0.4926333725452423,0.4865633547306061,0.4800642430782318,0.5341941118240356,0.47095534205436707,0.5148161053657532,0.48978501558303833,0.5873838067054749,0.4243088662624359,0.6085836887359619,0.40225985646247864,0.6133577823638916,0.4022381603717804,0.6171187162399292,0.4001566767692566,0.6044812798500061,0.4140583872795105,0.598820686340332,0.42112797498703003,0.5566673874855042,0.45602038502693176,0.5607754588127136,0.4478527307510376,0.5451710224151611,0.4375602602958679,0.5447242856025696,0.4367623031139374,0.524542510509491,0.45012786984443665,0.19594205915927887,0.17171183228492737,0.17470547556877136,0.17753273248672485,0.17006780207157135,0.17148876190185547,0.1736229956150055,0.19708500802516937,0.1922302544116974,0.22951725125312805,0.22713248431682587,0.3792911469936371,0.3868514597415924,0.6077589988708496,0.6167397499084473,0.8090508580207825,0.8177856802940369,0.8737366795539856,0.8858866095542908,0.873770534992218,0.8793375492095947,0.8537847995758057,0.8573424220085144,0.8611159324645996,0.8609351515769958,1.1993910074234009,1.146788477897644,1.4933987855911255,1.4741582870483398,1.52549147605896,1.5175145864486694,1.6049423217773438,1.5817402601242065
0.39738965034484863,0.41546106338500977,0.4228518009185791,0.4243693947792053,0.42676931619644165,0.40765181183815,0.41486358642578125,0.4193851351737976,0.42243528366088867,0.3982573449611664,0.4058385491371155,0.4115036427974701,0.41508185863494873,0.3931110203266144,0.39939260482788086,0.4049851894378662,0.4094054400920868,0.3909017741680145,0.39432504773139954,0.3989591598510742,0.4032629728317261,0.8169687986373901,0.8305785059928894,0.858339786529541,0.8871898651123047,0.9091183543205261,0.8852583765983582,0.9181539416313171,0.9346569776535034,0.9486227035522461,0.8875624537467957,0.9208616614341736,0.938652515411377,0.9519904851913452,0.8853004574775696,0.9151627421379089,0.9314771890640259,0.9428378939628601,0.8820621371269226,0.9064010381698608,0.9192103147506714,0.9274844527244568,0.6143901348114014,0.5978279113769531,0.5916176438331604,0.590463399887085,0.5878087878227234,0.6091182231903076,0.6026712656021118,0.5964983105659485,0.5915947556495667,0.6178651452064514,0.6112744808197021,0.6035019159317017,0.596903383731842,0.6224268078804016,0.6170860528945923,0.6097466349601746,0.6033798456192017,0.6240214705467224,0.620079517364502,0.6146357655525208,0.6093207597732544,0.8075119256973267,0.8236522078514099,0.8527469635009766,0.8815225958824158,0.9030470252037048,0.8766421675682068,0.9112045168876648,0.9267268180847168,0.937635064125061,0.8778663277626038,0.9122161269187927,0.9266645908355713,0.935492217540741,0.8754110932350159,0.9064571857452393,0.9211280345916748,0.9302340149879456,0.8721252083778381,0.8985249996185303,0.911521315574646,0.9192389845848083,0.5019896626472473,0.513634443283081,0.5198858380317688,0.5249415040016174,0.4926343262195587,0.48655951023101807,0.4800657033920288,0.5341995358467102,0.47102412581443787,0.5146677494049072,0.4897589385509491,0.5873717069625854,0.42431071400642395,0.6085850596427917,0.4023090898990631,0.6133696436882019,0.40226098895072937,0.6171309947967529,0.4002143442630768,0.6044845581054688,0.41409245133399963,0.5988455414772034,0.4212486147880554,0.5563191771507263,0.4558630585670471,0.5598297715187073,0.4484456777572632,0.5441519618034363,0.43833819031715393,0.5437544584274292,0.4373878240585327,0.5235955119132996,0.45107796788215637,0.19579637050628662,0.17173711955547333,0.1747717559337616,0.17762994766235352,0.16984190046787262,0.17115120589733124,0.17320337891578674,0.19718456268310547,0.19166722893714905,0.2294212430715561,0.22675563395023346,0.3796239197254181,0.38684791326522827,0.607761561870575,0.6167150735855103,0.8080358505249023,0.8179309964179993,0.8718773722648621,0.8859302997589111,0.8719046711921692,0.879357099533081,0.8521813154220581,0.8574251532554626,0.8598275780677795,0.8599693179130554,1.1967601776123047,1.1461488008499146,1.4909694194793701,1.474137783050537,1.5229822397232056,1.5171877145767212,1.6030008792877197,1.582937479019165
0.3977622985839844,0.41590559482574463,0.4230850338935852,0.4245917499065399,0.42684921622276306,0.40735188126564026,0.4145485758781433,0.41892722249031067,0.4219515919685364,0.39791810512542725,0.40549153089523315,0.41125261783599854,0.41481640934944153,0.39276784658432007,0.3989202678203583,0.4050864577293396,0.40980064868927,0.3907158672809601,0.39417168498039246,0.3992433249950409,0.4038030207157135,0.8169147968292236,0.8312804698944092,0.8587741255760193,0.8876007199287415,0.9097065925598145,0.8847076296806335,0.9184151291847229,0.9349485635757446,0.9490671753883362,0.887110710144043,0.9216031432151794,0.9392998814582825,0.9523777365684509,0.8847878575325012,0.9154353737831116,0.930570125579834,0.9405329823493958,0.8816350698471069,0.9068372249603271,0.9193119406700134,0.9269142746925354,0.6145615577697754,0.5977588891983032,0.5915476679801941,0.5906014442443848,0.5878403782844543,0.6093726754188538,0.6030356287956238,0.5968391299247742,0.5919052958488464,0.6180732250213623,0.6111918091773987,0.6032865047454834,0.5965203642845154,0.6224682331085205,0.6167181134223938,0.6091586947441101,0.602580189704895,0.6239240169525146,0.6197553873062134,0.6141427755355835,0.6086611747741699,0.8073539733886719,0.8237512111663818,0.8527461290359497,0.8818553686141968,0.9035250544548035,0.8761027455329895,0.9107590913772583,0.9266238212585449,0.938005268573761,0.8778207302093506,0.9122192859649658,0.927063524723053,0.9364724159240723,0.8758416175842285,0.9071276187896729,0.9218708872795105,0.9309982657432556,0.873096764087677,0.8996831774711609,0.912763237953186,0.920610249042511,0.5019059181213379,0.5137240290641785,0.5199911594390869,0.5249740481376648,0.4926240146160126,0.48652955889701843,0.4800471067428589,0.5342351794242859,0.47105810046195984,0.5145643353462219,0.48957714438438416,0.5873286724090576,0.4243163764476776,0.6085813641548157,0.402387410402298,0.613404393196106,0.4022824168205261,0.617141842842102,0.40023550391197205,0.6045330762863159,0.4141148328781128,0.5989496111869812,0.4213523268699646,0.5561798214912415,0.4555961787700653,0.5585136413574219,0.44852378964424133,0.5443732142448425,0.4389705955982208,0.5441491603851318,0.4380160868167877,0.5235127210617065,0.45130521059036255,0.19567811489105225,0.17175349593162537,0.17483048141002655,0.17772088944911957,0.16943809390068054,0.17057496309280396,0.17250356078147888,0.19725751876831055,0.19072499871253967,0.22941097617149353,0.2264062762260437,0.3797805607318878,0.3868559002876282,0.6077679395675659,0.6167218685150146,0.8073880672454834,0.8179374933242798,0.8709010481834412,0.8859373927116394,0.871033787727356,0.8793646097183228,0.8514323234558105,0.8574349284172058,0.8599702715873718,0.8600878119468689,1.1956288814544678,1.1458332538604736,1.489364504814148,1.476243495941162,1.5213220119476318,1.5188508033752441,1.6009256839752197,1.587266445159912
0.3975096344947815,0.4156734347343445,0.4230198860168457,0.42470782995224,0.4268645644187927,0.4074036180973053,0.4145468771457672,0.41872385144233704,0.4216082990169525,0.397945374250412,0.4052821397781372,0.41083046793937683,0.41430896520614624,0.3928205072879791,0.3987247049808502,0.40483400225639343,0.40957075357437134,0.39085933566093445,0.3942582309246063,0.3993639349937439,0.4039502739906311,0.8156325221061707,0.8309147357940674,0.8588203191757202,0.8878340125083923,0.9100464582443237,0.8847404718399048,0.9190529584884644,0.9355555176734924,0.9497008323669434,0.8870460391044617,0.9219355583190918,0.9394465088844299,0.9521794319152832,0.8846740126609802,0.9155679941177368,0.9304274320602417,0.939853847026825,0.8815228939056396,0.9068408012390137,0.9192757606506348,0.926657497882843,0.6139653921127319,0.5973097681999207,0.5913574695587158,0.5905428528785706,0.5878360271453857,0.609212338924408,0.6029270887374878,0.5968359112739563,0.5920429229736328,0.6179462671279907,0.6111357808113098,0.6033399701118469,0.5966932773590088,0.6224276423454285,0.6167042255401611,0.6092710494995117,0.602837324142456,0.6239463090896606,0.6197251677513123,0.6141148805618286,0.6086694002151489,0.8078956007957458,0.8245466351509094,0.853187084197998,0.8821266889572144,0.9037268161773682,0.8765923380851746,0.9109665155410767,0.9266373515129089,0.9379116296768188,0.8781507611274719,0.9122998714447021,0.9270056486129761,0.9364218711853027,0.8760296106338501,0.9072257280349731,0.9217948317527771,0.9309813380241394,0.8731836080551147,0.8997097611427307,0.9126713871955872,0.9205131530761719,0.5019019842147827,0.5138418674468994,0.5200745463371277,0.524999737739563,0.492629736661911,0.48652786016464233,0.4800519347190857,0.5342976450920105,0.4711197316646576,0.5145461559295654,0.4895647466182709,0.5873237252235413,0.4243220388889313,0.6085813641548157,0.4024716317653656,0.6134323477745056,0.4023146629333496,0.617169201374054,0.40027910470962524,0.6045576333999634,0.4141300618648529,0.5989950895309448,0.42143362760543823,0.5560256242752075,0.45539286732673645,0.5585328936576843,0.44874441623687744,0.5444369912147522,0.43950340151786804,0.5442296862602234,0.4386335015296936,0.5235387086868286,0.45183756947517395,0.19558404386043549,0.17176130414009094,0.17483486235141754,0.17772069573402405,0.16920672357082367,0.17024603486061096,0.17211459577083588,0.19725041091442108,0.1901879608631134,0.229338601231575,0.2260633260011673,0.3798854649066925,0.38685211539268494,0.6077760457992554,0.6167182326316833,0.807130753993988,0.8179501295089722,0.8703246116638184,0.885945737361908,0.8705001473426819,0.8793706893920898,0.8509579300880432,0.857452929019928,0.8603152632713318,0.860020637512207,1.1975951194763184,1.1454565525054932,1.4908288717269897,1.4755338430404663,1.5227898359298706,1.51836359500885,1.6017646789550781,1.5860873460769653
0.39778199791908264,0.4157433807849884,0.4230191111564636,0.42479467391967773,0.42697638273239136,0.40732625126838684,0.4146152436733246,0.4189123213291168,0.4218442440032959,0.3978472054004669,0.4053540825843811,0.4111182987689972,0.41475915908813477,0.3927323818206787,0.39861586689949036,0.40466564893722534,0.40930598974227905,0.3908596336841583,0.39418166875839233,0.3992021381855011,0.40369680523872375,0.8151366710662842,0.8310726284980774,0.8589248657226562,0.8878644704818726,0.9101381301879883,0.8845917582511902,0.9188042879104614,0.9352813959121704,0.9495234489440918,0.8870275020599365,0.9219216108322144,0.9393590092658997,0.9521920680999756,0.884515643119812,0.9157232046127319,0.9309298396110535,0.9407302737236023,0.881183385848999,0.9067668914794922,0.9195740222930908,0.9273242950439453,0.6144782900810242,0.5976650714874268,0.5914497971534729,0.5904636979103088,0.5878394246101379,0.6094493269920349,0.6029669046401978,0.5967445969581604,0.5917986631393433,0.6181392669677734,0.6111726760864258,0.6032715439796448,0.5965448617935181,0.6225858330726624,0.6166924834251404,0.609177827835083,0.6026813983917236,0.6240746378898621,0.6197390556335449,0.6140986680984497,0.6086524724960327,0.8078766465187073,0.8242430686950684,0.8528844714164734,0.8815878629684448,0.9032160639762878,0.8762929439544678,0.9110017418861389,0.9267503023147583,0.9379011988639832,0.8779354691505432,0.9124730825424194,0.9271866083145142,0.9364467263221741,0.8759365677833557,0.9074329137802124,0.9221168756484985,0.9312595725059509,0.873149037361145,0.8998374342918396,0.9129334688186646,0.9208136796951294,0.5018991827964783,0.5139580965042114,0.5201542973518372,0.5250132083892822,0.4926973879337311,0.4865485429763794,0.4801301062107086,0.5342995524406433,0.47118493914604187,0.5145232081413269,0.48956096172332764,0.5873119235038757,0.4243372976779938,0.6085891723632812,0.4024956524372101,0.6135053038597107,0.40231025218963623,0.6171726584434509,0.4002791941165924,0.604630172252655,0.41412898898124695,0.5991652607917786,0.4214420020580292,0.5558423399925232,0.45524516701698303,0.5585547685623169,0.44842764735221863,0.5445376038551331,0.43937036395072937,0.5443423986434937,0.4385136365890503,0.5236659646034241,0.4522331953048706,0.19559000432491302,0.17218098044395447,0.17517346143722534,0.17794010043144226,0.16923809051513672,0.17024168372154236,0.17208801209926605,0.19726331532001495,0.1899978071451187,0.22932758927345276,0.2259415239095688,0.37999045848846436,0.3867780566215515,0.6078444719314575,0.6165879964828491,0.807120680809021,0.8179562091827393,0.870246946811676,0.8859527111053467,0.8703533411026001,0.8793765306472778,0.8507959246635437,0.8574485778808594,0.8608719706535339,0.8600667715072632,1.1996835470199585,1.1460156440734863,1.493269920349121,1.4759187698364258,1.5251057147979736,1.518644094467163,1.6045104265213013,1.5862879753112793
0.397918164730072,0.41572386026382446,0.4229305684566498,0.4247588813304901,0.4270094335079193,0.4073507785797119,0.4145730137825012,0.4187813103199005,0.42161059379577637,0.3979043960571289,0.40534666180610657,0.41110706329345703,0.41469231247901917,0.392774760723114,0.39861151576042175,0.40454304218292236,0.409077912569046,0.3908569812774658,0.39411425590515137,0.39904502034187317,0.4035269021987915,0.8158230185508728,0.8316390514373779,0.8590008020401001,0.8878350257873535,0.9101548194885254,0.8850122094154358,0.9192330241203308,0.935619056224823,0.9497230052947998,0.8874784111976624,0.9222596287727356,0.9394072890281677,0.9519134759902954,0.885044276714325,0.9160451889038086,0.9311360120773315,0.9408026337623596,0.8816137313842773,0.9068189859390259,0.9193242192268372,0.9268079400062561,0.6144951581954956,0.5977020859718323,0.5915044546127319,0.5905829071998596,0.587759256362915,0.6093423962593079,0.6029555201530457,0.5967499017715454,0.5917965769767761,0.6180962324142456,0.6112595796585083,0.603346049785614,0.5965869426727295,0.622556746006012,0.6168177127838135,0.609288215637207,0.6027863025665283,0.6240127086639404,0.6197108030319214,0.6140701174736023,0.6086512207984924,0.8077957630157471,0.8237646222114563,0.8527784943580627,0.8818215727806091,0.9035291075706482,0.8763221502304077,0.9111614227294922,0.9269015192985535,0.937988817691803,0.8779985904693604,0.912720799446106,0.9273808598518372,0.936356782913208,0.8759569525718689,0.9074437022209167,0.9219778776168823,0.930899441242218,0.8731334805488586,0.8997805714607239,0.912706732749939,0.9204210638999939,0.5019109845161438,0.5141061544418335,0.5202562808990479,0.5250536799430847,0.49275490641593933,0.48655858635902405,0.48016175627708435,0.5343323349952698,0.47120943665504456,0.5145356059074402,0.4895581603050232,0.5872692465782166,0.4244144558906555,0.6085970997810364,0.4025343358516693,0.6135572791099548,0.4023016095161438,0.6171729564666748,0.4002735912799835,0.604652464389801,0.4141293466091156,0.5992525815963745,0.4214586019515991,0.5557881593704224,0.45524147152900696,0.558539092540741,0.447174996137619,0.5437513589859009,0.43836739659309387,0.5434103012084961,0.4375752806663513,0.5228487849235535,0.45190536975860596,0.1955111175775528,0.17225873470306396,0.17523933947086334,0.17797966301441193,0.16920757293701172,0.17017175257205963,0.17195996642112732,0.19726239144802094,0.18980707228183746,0.22919879853725433,0.22565114498138428,0.38000059127807617,0.3866885006427765,0.607831597328186,0.6164027452468872,0.8071619868278503,0.8179517388343811,0.8702386021614075,0.8859550356864929,0.870343029499054,0.8793272972106934,0.8507788181304932,0.8573196530342102,0.8611062169075012,0.8600986003875732,1.2020792961120605,1.1462244987487793,1.4961190223693848,1.476019263267517,1.527705192565918,1.5187517404556274,1.608429193496704,1.5866535902023315
0.3977813422679901,0.4157414734363556,0.42313089966773987,0.4248755872249603,0.4268743395805359,0.40739208459854126,0.4145526885986328,0.4187855124473572,0.421653687953949,0.3979930281639099,0.4054306447505951,0.41120290756225586,0.41487061977386475,0.39289233088493347,0.3988431692123413,0.4047221541404724,0.4092957079410553,0.39095550775527954,0.3942354917526245,0.3990675210952759,0.403486043214798,0.8159896731376648,0.8314787149429321,0.8587191104888916,0.8877700567245483,0.9099857211112976,0.8847218155860901,0.9190961122512817,0.9354983568191528,0.9496446847915649,0.8873574733734131,0.9220914840698242,0.9393449425697327,0.9519774913787842,0.8852447867393494,0.9164784550666809,0.9321413636207581,0.9422923922538757,0.8820328116416931,0.9072539210319519,0.9199908971786499,0.9277524948120117,0.6142906546592712,0.5976064801216125,0.5915715098381042,0.5905380249023438,0.5876643657684326,0.6093170642852783,0.6028520464897156,0.5967220664024353,0.5918527841567993,0.6181938052177429,0.6112489700317383,0.6033478379249573,0.5966021418571472,0.6227623820304871,0.6170399785041809,0.6094818711280823,0.6029227375984192,0.6242806911468506,0.6201080679893494,0.6144589781761169,0.6090267896652222,0.8080671429634094,0.8244631290435791,0.8533741235733032,0.8823694586753845,0.9040642976760864,0.8764328956604004,0.9121372103691101,0.9279037714004517,0.9388542175292969,0.8779332041740417,0.9134785532951355,0.9280359745025635,0.9364474415779114,0.8757049441337585,0.9075407385826111,0.9221152663230896,0.9308337569236755,0.8726463317871094,0.8992988467216492,0.9121407270431519,0.9196736216545105,0.5019217133522034,0.5143011212348938,0.5203863978385925,0.5251370668411255,0.49282360076904297,0.4865766763687134,0.4802060127258301,0.5344099402427673,0.47123822569847107,0.5145466327667236,0.4895550608634949,0.58725506067276,0.4244273900985718,0.6086015701293945,0.4025421142578125,0.6135841012001038,0.40229514241218567,0.617165207862854,0.4002562463283539,0.6046636700630188,0.41412684321403503,0.5993298888206482,0.4214695692062378,0.5557771921157837,0.4552241861820221,0.5585540533065796,0.44727838039398193,0.5437940955162048,0.4384401738643646,0.5434685349464417,0.4377402663230896,0.522909939289093,0.4524393379688263,0.19551412761211395,0.17263050377368927,0.17553037405014038,0.17816001176834106,0.16928277909755707,0.1701919287443161,0.17195050418376923,0.19729997217655182,0.1897268146276474,0.22919012606143951,0.22555942833423615,0.37999701499938965,0.38661330938339233,0.6078341603279114,0.6163402795791626,0.8074019551277161,0.8179500102996826,0.8704875707626343,0.8859608173370361,0.870546817779541,0.8793236613273621,0.8510169982910156,0.8572717905044556,0.8612573742866516,0.8601723313331604,1.2023122310638428,1.1470870971679688,1.4965368509292603,1.4782297611236572,1.5280958414077759,1.520542025566101,1.6092942953109741,1.5907076597213745
0.39778396487236023,0.41598689556121826,0.4232805073261261,0.4248952567577362,0.4269426167011261,0.40761598944664,0.4146333336830139,0.4188515841960907,0.4217848777770996,0.39816582202911377,0.4054613709449768,0.41124382615089417,0.414946585893631,0.39299824833869934,0.39894935488700867,0.4048789143562317,0.4094510078430176,0.3910009264945984,0.3943732976913452,0.3993649184703827,0.4039081633090973,0.8163352608680725,0.8316504955291748,0.8589726686477661,0.8878929615020752,0.9100161790847778,0.8845897912979126,0.9188070297241211,0.9353217482566833,0.9494840502738953,0.8871286511421204,0.9218213558197021,0.9392517805099487,0.9521237015724182,0.8850593566894531,0.9162864089012146,0.9320092797279358,0.9423779845237732,0.8820266723632812,0.9075905084609985,0.9204917550086975,0.9283998012542725,0.6140482425689697,0.5974903106689453,0.591617226600647,0.5905531048774719,0.5876827239990234,0.6093716025352478,0.6026445031166077,0.5964124798774719,0.5915219783782959,0.6181460022926331,0.6110973358154297,0.6031540632247925,0.5965158939361572,0.622678279876709,0.6169073581695557,0.6094619631767273,0.6030305624008179,0.6241387128829956,0.6200358867645264,0.6144691109657288,0.6090603470802307,0.8076152801513672,0.8245130777359009,0.8535186648368835,0.8821422457695007,0.9036782383918762,0.8766669631004333,0.9121926426887512,0.9275856018066406,0.9381647706031799,0.8778142929077148,0.9133501648902893,0.9276150465011597,0.9359099268913269,0.8753024935722351,0.9071676731109619,0.9220367670059204,0.9310641288757324,0.8719772100448608,0.8987455368041992,0.9120115637779236,0.9198399782180786,0.5019552111625671,0.5145540237426758,0.5205522179603577,0.5252841711044312,0.49289143085479736,0.48659005761146545,0.48023340106010437,0.5345805287361145,0.47125425934791565,0.5146040320396423,0.489553302526474,0.5872489213943481,0.424441397190094,0.608599841594696,0.4025478959083557,0.6136218309402466,0.4022926688194275,0.617188572883606,0.4001978039741516,0.604783833026886,0.41410791873931885,0.599537193775177,0.42147576808929443,0.555766224861145,0.45519018173217773,0.5591512322425842,0.4474029242992401,0.5461320877075195,0.4386554956436157,0.5462134480476379,0.43793508410453796,0.5255873203277588,0.45256197452545166,0.1955496221780777,0.1730799823999405,0.17590127885341644,0.17840850353240967,0.16937582194805145,0.17022192478179932,0.1719421148300171,0.19745267927646637,0.1897001415491104,0.22919155657291412,0.22553591430187225,0.37997525930404663,0.38651400804519653,0.6077877879142761,0.6162585616111755,0.8073667883872986,0.817955493927002,0.8703842163085938,0.885972797870636,0.8704736232757568,0.8793579936027527,0.850936770439148,0.8572726845741272,0.86124187707901,0.8602591753005981,1.2015460729599,1.1470469236373901,1.4973491430282593,1.4779982566833496,1.530012607574463,1.5205265283584595,1.609716773033142,1.5896719694137573
0.3977035880088806,0.41582629084587097,0.42303940653800964,0.4247913360595703,0.42710059881210327,0.40757712721824646,0.41466566920280457,0.418857216835022,0.42178061604499817,0.398092657327652,0.40546321868896484,0.4112125635147095,0.4148448407649994,0.3928721845149994,0.39877891540527344,0.40469348430633545,0.40917304158210754,0.39082071185112,0.39421799778938293,0.39917635917663574,0.4036039412021637,0.8168509602546692,0.8318114280700684,0.8594241738319397,0.8880855441093445,0.9099096059799194,0.8848849534988403,0.9191743731498718,0.9355226159095764,0.9494667053222656,0.8873320817947388,0.9221154451370239,0.939349889755249,0.9518601894378662,0.8850014805793762,0.9160298109054565,0.9311783313751221,0.9409549832344055,0.8816990256309509,0.9070898294448853,0.9197426438331604,0.9272903800010681,0.6140950322151184,0.5976747870445251,0.5915907621383667,0.5903598070144653,0.5875610709190369,0.6092706322669983,0.6025021076202393,0.5963016748428345,0.5914585590362549,0.6180559992790222,0.6109912395477295,0.6031081080436707,0.5965226292610168,0.6226457953453064,0.6169044971466064,0.6095523238182068,0.6031851172447205,0.6242097020149231,0.6201608180999756,0.6146703958511353,0.6093448400497437,0.8073384165763855,0.824465811252594,0.8535342812538147,0.8821247220039368,0.9036612510681152,0.8767151832580566,0.9121584296226501,0.9274171590805054,0.9379761815071106,0.8778719902038574,0.9133622646331787,0.9276139140129089,0.9359071254730225,0.8753001689910889,0.9071329832077026,0.9219673275947571,0.9309487342834473,0.8718355298042297,0.8985247015953064,0.9116772413253784,0.919468104839325,0.5019562840461731,0.5147010087966919,0.5206643342971802,0.525370180606842,0.4929235875606537,0.48659569025039673,0.48025384545326233,0.5346689820289612,0.4712868630886078,0.514609158039093,0.4895414710044861,0.5872441530227661,0.424494206905365,0.6085955500602722,0.4025536775588989,0.6136434078216553,0.4022957980632782,0.617199718952179,0.4001350700855255,0.6048675179481506,0.4140912592411041,0.5996854305267334,0.4214911162853241,0.555764377117157,0.4551853537559509,0.5591798424720764,0.4477517902851105,0.546589732170105,0.4391692578792572,0.5468334555625916,0.43839770555496216,0.5261228084564209,0.45400723814964294,0.1957392692565918,0.17375142872333527,0.17644241452217102,0.17878074944019318,0.1697748601436615,0.17047269642353058,0.1720123142004013,0.1976575404405594,0.1896950900554657,0.22925469279289246,0.2255224734544754,0.37996765971183777,0.38647663593292236,0.6076300740242004,0.6162109971046448,0.807275652885437,0.817961573600769,0.8701050877571106,0.8859957456588745,0.8703348636627197,0.8793692588806152,0.850806474685669,0.8572522401809692,0.8611204028129578,0.8603172302246094,1.201012372970581,1.147551417350769,1.4982244968414307,1.4792110919952393,1.5314427614212036,1.5216820240020752,1.6107025146484375,1.5911767482757568
0.39762839674949646,0.41571205854415894,0.4231145679950714,0.42491674423217773,0.4270767867565155,0.40757524967193604,0.4146735966205597,0.41890284419059753,0.4218220114707947,0.3981705605983734,0.4055584669113159,0.41119012236595154,0.4147339165210724,0.3929883539676666,0.398983359336853,0.4047892689704895,0.40926042199134827,0.39093202352523804,0.39440372586250305,0.3992619216442108,0.4036710858345032,0.8167048692703247,0.8317205905914307,0.8592332005500793,0.8879468441009521,0.9099323153495789,0.884850263595581,0.9189438223838806,0.9353208541870117,0.9493346810340881,0.8874045610427856,0.9218711853027344,0.9392633438110352,0.9520946145057678,0.8853712677955627,0.9162880778312683,0.9318968057632446,0.9422343373298645,0.8822691440582275,0.9075204133987427,0.9201850891113281,0.9278247356414795,0.6141600012779236,0.5977144241333008,0.591660737991333,0.590327262878418,0.5874415636062622,0.6091076135635376,0.60255366563797,0.5964221358299255,0.5915955901145935,0.6179706454277039,0.6109732985496521,0.6030970215797424,0.5964600443840027,0.6226229667663574,0.6169341802597046,0.6095524430274963,0.6030959486961365,0.6242616176605225,0.6201887726783752,0.6146875023841858,0.6093697547912598,0.8074928522109985,0.8246777057647705,0.8537707328796387,0.8823959231376648,0.9038974642753601,0.8764289021492004,0.9121436476707458,0.9276272654533386,0.9383402466773987,0.8778215050697327,0.9135732650756836,0.9278204441070557,0.935865044593811,0.8754568696022034,0.9074196815490723,0.9221653938293457,0.9308677315711975,0.8721745014190674,0.8987104296684265,0.9117050170898438,0.9192748665809631,0.5019594430923462,0.5148017406463623,0.5207507014274597,0.5254334807395935,0.49296799302101135,0.4866103529930115,0.4802919626235962,0.5347387790679932,0.47132790088653564,0.5146147012710571,0.48953893780708313,0.5872309803962708,0.42452776432037354,0.6085940003395081,0.4025551378726959,0.6136606335639954,0.4023015797138214,0.6172014474868774,0.4000667929649353,0.6049152612686157,0.4140716791152954,0.5998119115829468,0.4215010106563568,0.555767834186554,0.45523449778556824,0.5591987371444702,0.447814404964447,0.5468149185180664,0.4393027126789093,0.5470865368843079,0.4385525584220886,0.5267614722251892,0.454083651304245,0.19601163268089294,0.17439669370651245,0.17695944011211395,0.1791382133960724,0.17024868726730347,0.17080926895141602,0.172139510512352,0.19788886606693268,0.18970303237438202,0.2293953001499176,0.22553150355815887,0.37996605038642883,0.3864525258541107,0.6074478030204773,0.6161502599716187,0.8072108626365662,0.8179689049720764,0.8700392842292786,0.8860199451446533,0.8703173995018005,0.8793830871582031,0.8507640957832336,0.8572409152984619,0.861078143119812,0.8602579832077026,1.2005841732025146,1.1478546857833862,1.4982448816299438,1.4792797565460205,1.5314170122146606,1.5215774774551392,1.6107295751571655,1.5915426015853882
0.39771828055381775,0.4158245921134949,0.4230746924877167,0.42480939626693726,0.4270883798599243,0.40744245052337646,0.41460469365119934,0.41889429092407227,0.4218619167804718,0.3979646563529968,0.40550175309181213,0.4113157093524933,0.4149443209171295,0.39275285601615906,0.3988147974014282,0.4047916531562805,0.40929579734802246,0.3907329738140106,0.39418819546699524,0.39918267726898193,0.4036591947078705,0.8173097372055054,0.8319907784461975,0.8591134548187256,0.8877518773078918,0.9097516536712646,0.8848917484283447,0.9189987778663635,0.9353377819061279,0.9492710828781128,0.887489378452301,0.9220634698867798,0.9392995238304138,0.9518661499023438,0.8853238821029663,0.916352391242981,0.9315324425697327,0.9414433836936951,0.882152795791626,0.907432496547699,0.9199737310409546,0.927483320236206,0.614414393901825,0.5978320240974426,0.5916322469711304,0.5902794599533081,0.5874643325805664,0.6093608736991882,0.6026840209960938,0.5964205861091614,0.5915083289146423,0.618086576461792,0.6110388040542603,0.6031380891799927,0.5964798927307129,0.6225772500038147,0.6167585849761963,0.6093205809593201,0.6028409600257874,0.6240795850753784,0.6199268102645874,0.6143724322319031,0.6089633107185364,0.8072186708450317,0.8241841197013855,0.8533535599708557,0.8819997310638428,0.9035709500312805,0.8767789006233215,0.9118837714195251,0.9272244572639465,0.937782883644104,0.8781725168228149,0.9133408069610596,0.9276252388954163,0.9359501004219055,0.8758743405342102,0.9075571894645691,0.92233806848526,0.9312463402748108,0.8726316690444946,0.8992462158203125,0.9123510122299194,0.9200498461723328,0.5019627809524536,0.5148943662643433,0.5208227634429932,0.525483250617981,0.4930042326450348,0.48662376403808594,0.48033252358436584,0.5348042845726013,0.47137680649757385,0.514615535736084,0.4895365834236145,0.5872161388397217,0.42457062005996704,0.6085928082466125,0.40255898237228394,0.6136798858642578,0.4023014307022095,0.6172032952308655,0.4000225067138672,0.6049281358718872,0.41405948996543884,0.5998707413673401,0.42150747776031494,0.5557695031166077,0.4552324116230011,0.5594908595085144,0.44799914956092834,0.547169029712677,0.439717561006546,0.5474947094917297,0.4390653967857361,0.5271236300468445,0.45439115166664124,0.19610561430454254,0.17468349635601044,0.17719018459320068,0.17930017411708832,0.1704363375902176,0.1709427833557129,0.17218148708343506,0.1980839967727661,0.1897047609090805,0.22943441569805145,0.22552335262298584,0.3799682557582855,0.386413037776947,0.6073971390724182,0.6159999370574951,0.8072421550750732,0.8179737329483032,0.87003493309021,0.886026918888092,0.8703234195709229,0.8793985247612,0.8507676124572754,0.8572367429733276,0.8610760569572449,0.860368013381958,1.2012953758239746,1.147996425628662,1.4997613430023193,1.4789186716079712,1.5329909324645996,1.5211946964263916,1.6115217208862305,1.590855360031128
0.397707998752594,0.41578924655914307,0.42323267459869385,0.42487961053848267,0.42697691917419434,0.4075489342212677,0.41461676359176636,0.41874197125434875,0.4215773344039917,0.39799708127975464,0.4053463637828827,0.4111085832118988,0.4147090017795563,0.39277544617652893,0.3986735939979553,0.4046587347984314,0.4092402160167694,0.3908065855503082,0.3942250907421112,0.39928191900253296,0.4038117229938507,0.8173599243164062,0.8320963978767395,0.8589887619018555,0.887860894203186,0.9100155234336853,0.8847090005874634,0.9193021655082703,0.9356955289840698,0.9495458602905273,0.8872889876365662,0.9223271608352661,0.9394384622573853,0.9517516493797302,0.8852628469467163,0.916596531867981,0.9318441152572632,0.9415289759635925,0.8821307420730591,0.9075441360473633,0.9202122688293457,0.9276766180992126,0.6144227385520935,0.597758948802948,0.5915148258209229,0.5902753472328186,0.5875946283340454,0.6091716289520264,0.6027576923370361,0.5965656638145447,0.5916351675987244,0.6178798079490662,0.6111347079277039,0.6033316254615784,0.5966480374336243,0.6223624348640442,0.6167848110198975,0.6093496084213257,0.6028257608413696,0.6238464713096619,0.6197720170021057,0.614229679107666,0.6088705658912659,0.807772159576416,0.824385941028595,0.8533487915992737,0.8820471167564392,0.9035735726356506,0.8764461874961853,0.9117224216461182,0.9273287653923035,0.9380327463150024,0.8782157897949219,0.9133785367012024,0.9277032017707825,0.93609219789505,0.876430094242096,0.9081078171730042,0.9225679039955139,0.9311815500259399,0.8737542033195496,0.9002909064292908,0.9131566286087036,0.9206571578979492,0.5019661784172058,0.5150162577629089,0.5209072232246399,0.5255903601646423,0.4930216073989868,0.4866282641887665,0.4803462624549866,0.53497713804245,0.4714161455631256,0.5146342515945435,0.48953527212142944,0.5872102975845337,0.4246366322040558,0.6085832715034485,0.40256267786026,0.6136845946311951,0.40230080485343933,0.617193341255188,0.3999899625778198,0.6049439311027527,0.41404852271080017,0.5999351143836975,0.42151281237602234,0.5557677745819092,0.4552368223667145,0.5597482323646545,0.448984831571579,0.5473306179046631,0.44007495045661926,0.547671914100647,0.4392886757850647,0.5272120237350464,0.4549655318260193,0.19613318145275116,0.17478102445602417,0.17725130915641785,0.17933619022369385,0.1705242097377777,0.17101174592971802,0.17220266163349152,0.19812989234924316,0.18970650434494019,0.22944337129592896,0.22550936043262482,0.37994274497032166,0.38630756735801697,0.6071205735206604,0.6158171892166138,0.8072373270988464,0.8180102109909058,0.8700248599052429,0.8860830664634705,0.8703441023826599,0.8794695734977722,0.8507897257804871,0.8572603464126587,0.8610348701477051,0.8604850172996521,1.2015522718429565,1.147965431213379,1.5008009672164917,1.4786686897277832,1.5338863134384155,1.5209181308746338,1.6129212379455566,1.5905619859695435
0.39794984459877014,0.41596126556396484,0.4232732951641083,0.4249206483364105,0.4269942343235016,0.4076633155345917,0.41462796926498413,0.41875675320625305,0.4215683043003082,0.3980911076068878,0.40534844994544983,0.4110725224018097,0.41464242339134216,0.39286261796951294,0.3986384868621826,0.4046216905117035,0.4092079997062683,0.3908981680870056,0.39415737986564636,0.3991944193840027,0.40374186635017395,0.8172762989997864,0.8323240280151367,0.8593449592590332,0.8880867958068848,0.9100833535194397,0.8847286105155945,0.9190953969955444,0.9355275630950928,0.9494690299034119,0.8871933817863464,0.9220844507217407,0.9393585324287415,0.9519165754318237,0.8850828409194946,0.9163548350334167,0.9316784143447876,0.9414421916007996,0.8819081783294678,0.9073036909103394,0.9200178384780884,0.9275005459785461,0.6141691207885742,0.5974684357643127,0.591485321521759,0.590415894985199,0.5875502228736877,0.6089000701904297,0.6026906371116638,0.5966057777404785,0.5917287468910217,0.6176527738571167,0.6110445261001587,0.6034297943115234,0.5968419909477234,0.622204601764679,0.6166810989379883,0.6093575954437256,0.6028992533683777,0.6237900853157043,0.6196617484092712,0.614180326461792,0.608900249004364,0.8086987137794495,0.82513427734375,0.8540589809417725,0.8827009797096252,0.9039535522460938,0.8767024874687195,0.911880612373352,0.9274101257324219,0.9381193518638611,0.8784433007240295,0.9135260581970215,0.9280455112457275,0.9368034601211548,0.8766187429428101,0.9081295132637024,0.9225741028785706,0.9312617182731628,0.8739535212516785,0.9002419710159302,0.9129593968391418,0.9204320907592773,0.5019646883010864,0.5150671601295471,0.520957350730896,0.5256308317184448,0.4930400550365448,0.4866339862346649,0.4803638458251953,0.5350598692893982,0.47146716713905334,0.5146350264549255,0.4895305335521698,0.587203323841095,0.4246775507926941,0.6085828542709351,0.40256327390670776,0.6136877536773682,0.4023013710975647,0.6171655654907227,0.3999738395214081,0.6049492955207825,0.4140392243862152,0.5999541878700256,0.4215182065963745,0.5557671189308167,0.4552389085292816,0.5598529577255249,0.4497831463813782,0.5474943518638611,0.440650999546051,0.5478096604347229,0.4395815134048462,0.5275445580482483,0.4572250545024872,0.1961379200220108,0.1748345047235489,0.17729803919792175,0.17936953902244568,0.1705455482006073,0.17102010548114777,0.1721983253955841,0.19823527336120605,0.189670592546463,0.22943203151226044,0.22546537220478058,0.37994086742401123,0.3862661123275757,0.6069623827934265,0.6156557202339172,0.8072370290756226,0.818021297454834,0.8700174689292908,0.8862014412879944,0.8703482747077942,0.8795409202575684,0.850800633430481,0.857272207736969,0.8610057234764099,0.8605421185493469,1.2015621662139893,1.148078441619873,1.5007745027542114,1.4789221286773682,1.5338996648788452,1.5210834741592407,1.6127184629440308,1.5909602642059326
0.39769619703292847,0.41574668884277344,0.4231949746608734,0.4248606562614441,0.4268680810928345,0.4077770709991455,0.41457074880599976,0.4186750650405884,0.4215271770954132,0.3982428312301636,0.405342698097229,0.41105279326438904,0.4147081673145294,0.3930186331272125,0.39872854948043823,0.40457218885421753,0.4091516435146332,0.39091014862060547,0.3940102756023407,0.39888879656791687,0.40336185693740845,0.816473126411438,0.8312296867370605,0.8589947819709778,0.88798987865448,0.9099574685096741,0.8846508264541626,0.9189981818199158,0.9354708790779114,0.9494403600692749,0.8870434165000916,0.9216883778572083,0.9391007423400879,0.9517298340797424,0.8850126266479492,0.9160747528076172,0.9318193197250366,0.9420402646064758,0.8819753527641296,0.9072643518447876,0.9202674627304077,0.9281579256057739,0.6140502691268921,0.5974403619766235,0.5914852619171143,0.5904645323753357,0.5875996351242065,0.6087328195571899,0.6027352213859558,0.5966609716415405,0.5917338728904724,0.6174836158752441,0.6109210252761841,0.6033498048782349,0.5968244075775146,0.6220278739929199,0.6165256500244141,0.609298586845398,0.6029449701309204,0.6235970854759216,0.6196174025535583,0.6142731308937073,0.609083890914917,0.8082851767539978,0.8244533538818359,0.8536233305931091,0.8820529580116272,0.9032955765724182,0.8767563700675964,0.9115806221961975,0.9272122383117676,0.9380425214767456,0.8787053823471069,0.9131983518600464,0.9277637600898743,0.9366093277931213,0.8769701719284058,0.908133327960968,0.922673761844635,0.9316004514694214,0.8742465376853943,0.9004282355308533,0.9133090972900391,0.9209853410720825,0.5019475817680359,0.5150766968727112,0.5209701061248779,0.5256388187408447,0.4930453896522522,0.4866320490837097,0.480369508266449,0.5351213812828064,0.47149133682250977,0.5146139860153198,0.4895285665988922,0.5871989727020264,0.4247264266014099,0.6085792779922485,0.4025658667087555,0.613680899143219,0.4023057520389557,0.6171268820762634,0.3999754786491394,0.6049545407295227,0.41403818130493164,0.5999624729156494,0.4215238392353058,0.5557719469070435,0.4552334249019623,0.560245156288147,0.45008450746536255,0.5478249192237854,0.44115546345710754,0.5480166077613831,0.4402415156364441,0.5283294320106506,0.45725908875465393,0.19611720740795135,0.17483559250831604,0.17729245126247406,0.17935866117477417,0.17054536938667297,0.17101824283599854,0.17218172550201416,0.19823740422725677,0.18964682519435883,0.2293725460767746,0.22539593279361725,0.37993860244750977,0.38627731800079346,0.6069185137748718,0.6156262159347534,0.8072335124015808,0.8180263042449951,0.869949460029602,0.8862528204917908,0.8703257441520691,0.8795762658119202,0.8507948517799377,0.8572707772254944,0.861093282699585,0.8607908487319946,1.2016428709030151,1.1483230590820312,1.5015672445297241,1.4792158603668213,1.5350888967514038,1.5218063592910767,1.6136631965637207,1.590860366821289
0.3976050317287445,0.4156806766986847,0.42301398515701294,0.42471960186958313,0.4269799590110779,0.40766531229019165,0.4145500063896179,0.41882801055908203,0.42187967896461487,0.3981650471687317,0.40543144941329956,0.4112212061882019,0.41502466797828674,0.39292675256729126,0.3987170457839966,0.40446892380714417,0.40903058648109436,0.39077916741371155,0.39385366439819336,0.3986298441886902,0.4030793607234955,0.8164507150650024,0.8313308954238892,0.8590637445449829,0.8879026174545288,0.9097381234169006,0.8847987651824951,0.9187859296798706,0.9350321292877197,0.9490059614181519,0.8872047662734985,0.9215328693389893,0.9389600157737732,0.9517796635627747,0.8849340677261353,0.9157711267471313,0.9316001534461975,0.9420626759529114,0.881647527217865,0.9067136645317078,0.9196467995643616,0.9276093244552612,0.6139848232269287,0.5972519516944885,0.5913917422294617,0.5903462767601013,0.5874508619308472,0.6088192462921143,0.602575957775116,0.5965681076049805,0.5917191505432129,0.617569625377655,0.610822856426239,0.6032682061195374,0.5967981219291687,0.6221557259559631,0.6165152788162231,0.6092684268951416,0.6029945611953735,0.6238029599189758,0.6197469234466553,0.6143154501914978,0.6091352105140686,0.8083384037017822,0.8248310089111328,0.8542228937149048,0.8828052282333374,0.9039250612258911,0.8768404722213745,0.9118478894233704,0.9276527166366577,0.9386570453643799,0.8788163065910339,0.9136483669281006,0.9282283186912537,0.9371810555458069,0.8770433068275452,0.9084228277206421,0.9226180911064148,0.9312735795974731,0.8742035627365112,0.9004423022270203,0.9132086634635925,0.92083740234375,0.5019397735595703,0.515084981918335,0.520979106426239,0.5256471037864685,0.4930509328842163,0.4866335988044739,0.4803796112537384,0.5351551175117493,0.4715287983417511,0.5146108865737915,0.4895331561565399,0.5871948599815369,0.424774706363678,0.6085741519927979,0.4025680422782898,0.6136786937713623,0.40231093764305115,0.6170876026153564,0.39997321367263794,0.6049588918685913,0.414036363363266,0.5999683141708374,0.42152875661849976,0.555761992931366,0.4552198052406311,0.5604400634765625,0.4501250386238098,0.5478155016899109,0.4411178231239319,0.5479623079299927,0.44021111726760864,0.5282424688339233,0.45679548382759094,0.19608663022518158,0.17483384907245636,0.1772841066122055,0.17934826016426086,0.17054788768291473,0.1710202842950821,0.1721770316362381,0.1982380896806717,0.18964320421218872,0.22927744686603546,0.225296288728714,0.37992164492607117,0.38627171516418457,0.606911838054657,0.6155957579612732,0.8072324395179749,0.8180668950080872,0.869934618473053,0.886408805847168,0.8703216910362244,0.8796659111976624,0.8507915139198303,0.8573049306869507,0.8614190220832825,0.8611664772033691,1.2020719051361084,1.1485220193862915,1.5026665925979614,1.479925513267517,1.5362889766693115,1.522800326347351,1.6154193878173828,1.592006802558899
0.39765483140945435,0.4158894121646881,0.423188716173172,0.42470744252204895,0.4270004630088806,0.40769487619400024,0.41443121433258057,0.41860702633857727,0.42165374755859375,0.3980485498905182,0.4053034484386444,0.4111233055591583,0.4149276614189148,0.3927658498287201,0.3986355662345886,0.40451768040657043,0.40911993384361267,0.39065560698509216,0.39383792877197266,0.3988571763038635,0.40347808599472046,0.8166477680206299,0.8316174149513245,0.8592573404312134,0.8880607485771179,0.9099440574645996,0.8847900629043579,0.9188441634178162,0.9351142644882202,0.9491367936134338,0.8870126605033875,0.9214751124382019,0.9389747381210327,0.9517698884010315,0.8846127390861511,0.915759801864624,0.9314656853675842,0.9416607022285461,0.8813470602035522,0.9067414999008179,0.9196416139602661,0.9274479150772095,0.6138858199119568,0.5972791910171509,0.5913583636283875,0.5901684761047363,0.5873371958732605,0.6086034178733826,0.6025267839431763,0.5965362191200256,0.5916942954063416,0.6173743009567261,0.6107813119888306,0.6031965017318726,0.5966925024986267,0.6219949126243591,0.6165575981140137,0.6092435717582703,0.6028594970703125,0.6237082481384277,0.6197291612625122,0.6142717003822327,0.6090378761291504,0.8083855509757996,0.8252257108688354,0.854683518409729,0.8830518126487732,0.9038600325584412,0.8768652677536011,0.9116787314414978,0.9272186756134033,0.9380260109901428,0.8787920475006104,0.9135103821754456,0.9278156161308289,0.9364985823631287,0.8769468069076538,0.9083228707313538,0.9225257635116577,0.9310374855995178,0.8739980459213257,0.9002063274383545,0.9128676652908325,0.9202677011489868,0.5019517540931702,0.5151320099830627,0.5210170149803162,0.5256935358047485,0.4930643141269684,0.4866367280483246,0.4803881049156189,0.5352293252944946,0.4715443253517151,0.5146186351776123,0.4895537793636322,0.5871679782867432,0.42480066418647766,0.6085781455039978,0.4025697410106659,0.6136773824691772,0.4023696780204773,0.6170653700828552,0.40001964569091797,0.6049621105194092,0.4140720069408417,0.5999777317047119,0.4216051399707794,0.5558111071586609,0.4552755653858185,0.5608593821525574,0.4506203830242157,0.5493338108062744,0.44185885787010193,0.5499255657196045,0.44106683135032654,0.5291323065757751,0.45750537514686584,0.1958688646554947,0.1747545301914215,0.1772076040506363,0.17929287254810333,0.17042310535907745,0.17091131210327148,0.1720758080482483,0.19821782410144806,0.1896156221628189,0.2290308028459549,0.22504092752933502,0.3799079954624176,0.38628193736076355,0.6069040894508362,0.6156003475189209,0.8073278069496155,0.8182506561279297,0.869971513748169,0.8867197036743164,0.8703716993331909,0.8799555897712708,0.8508776426315308,0.8575253486633301,0.8614035248756409,0.8613163232803345,1.2025173902511597,1.1494747400283813,1.5038965940475464,1.4805551767349243,1.5373454093933105,1.5230554342269897,1.6175318956375122,1.5937697887420654
0.3977746367454529,0.4158986508846283,0.4231834411621094,0.42471882700920105,0.4269244074821472,0.4076821506023407,0.41440868377685547,0.41863125562667847,0.4217297434806824,0.3980802893638611,0.40521398186683655,0.4110873341560364,0.4148974120616913,0.39270827174186707,0.3985159397125244,0.4045570194721222,0.4092012941837311,0.3903738856315613,0.39372530579566956,0.39884740114212036,0.40351176261901855,0.816566526889801,0.8313913345336914,0.8592409491539001,0.8879734873771667,0.9097754955291748,0.884666383266449,0.9185625910758972,0.9351739287376404,0.9492807984352112,0.8866716623306274,0.9209951162338257,0.9387437701225281,0.9517086744308472,0.88426274061203,0.9151324033737183,0.9307799935340881,0.9408514499664307,0.8809952735900879,0.9066016674041748,0.9197476506233215,0.9275313019752502,0.6139212250709534,0.597360372543335,0.5914255976676941,0.5903363227844238,0.5873647332191467,0.6086286902427673,0.6026321649551392,0.5966109037399292,0.5917127132415771,0.6173984408378601,0.6108042597770691,0.6031924486160278,0.596629798412323,0.6219913959503174,0.616496205329895,0.6090691685676575,0.6025888919830322,0.6236523389816284,0.6196711659431458,0.6141581535339355,0.6088500618934631,0.8086451292037964,0.8249737620353699,0.8542528748512268,0.8827366828918457,0.9038393497467041,0.8764604926109314,0.9113422632217407,0.9270555377006531,0.9379909634590149,0.8785799741744995,0.9134210348129272,0.9279996156692505,0.9368533492088318,0.8769131302833557,0.9085673093795776,0.9227326512336731,0.9312002658843994,0.8742721676826477,0.9008042812347412,0.9135123491287231,0.9210003614425659,0.5019602179527283,0.5151805281639099,0.5210583806037903,0.5257487297058105,0.49307262897491455,0.486638605594635,0.4803934395313263,0.535273551940918,0.471556693315506,0.514633059501648,0.48957061767578125,0.5871533751487732,0.42482665181159973,0.6085792779922485,0.4025626480579376,0.6136693954467773,0.40240204334259033,0.6170318722724915,0.400022953748703,0.6049628853797913,0.41410407423973083,0.5999830365180969,0.42171522974967957,0.5558414459228516,0.4554303288459778,0.5618647933006287,0.45063158869743347,0.5496663451194763,0.4418734610080719,0.5500275492668152,0.4411497116088867,0.5301083326339722,0.4570530652999878,0.19583649933338165,0.17475733160972595,0.1772085577249527,0.17929339408874512,0.17042405903339386,0.17091237008571625,0.17207325994968414,0.19822467863559723,0.1896171122789383,0.22898660600185394,0.22497862577438354,0.37990716099739075,0.3863341510295868,0.6069061756134033,0.6156201958656311,0.8074275851249695,0.8183407783508301,0.8700171113014221,0.8868385553359985,0.8704246282577515,0.8800622224807739,0.8509633541107178,0.8575979471206665,0.8613924384117126,0.8613613843917847,1.2026456594467163,1.1495881080627441,1.5055944919586182,1.480661153793335,1.539397120475769,1.523345708847046,1.6194965839385986,1.593578815460205
0.3977019488811493,0.4159022569656372,0.42318639159202576,0.42472609877586365,0.42701634764671326,0.40762367844581604,0.414364218711853,0.418587327003479,0.42167237401008606,0.39794304966926575,0.4051415026187897,0.4111723005771637,0.4150831401348114,0.3925529718399048,0.3984273374080658,0.4046919047832489,0.40944913029670715,0.39027562737464905,0.39368996024131775,0.3989359140396118,0.4036490321159363,0.8169413208961487,0.8313329815864563,0.8591806292533875,0.887991189956665,0.9097622036933899,0.8848043084144592,0.9190824627876282,0.9355689287185669,0.9494668841362,0.886716365814209,0.921449601650238,0.9388626217842102,0.9513126611709595,0.8841972351074219,0.9154226183891296,0.9304153919219971,0.9397867918014526,0.8808873295783997,0.9065910577774048,0.9193766117095947,0.9267444610595703,0.6140244007110596,0.5973604917526245,0.5913832783699036,0.5902658104896545,0.5872897505760193,0.6087446212768555,0.6026846170425415,0.5966059565544128,0.5916675329208374,0.6175948977470398,0.6109920740127563,0.6033036112785339,0.5967034697532654,0.6221985220909119,0.6167410016059875,0.6093363761901855,0.6028770208358765,0.6238016486167908,0.6198626756668091,0.6143831610679626,0.6090895533561707,0.8085921406745911,0.8246890306472778,0.8541653752326965,0.8826547861099243,0.903705358505249,0.8762991428375244,0.9113802909851074,0.9271913170814514,0.9380730390548706,0.8781929612159729,0.9132624268531799,0.9278761744499207,0.9365341663360596,0.8763757944107056,0.908029317855835,0.9223111271858215,0.930802047252655,0.8736111521720886,0.900144100189209,0.912909209728241,0.9203354120254517,0.5019491314888,0.5151866674423218,0.521070659160614,0.5257560610771179,0.4930778741836548,0.4866386353969574,0.48039907217025757,0.5353094339370728,0.47156989574432373,0.5146258473396301,0.48956960439682007,0.5871312618255615,0.42489057779312134,0.6085911989212036,0.40255850553512573,0.6136678457260132,0.4024130702018738,0.6170095205307007,0.40002405643463135,0.6049627065658569,0.4141100347042084,0.5999858975410461,0.4217529892921448,0.555838406085968,0.4554423987865448,0.5624667406082153,0.4506535530090332,0.5497528314590454,0.44191721081733704,0.5500437617301941,0.4413079619407654,0.5301570296287537,0.4567740261554718,0.19582922756671906,0.17476411163806915,0.17721009254455566,0.17929406464099884,0.17043089866638184,0.17092056572437286,0.17207251489162445,0.19822970032691956,0.1896216720342636,0.22898158431053162,0.2249227911233902,0.3798922896385193,0.3863334655761719,0.6068824529647827,0.6156179308891296,0.8074743151664734,0.8184688687324524,0.870037317276001,0.8870336413383484,0.8704745769500732,0.8802400231361389,0.8510268330574036,0.857711136341095,0.8615851998329163,0.8616408705711365,1.2028013467788696,1.150118350982666,1.505733609199524,1.4817935228347778,1.5394961833953857,1.5247608423233032,1.6197128295898438,1.5946307182312012
0.39749303460121155,0.41572344303131104,0.4231065511703491,0.4247168302536011,0.4269605278968811,0.4075608551502228,0.41447630524635315,0.41864213347435,0.4215724468231201,0.3978461027145386,0.40513065457344055,0.4111117124557495,0.41491517424583435,0.3924742341041565,0.3983258008956909,0.4046291708946228,0.40936601161956787,0.39029303193092346,0.3937120735645294,0.39903557300567627,0.4037735164165497,0.8167104721069336,0.8311716914176941,0.8590972423553467,0.8880949020385742,0.9098032712936401,0.8845561146736145,0.9191285371780396,0.9358101487159729,0.9498529434204102,0.8866197466850281,0.9216505289077759,0.9391558766365051,0.9517101645469666,0.8842292428016663,0.9156067967414856,0.9306491613388062,0.9398645758628845,0.880987286567688,0.9067484736442566,0.9196242690086365,0.9269423484802246,0.6135172843933105,0.5970629453659058,0.5913676023483276,0.5902823209762573,0.5872254967689514,0.6089184284210205,0.6026414632797241,0.596541702747345,0.5916723012924194,0.6176983118057251,0.6111322641372681,0.6035287380218506,0.5970539450645447,0.6222729682922363,0.6169957518577576,0.609806478023529,0.6035086512565613,0.623854398727417,0.6201318502426147,0.6148190498352051,0.6096186637878418,0.8085465431213379,0.8252713084220886,0.8544220924377441,0.8829775452613831,0.9039899110794067,0.8769478797912598,0.911932647228241,0.9275587797164917,0.9384562969207764,0.8782985806465149,0.9131544232368469,0.9275286197662354,0.9362032413482666,0.8760034441947937,0.9073801636695862,0.9218130707740784,0.930487871170044,0.8728659749031067,0.8993105292320251,0.9121401906013489,0.9196542501449585,0.5019567012786865,0.5152105093002319,0.521102786064148,0.5257924199104309,0.49308833479881287,0.48664209246635437,0.4804079830646515,0.5353368520736694,0.4715867042541504,0.514640212059021,0.4895774722099304,0.5871161222457886,0.4249592423439026,0.6085946559906006,0.4025643765926361,0.6136552691459656,0.4024444818496704,0.6170036792755127,0.4000386893749237,0.604958713054657,0.41411980986595154,0.5999727845191956,0.4217971861362457,0.5558747053146362,0.45556870102882385,0.5629351735115051,0.4507574439048767,0.5502132177352905,0.442120224237442,0.5503841638565063,0.4415815472602844,0.5308102965354919,0.45679792761802673,0.19582872092723846,0.17478060722351074,0.17721903324127197,0.179298534989357,0.1704508662223816,0.17094190418720245,0.1720789521932602,0.1982371211051941,0.18963216245174408,0.2289770245552063,0.22490739822387695,0.37985286116600037,0.3863449990749359,0.6066800951957703,0.6156079769134521,0.8074390292167664,0.8186139464378357,0.86992347240448,0.8871733546257019,0.8704533576965332,0.8804609179496765,0.8510153889656067,0.8579360246658325,0.8615762591362,0.8616423010826111,1.2028838396072388,1.150195837020874,1.505786418914795,1.4823389053344727,1.5395517349243164,1.5253992080688477,1.6195355653762817,1.5950357913970947
0.3977138102054596,0.41593775153160095,0.42318689823150635,0.42476844787597656,0.4269758462905884,0.40770837664604187,0.41451770067214966,0.41872674226760864,0.4217402935028076,0.39795002341270447,0.40516775846481323,0.4111180603504181,0.4149370789527893,0.3925625681877136,0.3984077274799347,0.4046616852283478,0.40940994024276733,0.39044472575187683,0.39392468333244324,0.3992132246494293,0.40396466851234436,0.8169666528701782,0.8316647410392761,0.8592667579650879,0.8881120681762695,0.9099158048629761,0.884636640548706,0.9191190004348755,0.9357523322105408,0.9497362375259399,0.8867172002792358,0.921726405620575,0.9391711950302124,0.9516991376876831,0.8842681050300598,0.9156979322433472,0.9308754801750183,0.9401997923851013,0.8809306621551514,0.9066408276557922,0.9194983243942261,0.9268614649772644,0.6139241456985474,0.5971145629882812,0.5912809371948242,0.5903782844543457,0.5872576236724854,0.6088710427284241,0.602658212184906,0.5964781641960144,0.5915592908859253,0.617735743522644,0.6111277341842651,0.6034142971038818,0.5968824028968811,0.6223355531692505,0.6169406175613403,0.6096044778823853,0.6032539010047913,0.6239161491394043,0.6201062202453613,0.6146720051765442,0.609431266784668,0.8079550266265869,0.8245505094528198,0.8541535139083862,0.8827673196792603,0.9038187265396118,0.8771697282791138,0.9121723175048828,0.9275286197662354,0.9381399154663086,0.8785454630851746,0.9133272171020508,0.9275543689727783,0.9361191391944885,0.8762670755386353,0.9076316356658936,0.9220284819602966,0.9307240843772888,0.8731186389923096,0.8996564745903015,0.9124296307563782,0.9199318289756775,0.5019618272781372,0.5152173638343811,0.5211194157600403,0.5258028507232666,0.4930950403213501,0.48664477467536926,0.48041269183158875,0.5353453159332275,0.47159621119499207,0.5146514773368835,0.4895992875099182,0.5870947241783142,0.4249897301197052,0.6086028814315796,0.40256378054618835,0.6136228442192078,0.4024474322795868,0.6169818043708801,0.40003758668899536,0.6049483418464661,0.4141196310520172,0.5999587178230286,0.42180559039115906,0.5558803081512451,0.4556368291378021,0.563632607460022,0.4510844945907593,0.5503762364387512,0.44244349002838135,0.5504797101020813,0.44191664457321167,0.5308237671852112,0.45703521370887756,0.19582970440387726,0.1748073846101761,0.17722800374031067,0.17929992079734802,0.17050863802433014,0.1710043102502823,0.17211340367794037,0.1982395499944687,0.18969419598579407,0.22897276282310486,0.2248929888010025,0.37983179092407227,0.38634800910949707,0.6064069271087646,0.615610659122467,0.8072531223297119,0.8187194466590881,0.8696035742759705,0.8873493075370789,0.8703511357307434,0.8807297945022583,0.8509083986282349,0.8581734895706177,0.8615807890892029,0.861688494682312,1.202835202217102,1.1502951383590698,1.505865454673767,1.4830267429351807,1.5395777225494385,1.526158332824707,1.6198798418045044,1.595776081085205
0.39781174063682556,0.41587314009666443,0.4230927526950836,0.42483755946159363,0.42695072293281555,0.4075968265533447,0.4144607186317444,0.41874706745147705,0.4218173325061798,0.3979261815547943,0.40514546632766724,0.4110771417617798,0.4149038791656494,0.392595112323761,0.39840760827064514,0.40456709265708923,0.40931808948516846,0.39047953486442566,0.39385610818862915,0.39905044436454773,0.40379565954208374,0.8163951635360718,0.8313384056091309,0.8592797517776489,0.8880676627159119,0.9098968505859375,0.8843833804130554,0.91881263256073,0.9355549216270447,0.9496447443962097,0.886434018611908,0.9213923215866089,0.9390709400177002,0.9517896771430969,0.8840293288230896,0.9153399467468262,0.9309149980545044,0.9406387805938721,0.8806905746459961,0.9063766598701477,0.9194232821464539,0.9269421100616455,0.6137219071388245,0.5970959067344666,0.5912802219390869,0.5903838872909546,0.587238073348999,0.6087379455566406,0.6027191281318665,0.5966615080833435,0.5917849540710449,0.6176005005836487,0.6111664772033691,0.6035387516021729,0.5970010757446289,0.622190535068512,0.6169416904449463,0.6096975803375244,0.6033348441123962,0.6237672567367554,0.6199724078178406,0.6145981550216675,0.6093795299530029,0.8082675933837891,0.8248197436332703,0.854133129119873,0.8827855587005615,0.9038646817207336,0.8767936825752258,0.9118092656135559,0.9273978471755981,0.9382035732269287,0.8783939480781555,0.9132543206214905,0.927514910697937,0.9360380172729492,0.8763523101806641,0.9077574014663696,0.922110378742218,0.9306730628013611,0.8734609484672546,0.8998386859893799,0.9125491380691528,0.9198964238166809,0.5019676089286804,0.5152284502983093,0.5211354494094849,0.5258087515830994,0.4931047558784485,0.48665016889572144,0.4804212749004364,0.5353567004203796,0.4716075658798218,0.514663577079773,0.4896235764026642,0.5870734453201294,0.4250248670578003,0.6086031198501587,0.4025627672672272,0.6135942935943604,0.4024505615234375,0.6169637441635132,0.40003758668899536,0.6049403548240662,0.414121150970459,0.5999475717544556,0.421813040971756,0.5558828711509705,0.4556388556957245,0.5636845827102661,0.45106637477874756,0.5508460402488708,0.442562073469162,0.5510569214820862,0.442156046628952,0.5311301946640015,0.4570905268192291,0.19585861265659332,0.17487096786499023,0.17725972831249237,0.17931358516216278,0.1705949306488037,0.17109115421772003,0.17216314375400543,0.19824722409248352,0.18974126875400543,0.22897641360759735,0.2248818427324295,0.37982600927352905,0.3863600790500641,0.6063508987426758,0.6156184077262878,0.8072353601455688,0.8188698887825012,0.8695422410964966,0.8875813484191895,0.870338499546051,0.8810203075408936,0.8509001135826111,0.8584446310997009,0.8618856072425842,0.8620250225067139,1.202840805053711,1.1505403518676758,1.5057984590530396,1.4839556217193604,1.539502739906311,1.5271576642990112,1.6198046207427979,1.5967496633529663
0.39758551120758057,0.4157505929470062,0.4230666160583496,0.4247867166996002,0.42686977982521057,0.4075535833835602,0.41444236040115356,0.41871485114097595,0.421782910823822,0.3979129493236542,0.4051555395126343,0.41114237904548645,0.41502290964126587,0.39259445667266846,0.39848101139068604,0.40473586320877075,0.4094841182231903,0.390489399433136,0.39404189586639404,0.39936962723731995,0.404119610786438,0.8162364363670349,0.8308621048927307,0.8589404821395874,0.8878616094589233,0.9097393751144409,0.8845024704933167,0.9189211130142212,0.9355996251106262,0.9496789574623108,0.8867107629776001,0.9215519428253174,0.9390369057655334,0.9516358375549316,0.88443922996521,0.9156173467636108,0.9309399127960205,0.9405587911605835,0.8812950253486633,0.9068590402603149,0.9197595119476318,0.9272487163543701,0.6138561964035034,0.5971911549568176,0.5913054347038269,0.5903156995773315,0.5871602296829224,0.6087692379951477,0.6027478575706482,0.5966379642486572,0.5917172431945801,0.6176596283912659,0.6112446784973145,0.6035892963409424,0.5970380902290344,0.6222823858261108,0.6171050071716309,0.6098631024360657,0.6034828424453735,0.6238839626312256,0.6201738715171814,0.6148155331611633,0.6095790863037109,0.8079732060432434,0.8246083855628967,0.8541064262390137,0.8827526569366455,0.9038787484169006,0.8767039179801941,0.9117729067802429,0.9273738265037537,0.9381579160690308,0.8780436515808105,0.9130285382270813,0.9273660778999329,0.9358304142951965,0.8757061958312988,0.9072523713111877,0.9217625856399536,0.930412769317627,0.8725282549858093,0.8991284966468811,0.9120782613754272,0.9196351170539856,0.5020127892494202,0.5152496695518494,0.5211598873138428,0.5258321762084961,0.49314084649086,0.48667284846305847,0.480461984872818,0.5353649854660034,0.4716338515281677,0.5147154927253723,0.48970702290534973,0.5870658159255981,0.42505520582199097,0.6086035370826721,0.4025632441043854,0.6135752201080322,0.4024532735347748,0.6169435381889343,0.4000379741191864,0.6049249768257141,0.4141216576099396,0.5999323725700378,0.4218187928199768,0.5558964014053345,0.4556514620780945,0.5638177990913391,0.45107778906822205,0.5508367419242859,0.44256260991096497,0.5509954690933228,0.4421418011188507,0.5311275720596313,0.4570938050746918,0.19587530195713043,0.1749436855316162,0.17730645835399628,0.17933863401412964,0.17068208754062653,0.17117711901664734,0.17221398651599884,0.1982501596212387,0.18977384269237518,0.22896452248096466,0.22487157583236694,0.37981003522872925,0.38635337352752686,0.6063311100006104,0.6155700087547302,0.8072370290756226,0.8188973069190979,0.8695213794708252,0.8876689076423645,0.8703395128250122,0.8811905384063721,0.8509025573730469,0.858615517616272,0.8618836998939514,0.86204993724823,1.20265531539917,1.1499170064926147,1.505757212638855,1.4831128120422363,1.5394734144210815,1.526147484779358,1.6197000741958618,1.5960884094238281
0.397920161485672,0.4159577190876007,0.4230998456478119,0.42478233575820923,0.4270279109477997,0.4075029790401459,0.4145122468471527,0.41873449087142944,0.4217281639575958,0.3978683352470398,0.4053208529949188,0.41128256916999817,0.41514134407043457,0.392614483833313,0.3986274003982544,0.40480196475982666,0.40953329205513,0.3906204104423523,0.39414191246032715,0.39944764971733093,0.4041866362094879,0.8162217736244202,0.83109450340271,0.8590898513793945,0.8880412578582764,0.9099567532539368,0.8846379518508911,0.9191150665283203,0.9354381561279297,0.9493653774261475,0.8868069648742676,0.9216176867485046,0.9387897253036499,0.951123833656311,0.8844524621963501,0.9158226251602173,0.9310277700424194,0.9404451251029968,0.8813164234161377,0.9068841338157654,0.9197008609771729,0.9271122813224792,0.6137352585792542,0.5971049070358276,0.5912702083587646,0.5902792811393738,0.5870856046676636,0.6088515520095825,0.6026890277862549,0.5966300964355469,0.5917919278144836,0.6177935600280762,0.6111889481544495,0.6035944223403931,0.5971170663833618,0.6224392652511597,0.6170541644096375,0.6098695993423462,0.6035715341567993,0.6240614652633667,0.6201386451721191,0.6147601008415222,0.609575629234314,0.8080697059631348,0.8246794939041138,0.8541821241378784,0.8828713893890381,0.9038660526275635,0.8766447901725769,0.911867082118988,0.9275869727134705,0.9384810328483582,0.8779566884040833,0.9131391644477844,0.9275367259979248,0.936166524887085,0.8756179809570312,0.9072579145431519,0.9217497110366821,0.9304905533790588,0.8724622130393982,0.8990655541419983,0.9119704365730286,0.9196277856826782,0.5020427703857422,0.5152724981307983,0.5211845636367798,0.5258581638336182,0.4931626617908478,0.48668521642684937,0.48048076033592224,0.5353765487670898,0.4716406464576721,0.5147500038146973,0.48976320028305054,0.5870593786239624,0.4250684678554535,0.6086040139198303,0.40256378054618835,0.6135278940200806,0.40245866775512695,0.6168854236602783,0.400045245885849,0.6048881411552429,0.41412198543548584,0.5999025702476501,0.421827107667923,0.5559052228927612,0.45567092299461365,0.5637888312339783,0.451044499874115,0.5506927371025085,0.4425305724143982,0.5507926344871521,0.44202008843421936,0.531047523021698,0.45713895559310913,0.1959090679883957,0.1750381737947464,0.17736555635929108,0.17936836183071136,0.17079991102218628,0.17129011452198029,0.17228400707244873,0.19825170934200287,0.18982085585594177,0.2289610505104065,0.22487181425094604,0.37980595231056213,0.3863510191440582,0.6063048243522644,0.6155703067779541,0.8072279691696167,0.8189184665679932,0.8694671392440796,0.8877694010734558,0.8703399300575256,0.8813781142234802,0.8509040474891663,0.8587906360626221,0.86188143491745,0.8620749115943909,1.2026464939117432,1.1498991250991821,1.5057209730148315,1.4832347631454468,1.5394461154937744,1.5262384414672852,1.61941397190094,1.5962103605270386
0.3978685736656189,0.41595977544784546,0.4231376647949219,0.42488375306129456,0.42699024081230164,0.40764686465263367,0.41447117924690247,0.4186495542526245,0.4216444194316864,0.3979184031486511,0.40518227219581604,0.4112081229686737,0.4151577353477478,0.39256051182746887,0.39831840991973877,0.40453189611434937,0.4092923402786255,0.3904542326927185,0.3938736319541931,0.3991176187992096,0.40376949310302734,0.8161180019378662,0.8313893675804138,0.859426736831665,0.8883153796195984,0.9100459218025208,0.8841813802719116,0.9189938306808472,0.9354660511016846,0.9494041800498962,0.8860433101654053,0.9213212132453918,0.938697874546051,0.9510862827301025,0.8835419416427612,0.9154534339904785,0.9308276772499084,0.940241813659668,0.8802672624588013,0.9063379764556885,0.9194307923316956,0.9269076585769653,0.6137150526046753,0.597217857837677,0.5913933515548706,0.5904454588890076,0.5872048735618591,0.6087799668312073,0.6025869250297546,0.5964611768722534,0.5915738344192505,0.6176794171333313,0.6110517978668213,0.6034510135650635,0.5969578623771667,0.6223018765449524,0.616870105266571,0.6097107529640198,0.6033886671066284,0.6239097714424133,0.6199275255203247,0.6145362257957458,0.6093040108680725,0.8081704378128052,0.8249524831771851,0.8541650176048279,0.8827837705612183,0.9038819074630737,0.8773442506790161,0.9121025800704956,0.9274647235870361,0.9381411075592041,0.8784773349761963,0.9131649732589722,0.9273046255111694,0.9358149766921997,0.8759608864784241,0.9072351455688477,0.9217398166656494,0.9305927753448486,0.8727018237113953,0.8991053700447083,0.9119033217430115,0.9195443391799927,0.5020717978477478,0.5152876377105713,0.5212017893791199,0.5258786082267761,0.49318936467170715,0.4867008924484253,0.4805028736591339,0.5353865027427673,0.47164860367774963,0.5147908329963684,0.48983022570610046,0.5870428085327148,0.42510345578193665,0.608605146408081,0.4025675058364868,0.6135014891624451,0.40247201919555664,0.6168384552001953,0.4000522196292877,0.6048738360404968,0.414124071598053,0.5998931527137756,0.4218396246433258,0.5559067130088806,0.4556869864463806,0.5639060735702515,0.45105499029159546,0.5507432222366333,0.44261831045150757,0.550823450088501,0.4421587586402893,0.531127393245697,0.4571583569049835,0.19592465460300446,0.17509044706821442,0.1773928999900818,0.17938165366649628,0.1708931177854538,0.17138983309268951,0.17234794795513153,0.19824789464473724,0.18985357880592346,0.22895723581314087,0.2248677909374237,0.3798024356365204,0.38635215163230896,0.6062335968017578,0.6155657172203064,0.8072062730789185,0.8189300298690796,0.8694239854812622,0.8877831101417542,0.8703398704528809,0.881434977054596,0.8509036898612976,0.8588384389877319,0.8618767857551575,0.862072229385376,1.2026158571243286,1.149821162223816,1.5056793689727783,1.4831647872924805,1.5394014120101929,1.5261197090148926,1.619378685951233,1.5961663722991943
0.3978428244590759,0.41605308651924133,0.4231785535812378,0.4248238205909729,0.42702731490135193,0.40762537717819214,0.4144529104232788,0.41869989037513733,0.42176711559295654,0.3979223072528839,0.40516507625579834,0.411207377910614,0.4151604473590851,0.392574667930603,0.3983774483203888,0.40455976128578186,0.4092913269996643,0.39045044779777527,0.3938232958316803,0.3990236222743988,0.4036993384361267,0.8163524270057678,0.8315325379371643,0.8593569397926331,0.8882150053977966,0.9099915027618408,0.8840638995170593,0.9187585115432739,0.9353153705596924,0.949252724647522,0.8858938217163086,0.9210870862007141,0.9385533332824707,0.9510298371315002,0.8834258317947388,0.9152220487594604,0.9306808710098267,0.9402658939361572,0.8802434802055359,0.9062709212303162,0.919463574886322,0.9271081686019897,0.6137562990188599,0.597173810005188,0.5913298726081848,0.5904126167297363,0.5872616171836853,0.6088531613349915,0.6027127504348755,0.5965750813484192,0.5916727781295776,0.6177021265029907,0.6110658049583435,0.603408932685852,0.5968696475028992,0.6222639083862305,0.6167432069778442,0.6095024943351746,0.6031379699707031,0.623825192451477,0.6197450160980225,0.6142762899398804,0.608996570110321,0.8084616661071777,0.825038492679596,0.8541945219039917,0.8826826214790344,0.9036420583724976,0.8772395253181458,0.9119874835014343,0.9274278879165649,0.9382436275482178,0.878574013710022,0.9132063984870911,0.9273993968963623,0.9360238313674927,0.8762266039848328,0.907543420791626,0.9220234155654907,0.9307961463928223,0.8731178045272827,0.8995559215545654,0.9123660922050476,0.9199314713478088,0.5021061897277832,0.5153312087059021,0.5212352275848389,0.5259168744087219,0.49323639273643494,0.4867253303527832,0.48053476214408875,0.5354148745536804,0.4716605246067047,0.5148338079452515,0.48986926674842834,0.5870360136032104,0.4251132905483246,0.6086113452911377,0.40257444977760315,0.613486111164093,0.40251514315605164,0.6168079376220703,0.4001113176345825,0.6048586368560791,0.4141460955142975,0.5998824238777161,0.42187124490737915,0.5559132695198059,0.455719918012619,0.563904345035553,0.4510684609413147,0.5508416295051575,0.4427751302719116,0.5509979128837585,0.4424414038658142,0.5311441421508789,0.4571607708930969,0.19591709971427917,0.17510749399662018,0.17740793526172638,0.17939214408397675,0.1709008663892746,0.17139776051044464,0.17235203087329865,0.19826343655586243,0.18986548483371735,0.2289421111345291,0.22485491633415222,0.3798006772994995,0.386390745639801,0.606197714805603,0.6155850291252136,0.807206392288208,0.818952202796936,0.8694159984588623,0.8878039717674255,0.8703688383102417,0.8815253973007202,0.8509340286254883,0.8589076399803162,0.8617649674415588,0.8620685338973999,1.2026033401489258,1.1498876810073853,1.5056523084640503,1.4833494424819946,1.5393695831298828,1.5262823104858398,1.619297742843628,1.5964491367340088
0.39800629019737244,0.41607773303985596,0.42320868372917175,0.4246784746646881,0.4267161190509796,0.40776312351226807,0.4141961336135864,0.4182639718055725,0.42109739780426025,0.39807596802711487,0.40495765209198,0.4106115400791168,0.4142341613769531,0.39267128705978394,0.39826762676239014,0.404146671295166,0.40869447588920593,0.3903963267803192,0.3935648798942566,0.3983120620250702,0.4026581048965454,0.8157065510749817,0.8306249976158142,0.8581126928329468,0.8872100114822388,0.9094386100769043,0.8832709193229675,0.91762375831604,0.9346882700920105,0.9491190314292908,0.8853113055229187,0.9200999140739441,0.9382646083831787,0.951510488986969,0.882941722869873,0.9138898849487305,0.9294648170471191,0.9395865201950073,0.8796417713165283,0.9050120711326599,0.9179168343544006,0.9257960319519043,0.6138074398040771,0.597295880317688,0.5913602709770203,0.5904045104980469,0.5872282385826111,0.6087783575057983,0.6026198267936707,0.5965079069137573,0.5916181206703186,0.6175617575645447,0.6109841465950012,0.6033826470375061,0.5968941450119019,0.6221293210983276,0.6166990995407104,0.6095019578933716,0.6031926274299622,0.6237558126449585,0.6197540163993835,0.6143446564674377,0.6091274619102478,0.8083751201629639,0.8247410655021667,0.8541306257247925,0.8826783299446106,0.9036293029785156,0.8772075176239014,0.9119769334793091,0.927507758140564,0.9383319616317749,0.8787040114402771,0.9132563471794128,0.9274441599845886,0.9360752105712891,0.8765625357627869,0.9077927470207214,0.9221603870391846,0.9309081435203552,0.8736412525177002,0.8999843001365662,0.9126672148704529,0.9202229380607605,0.5021395087242126,0.5154001712799072,0.521276593208313,0.5259787440299988,0.4932788908481598,0.48674869537353516,0.4805755019187927,0.5354806184768677,0.4716879725456238,0.5148949027061462,0.4898850619792938,0.5870277881622314,0.425136923789978,0.6086149215698242,0.40258586406707764,0.6134616732597351,0.4026780128479004,0.6167869567871094,0.4001566171646118,0.6048403382301331,0.4141762852668762,0.5998661518096924,0.421956866979599,0.5559141039848328,0.455777645111084,0.5638865828514099,0.4510245621204376,0.5508219599723816,0.44278424978256226,0.5509849190711975,0.442461758852005,0.5310879349708557,0.45697981119155884,0.19590887427330017,0.17511947453022003,0.1774216741323471,0.1794077605009079,0.17090314626693726,0.17139381170272827,0.17233507335186005,0.19830350577831268,0.18986178934574127,0.22893916070461273,0.2248382419347763,0.3797982931137085,0.3863929510116577,0.6060872673988342,0.6155692934989929,0.8071829080581665,0.8189578056335449,0.869393527507782,0.887803852558136,0.8703706860542297,0.8815441131591797,0.8509342074394226,0.8589216470718384,0.8616634011268616,0.8619740009307861,1.2025418281555176,1.1496409177780151,1.50538969039917,1.483338475227356,1.5390866994857788,1.526273488998413,1.6187779903411865,1.5964301824569702
0.39841946959495544,0.4167906641960144,0.4237734079360962,0.42452067136764526,0.42629382014274597,0.40696215629577637,0.41247090697288513,0.4158528447151184,0.41790106892585754,0.39684438705444336,0.4020525813102722,0.40681836009025574,0.40968453884124756,0.39125558733940125,0.39580637216567993,0.40189695358276367,0.4061385691165924,0.3891986012458801,0.39317870140075684,0.3986028730869293,0.4030369818210602,0.8145707249641418,0.8298758268356323,0.8567466139793396,0.8856706619262695,0.9080944061279297,0.8810396790504456,0.916344165802002,0.9344012141227722,0.9490069150924683,0.8819584250450134,0.9186570644378662,0.9379869103431702,0.9525911211967468,0.8788927793502808,0.9109809398651123,0.9272667169570923,0.9378693103790283,0.8760190606117249,0.9028733372688293,0.9164673089981079,0.9248253107070923,0.613884687423706,0.5973753333091736,0.5913302302360535,0.5903300642967224,0.5871866941452026,0.6087380647659302,0.6027494668960571,0.5966833829879761,0.591768205165863,0.6175857186317444,0.6111147999763489,0.6035458445549011,0.597030520439148,0.6222095489501953,0.6168859004974365,0.6096901893615723,0.6033345460891724,0.6239059567451477,0.6199595332145691,0.6145336031913757,0.6092858910560608,0.8082501292228699,0.8246049880981445,0.8538879752159119,0.8825231790542603,0.9035786390304565,0.8766807913780212,0.9116761684417725,0.9274298548698425,0.9384441375732422,0.8782720565795898,0.9130537509918213,0.9274740815162659,0.9362329840660095,0.8761504888534546,0.907620370388031,0.9220761656761169,0.9307824969291687,0.8732120990753174,0.8997466564178467,0.912558913230896,0.9201319217681885,0.5022507309913635,0.5155841708183289,0.5213660597801208,0.5261180400848389,0.49347198009490967,0.48685547709465027,0.4807237684726715,0.5355823040008545,0.4717444181442261,0.5150080919265747,0.48991623520851135,0.5870206952095032,0.425224244594574,0.6086153388023376,0.40260469913482666,0.6134288907051086,0.40284720063209534,0.6167590618133545,0.4001377522945404,0.6048030257225037,0.41416841745376587,0.5998256206512451,0.42199358344078064,0.55589759349823,0.4558179974555969,0.5636377930641174,0.4509624242782593,0.5507366061210632,0.44277140498161316,0.5509112477302551,0.44241493940353394,0.5310176014900208,0.45698246359825134,0.19589969515800476,0.17513200640678406,0.17745494842529297,0.17945058643817902,0.1708742082118988,0.17134250700473785,0.17226187884807587,0.19844532012939453,0.18984214961528778,0.228936567902565,0.22481976449489594,0.3798103332519531,0.386396199464798,0.6060267686843872,0.6152424812316895,0.8071649670600891,0.8184493184089661,0.8693638443946838,0.887126088142395,0.8703708052635193,0.8812322616577148,0.8509342670440674,0.8584394454956055,0.8612222671508789,0.8615601062774658,1.2018179893493652,1.1494464874267578,1.505141258239746,1.4833295345306396,1.5389567613601685,1.526261806488037,1.618166208267212,1.5963609218597412
0.3990609645843506,0.4172961711883545,0.42469272017478943,0.42500442266464233,0.42612555623054504,0.40716373920440674,0.4101130962371826,0.41139551997184753,0.4116229712963104,0.3957414925098419,0.3977307081222534,0.3992615342140198,0.3995988368988037,0.38929498195648193,0.39286696910858154,0.3976786732673645,0.40099766850471497,0.3866199553012848,0.3913114070892334,0.39632755517959595,0.4003060460090637,0.8084871768951416,0.8245867490768433,0.8523358106613159,0.881838321685791,0.90450119972229,0.8753947019577026,0.9141408205032349,0.9346930980682373,0.9509458541870117,0.8757017850875854,0.9154510498046875,0.938045084476471,0.9543889760971069,0.8715527057647705,0.9035783410072327,0.9201682209968567,0.9301429986953735,0.8670565485954285,0.8927583694458008,0.9053962230682373,0.9126616716384888,0.6139478087425232,0.5974215269088745,0.5913406014442444,0.5903659462928772,0.587253987789154,0.6088581681251526,0.6027714610099792,0.5966918468475342,0.5917803049087524,0.617669403553009,0.6110560297966003,0.6034610867500305,0.5969264507293701,0.6222527027130127,0.6167843341827393,0.6095626354217529,0.6031845808029175,0.6239168643951416,0.6199681162834167,0.6145729422569275,0.6093521118164062,0.8083015084266663,0.8246957063674927,0.8539750576019287,0.8824922442436218,0.9035663604736328,0.876753032207489,0.9115868806838989,0.9273507595062256,0.9384493231773376,0.8784031867980957,0.9130940437316895,0.9275749325752258,0.93642657995224,0.8763079047203064,0.9076709747314453,0.9220707416534424,0.9308043718338013,0.873382031917572,0.8998557925224304,0.9126723408699036,0.9203510880470276,0.5024276971817017,0.5158140659332275,0.521467387676239,0.5262858867645264,0.49369603395462036,0.4869737923145294,0.48089104890823364,0.5357140302658081,0.47180020809173584,0.5151716470718384,0.48999375104904175,0.5870147943496704,0.42533478140830994,0.608615517616272,0.4026064872741699,0.6134049296379089,0.4031970798969269,0.6167100071907043,0.399502694606781,0.6047670245170593,0.4136204123497009,0.5998008251190186,0.42200514674186707,0.5558778047561646,0.4558871388435364,0.5630384683609009,0.45095986127853394,0.5502884984016418,0.44277986884117126,0.5505699515342712,0.4424208104610443,0.5301186442375183,0.45704159140586853,0.19581227004528046,0.17513024806976318,0.17746171355247498,0.17945650219917297,0.17075398564338684,0.17121700942516327,0.1721488982439041,0.19855567812919617,0.18983182311058044,0.2289208322763443,0.224782794713974,0.3798341751098633,0.3864051401615143,0.6059991717338562,0.6147269606590271,0.8071207404136658,0.8144806027412415,0.8693273067474365,0.8822510242462158,0.8703550696372986,0.8786828517913818,0.8509016633033752,0.855251669883728,0.8599602580070496,0.8602890372276306,1.2013055086135864,1.149438500404358,1.504937767982483,1.4836419820785522,1.5387201309204102,1.5266716480255127,1.6177515983581543,1.5963540077209473
0.40129008889198303,0.41910749673843384,0.4255889058113098,0.4243972599506378,0.4242480993270874,0.40757763385772705,0.4083481431007385,0.4081629812717438,0.4069439172744751,0.3960917294025421,0.39255279302597046,0.3904954195022583,0.3877386748790741,0.38952672481536865,0.3906088173389435,0.3956444263458252,0.39890605211257935,0.3869773745536804,0.38978469371795654,0.3940292298793793,0.39754700660705566,0.7961342334747314,0.8158754110336304,0.844776451587677,0.8747330904006958,0.897907018661499,0.8599337935447693,0.901444137096405,0.9239203333854675,0.9411442875862122,0.8597256541252136,0.9023522734642029,0.9266335964202881,0.9433435201644897,0.8567517399787903,0.8893647193908691,0.9021010398864746,0.9078754186630249,0.853973388671875,0.8817068338394165,0.8939324021339417,0.89952552318573,0.6140902638435364,0.5974509716033936,0.5913605690002441,0.5904003977775574,0.5872986912727356,0.6089644432067871,0.6026903390884399,0.596563994884491,0.5916563272476196,0.617759644985199,0.6109923720359802,0.6033621430397034,0.5968371033668518,0.6222862601280212,0.6167435646057129,0.6095128059387207,0.6031670570373535,0.6238865256309509,0.6198997497558594,0.6144967675209045,0.6092942357063293,0.8084633350372314,0.8249645829200745,0.854288637638092,0.8828723430633545,0.9038728475570679,0.877070963382721,0.9118607640266418,0.927498996257782,0.9385272860527039,0.8785713315010071,0.9132357835769653,0.927690863609314,0.9365742802619934,0.8763183951377869,0.9076703786849976,0.9221875667572021,0.9310243129730225,0.8732695579528809,0.8997460007667542,0.9125558137893677,0.9202449917793274,0.50263512134552,0.5160461068153381,0.5215761065483093,0.5264809131622314,0.4939155876636505,0.48709163069725037,0.4810696542263031,0.5358760356903076,0.4718664586544037,0.515417218208313,0.490096777677536,0.5870091319084167,0.42548152804374695,0.6086156964302063,0.4026643633842468,0.6133574843406677,0.40466246008872986,0.6166561841964722,0.3994281589984894,0.6047422885894775,0.41361427307128906,0.5997734665870667,0.4223880469799042,0.5559201836585999,0.45647695660591125,0.562467634677887,0.45090818405151367,0.5497767925262451,0.44285497069358826,0.550100564956665,0.4425363540649414,0.5293644666671753,0.45704159140586853,0.195649191737175,0.17509716749191284,0.1774495542049408,0.17945529520511627,0.17061135172843933,0.17109373211860657,0.1720571666955948,0.19859139621257782,0.18983204662799835,0.22883187234401703,0.22466954588890076,0.3798477351665497,0.38640618324279785,0.605973482131958,0.6136284470558167,0.8070093393325806,0.8069809079170227,0.8691301941871643,0.8732022047042847,0.8702520132064819,0.8719576597213745,0.850764274597168,0.8483946323394775,0.8589716553688049,0.8596609830856323,1.2008659839630127,1.1492639780044556,1.5049165487289429,1.4844164848327637,1.538673996925354,1.5283656120300293,1.6166952848434448,1.5962045192718506
0.40460875630378723,0.42155060172080994,0.42699480056762695,0.4242948889732361,0.4230918288230896,0.40910348296165466,0.4078613221645355,0.40679776668548584,0.40482643246650696,0.3971101939678192,0.390455424785614,0.3862590193748474,0.38201647996902466,0.3907167315483093,0.39076048135757446,0.39524275064468384,0.3980053961277008,0.3886212110519409,0.3906368911266327,0.39425554871559143,0.39745479822158813,0.7767942547798157,0.7966341376304626,0.8297090530395508,0.8598273992538452,0.8822612166404724,0.8362802267074585,0.87383633852005,0.8927269577980042,0.9075334668159485,0.8360481858253479,0.8757235407829285,0.8988182544708252,0.9155972599983215,0.833631694316864,0.8628480434417725,0.8723421096801758,0.8768927454948425,0.8311675190925598,0.8555048704147339,0.863653302192688,0.8668676614761353,0.6139095425605774,0.597396194934845,0.591289222240448,0.590315043926239,0.5872814655303955,0.6088979244232178,0.6027682423591614,0.5967025756835938,0.591804563999176,0.6176892518997192,0.6109418869018555,0.603339672088623,0.5968401432037354,0.6222360134124756,0.6166609525680542,0.6094135046005249,0.603071391582489,0.6238878965377808,0.6199396848678589,0.6145410537719727,0.6093717813491821,0.8090402483940125,0.8256323933601379,0.8546864986419678,0.883206307888031,0.90423983335495,0.87717604637146,0.912225067615509,0.9278531670570374,0.9388075470924377,0.8788648247718811,0.9138936400413513,0.928087592124939,0.9364721775054932,0.8767526745796204,0.9083985090255737,0.9225545525550842,0.9308673143386841,0.8737838864326477,0.9003134965896606,0.9129213094711304,0.9203494787216187,0.5027651190757751,0.5161847472190857,0.5216483473777771,0.5265902280807495,0.4940873980522156,0.4872002601623535,0.4812367558479309,0.5359868407249451,0.47197121381759644,0.5155852437019348,0.49016624689102173,0.5870060324668884,0.4256879985332489,0.608613908290863,0.4027610123157501,0.613345742225647,0.40857967734336853,0.6166085004806519,0.39977577328681946,0.6047330498695374,0.41362467408180237,0.5997673273086548,0.4228805601596832,0.5559196472167969,0.4567676782608032,0.5623026490211487,0.45141905546188354,0.5499779582023621,0.44455403089523315,0.5505702495574951,0.44455087184906006,0.5294856429100037,0.4577479362487793,0.19548340141773224,0.17505231499671936,0.17743444442749023,0.17945468425750732,0.1704864799976349,0.1709921956062317,0.1719825267791748,0.19864648580551147,0.18983234465122223,0.22876332700252533,0.22452391684055328,0.3798706829547882,0.38634032011032104,0.6059561371803284,0.6097634434700012,0.8070038557052612,0.7931399941444397,0.8691806793212891,0.8542560935020447,0.8702737092971802,0.8538333177566528,0.8507633805274963,0.8329862356185913,0.8584277033805847,0.8591172695159912,1.200703740119934,1.1493008136749268,1.5044591426849365,1.4846280813217163,1.5384031534194946,1.528605580329895,1.6146142482757568,1.5960314273834229
0.40812402963638306,0.4243339002132416,0.4304366111755371,0.42805349826812744,0.42596882581710815,0.4128889739513397,0.41142401099205017,0.4116355776786804,0.4095265865325928,0.4006810486316681,0.3935643136501312,0.38840755820274353,0.3828396201133728,0.39458584785461426,0.39274725317955017,0.39273229241371155,0.3921807110309601,0.3928915858268738,0.39222973585128784,0.39311695098876953,0.39399218559265137,0.7571924924850464,0.770034909248352,0.8006591796875,0.8297232985496521,0.8519052267074585,0.8031690120697021,0.8324659466743469,0.8386241793632507,0.8395858407020569,0.8030643463134766,0.8356091976165771,0.8525001406669617,0.8640706539154053,0.8025835752487183,0.8327335119247437,0.8457633256912231,0.854625403881073,0.803465723991394,0.8276339173316956,0.8388904929161072,0.8461928367614746,0.6139805316925049,0.5974749326705933,0.5912948250770569,0.5903533697128296,0.5874706506729126,0.6088622212409973,0.6029075384140015,0.5967829823493958,0.5917961597442627,0.6176547408103943,0.6111097931861877,0.6034285426139832,0.5968093276023865,0.622173547744751,0.6167857050895691,0.609488308429718,0.6030288338661194,0.6237730979919434,0.6198776364326477,0.6144532561302185,0.6091647148132324,0.8091632723808289,0.8255407810211182,0.8547489643096924,0.8832414150238037,0.9042432308197021,0.8771219849586487,0.9120107889175415,0.9275032877922058,0.9381301403045654,0.8787747621536255,0.9136397242546082,0.9277256727218628,0.9358496069908142,0.8767764568328857,0.9084790349006653,0.9228787422180176,0.931335985660553,0.8739408254623413,0.9005484580993652,0.9133920669555664,0.920907199382782,0.502889096736908,0.5162920355796814,0.5217078924179077,0.5266671776771545,0.4942478537559509,0.48730605840682983,0.48138222098350525,0.536049485206604,0.4720524251461029,0.5156867504119873,0.49026116728782654,0.587050199508667,0.4257752299308777,0.608642578125,0.40268027782440186,0.6133095026016235,0.41265466809272766,0.6164853572845459,0.4031292796134949,0.6046340465545654,0.41420239210128784,0.5996869802474976,0.423358291387558,0.5557592511177063,0.4558506906032562,0.5620154142379761,0.45214006304740906,0.5507344603538513,0.44649162888526917,0.5515483617782593,0.44635143876075745,0.5315106511116028,0.46026697754859924,0.19542181491851807,0.17505276203155518,0.17743735015392303,0.17945952713489532,0.17046600580215454,0.17097978293895721,0.17197129130363464,0.1986943930387497,0.18984481692314148,0.228739395737648,0.2244569957256317,0.3798999786376953,0.3858429789543152,0.6059405207633972,0.600445568561554,0.8069988489151001,0.7652997970581055,0.869230329990387,0.8186292052268982,0.8702839612960815,0.8204526305198669,0.8507590293884277,0.8008872270584106,0.8571469783782959,0.8574869632720947,1.2000365257263184,1.1487617492675781,1.5014811754226685,1.4841254949569702,1.5358957052230835,1.5278156995773315,1.6091392040252686,1.5949594974517822
0.4127579339127403,0.4275889356207573,0.43450293885634295,0.4340364599760445,0.43110742285099146,0.4167058024058927,0.4166461313054384,0.41783948185823017,0.4166800365997715,0.4051451424230527,0.40132526988401307,0.3992582604269102,0.3960002469667506,0.39948737486078123,0.3991989683816507,0.4002482048058754,0.4014285941137971,0.39757429581035264,0.39868999139756384,0.40032586157782435,0.40196803557178773,0.7270111926649129,0.7228774856505433,0.7455581866418153,0.7681206923088492,0.7860750296858741,0.741541431130393,0.7593887907784282,0.7567642791130388,0.7508312925374946,0.7462827068295871,0.7736445643866533,0.7902863237405698,0.8000161707816859,0.7533423670184486,0.7834302830975365,0.796032281527691,0.7959133107947531,0.7599722825470567,0.7836754016741596,0.7910447196133338,0.791078482318343,0.6139891743659973,0.5974903702735901,0.5913047194480896,0.5903384685516357,0.5874816179275513,0.6088607311248779,0.6028403043746948,0.5967311263084412,0.5917590856552124,0.6176413893699646,0.611036479473114,0.6033971309661865,0.596805214881897,0.6221962571144104,0.6167251467704773,0.6094716191291809,0.6030715703964233,0.6238605380058289,0.6199524402618408,0.6145543456077576,0.6092913150787354,0.8093433380126953,0.8256252408027649,0.8547243475914001,0.8833476901054382,0.9045394659042358,0.8774919509887695,0.9123411774635315,0.9278548955917358,0.9385092258453369,0.8791561722755432,0.9139739871025085,0.9281067252159119,0.9363044500350952,0.8771184086799622,0.9087417125701904,0.9230284690856934,0.931486964225769,0.8742306232452393,0.9008360505104065,0.9136579036712646,0.9212859869003296,0.5030292272567749,0.5164309740066528,0.5217943787574768,0.5268070697784424,0.49436745047569275,0.4873761236667633,0.4814785122871399,0.536126434803009,0.4720800220966339,0.5158610939979553,0.4903584420681,0.5870476365089417,0.4258776605129242,0.6086786389350891,0.4025750756263733,0.6132939457893372,0.4188232719898224,0.6164184212684631,0.4117041826248169,0.6045644879341125,0.41607487201690674,0.5996025800704956,0.4238796532154083,0.5554243922233582,0.45448222756385803,0.5620297789573669,0.4516114592552185,0.5522648096084595,0.4465879797935486,0.5533208847045898,0.4466443359851837,0.5335509181022644,0.45951318740844727,0.1954166442155838,0.17505379021167755,0.17744220793247223,0.17947357892990112,0.17044472694396973,0.17096564173698425,0.17195788025856018,0.1988036036491394,0.18987834453582764,0.22874243557453156,0.2244393229484558,0.3802848756313324,0.38570910692214966,0.6059454679489136,0.5901899933815002,0.8067640662193298,0.7312661409378052,0.869225263595581,0.7763168811798096,0.8702590465545654,0.770519495010376,0.8506361842155457,0.7554922699928284,0.85964035987854,0.8597899675369263,1.202564001083374,1.1498161554336548,1.5015310049057007,1.4851691722869873,1.5360852479934692,1.5290868282318115,1.6087805032730103,1.5951738357543945
0.4183488403687816,0.4310971893360227,0.4387429679855654,0.4406500185380508,0.4370213181298068,0.42053407981204366,0.4220079779932247,0.4241247740455997,0.4241500673437418,0.40973907852645985,0.41069826200213966,0.4145892326763546,0.4166359640896069,0.40458518535971566,0.4081567231644811,0.41450351497740057,0.41908419395161445,0.4023721966372114,0.40858895301075837,0.41361303137905564,0.41693486033239047,0.6841695936734763,0.67534893056039,0.6846432478405656,0.7019919762021767,0.7195352403756448,0.6748681937956131,0.6735290095529215,0.6657141300104685,0.6564084733482879,0.6840812532015177,0.7033380818150641,0.7197760295787461,0.7290417163084135,0.6952241518859894,0.7179269283929124,0.7284692805246904,0.7289376761724923,0.7050274134459248,0.7222921674020755,0.7279925192569295,0.7274439637228393,0.6139140129089355,0.5974200963973999,0.5912251472473145,0.5903366208076477,0.5874306559562683,0.608715832233429,0.6029226779937744,0.5968904495239258,0.5919422507286072,0.6175385117530823,0.6110399961471558,0.6034110188484192,0.5967572331428528,0.6221479177474976,0.6166799068450928,0.6094616055488586,0.6029988527297974,0.6238687634468079,0.6198822259902954,0.6144547462463379,0.6091467142105103,0.8094754219055176,0.8255783915519714,0.8546890020370483,0.8834382891654968,0.9046550393104553,0.8773022890090942,0.9123935103416443,0.9282294511795044,0.9392211437225342,0.8789734244346619,0.9137983918190002,0.9283044934272766,0.9369990825653076,0.876991331577301,0.9085704684257507,0.923109233379364,0.9318279027938843,0.8742330074310303,0.9008224010467529,0.9138155579566956,0.9215705990791321,0.5031641125679016,0.5164802670478821,0.5218194127082825,0.526818037033081,0.494510680437088,0.4875108003616333,0.48164138197898865,0.5361416339874268,0.4721396267414093,0.515974760055542,0.49058640003204346,0.5870528817176819,0.425931453704834,0.6087767481803894,0.401529461145401,0.6132879853248596,0.41891857981681824,0.616402268409729,0.41616445779800415,0.6045581698417664,0.4185444414615631,0.5995972752571106,0.423991322517395,0.5544513463973999,0.4524790048599243,0.5602037906646729,0.4512195885181427,0.551902174949646,0.44647303223609924,0.5527816414833069,0.4461137056350708,0.5332723259925842,0.45961230993270874,0.19551900029182434,0.1751483827829361,0.17748261988162994,0.1794954091310501,0.17060041427612305,0.17116139829158783,0.17208744585514069,0.19881318509578705,0.1900382786989212,0.2287641167640686,0.2244451344013214,0.3805311620235443,0.3854157626628876,0.6060642004013062,0.581601619720459,0.8067408800125122,0.68471759557724,0.8692230582237244,0.7237025499343872,0.8702325820922852,0.7030649185180664,0.8504809141159058,0.6873781085014343,0.8577856421470642,0.8568630814552307,1.19502854347229,1.1430444717407227,1.4932368993759155,1.476241946220398,1.5295722484588623,1.5211416482925415,1.5976282358169556,1.5819177627563477
0.42333319783210754,0.43445733189582825,0.44250378012657166,0.44482043385505676,0.4409908056259155,0.4243725836277008,0.4274781048297882,0.43030446767807007,0.4311698079109192,0.4144217073917389,0.41688627004623413,0.4244171977043152,0.4297269582748413,0.40948259830474854,0.4147002398967743,0.4237596392631531,0.4299284815788269,0.4069124162197113,0.41428568959236145,0.4214179515838623,0.4258769750595093,0.6392257213592529,0.6278943419456482,0.6261499524116516,0.6373692750930786,0.6528186202049255,0.6092045307159424,0.5922049283981323,0.5796688795089722,0.5666417479515076,0.620703935623169,0.6304792165756226,0.6454493999481201,0.6541351079940796,0.6344051957130432,0.6484019160270691,0.6575832962989807,0.6604765057563782,0.6465622186660767,0.6564009785652161,0.6609896421432495,0.6615226864814758,0.6138777136802673,0.5973507761955261,0.5910910964012146,0.5902485847473145,0.5872480869293213,0.6087030172348022,0.6028949022293091,0.5967997312545776,0.5918133854866028,0.6175506711006165,0.6110386848449707,0.6033800840377808,0.5966888666152954,0.6221557855606079,0.6166824102401733,0.6094818115234375,0.60300213098526,0.6238498687744141,0.6197978854179382,0.6143953800201416,0.6090906858444214,0.8096290826797485,0.8254570364952087,0.8544009327888489,0.8831954002380371,0.9044666886329651,0.8771973252296448,0.9121600985527039,0.9280539751052856,0.939114511013031,0.87892746925354,0.9133679866790771,0.9279940128326416,0.9368951916694641,0.8770408630371094,0.9082056879997253,0.9227591156959534,0.9316269755363464,0.8744609355926514,0.9007923007011414,0.9137377738952637,0.9215142726898193,0.5032916069030762,0.5164953470230103,0.5218369364738464,0.5268323421478271,0.4946325719356537,0.48767438530921936,0.4818653166294098,0.5361459255218506,0.47232121229171753,0.5160444974899292,0.4909003973007202,0.5870658755302429,0.4258594214916229,0.6088324785232544,0.40083903074264526,0.6133154630661011,0.41804108023643494,0.6164100766181946,0.4159905016422272,0.604660153388977,0.4187428653240204,0.5996711850166321,0.42387041449546814,0.5543584823608398,0.4524499177932739,0.5603809952735901,0.4512656629085541,0.553652822971344,0.4464793801307678,0.5543673038482666,0.4457525908946991,0.5355554819107056,0.46258750557899475,0.1955801248550415,0.17520281672477722,0.17748631536960602,0.17949482798576355,0.1708734929561615,0.17153185606002808,0.17239534854888916,0.19881804287433624,0.19030305743217468,0.22870254516601562,0.22443655133247375,0.3805784583091736,0.3852280378341675,0.6062169075012207,0.583567202091217,0.8066746592521667,0.6292986869812012,0.8692070841789246,0.6489364504814148,0.8702272176742554,0.6139723658561707,0.850412130355835,0.6033660173416138,0.8551554679870605,0.8560751080513,1.1878294944763184,1.1432433128356934,1.4899729490280151,1.475553035736084,1.5277591943740845,1.5209532976150513,1.5969315767288208,1.5803982019424438
0.4270479225028057,0.43760246078936965,0.4454178439501264,0.4464506144912695,0.44179430703854966,0.42995442326692385,0.43365461302033786,0.4365523430295251,0.4376677028783557,0.4197909650060878,0.41929837446709944,0.4240625269676395,0.42702553265659754,0.4141000990500482,0.4182162311259791,0.42655172527280827,0.43184248973972084,0.41064531666162235,0.4153150201725083,0.42235900156255646,0.4268124494489888,0.5901211993739924,0.5805704214163518,0.5711989380895214,0.5750574394133032,0.5859316540362433,0.5448761603999246,0.5158639854730072,0.4984020399755089,0.4815099601597782,0.554391707324914,0.5438609214057203,0.5499375865007085,0.5517704550125394,0.5682317686948137,0.574148909050526,0.5855092615051442,0.5918846427773451,0.5824368659315685,0.584502725376157,0.5904122172068429,0.5940565671698123,0.6138859987258911,0.5971717238426208,0.5909129977226257,0.5900728106498718,0.5870368480682373,0.6088207960128784,0.6027281880378723,0.5964952707290649,0.591408371925354,0.6176707744598389,0.6107946634292603,0.60304194688797,0.5963395237922668,0.6222086548805237,0.616439938545227,0.6091064214706421,0.6026002168655396,0.6238383054733276,0.6197840571403503,0.6143389940261841,0.6090110540390015,0.8096566200256348,0.8253722190856934,0.8545023798942566,0.8831626176834106,0.9042383432388306,0.8773828744888306,0.9124199748039246,0.9282503128051758,0.9393099546432495,0.8791976571083069,0.9137007594108582,0.9282816052436829,0.9372928738594055,0.8773286938667297,0.9086106419563293,0.9230573773384094,0.9319243431091309,0.8746445775032043,0.90118008852005,0.9141449928283691,0.9219629168510437,0.503454327583313,0.5166537165641785,0.5219303965568542,0.526991069316864,0.4948209226131439,0.4878232181072235,0.4820450246334076,0.5361670255661011,0.47238847613334656,0.5161255598068237,0.49102938175201416,0.5870529413223267,0.42545291781425476,0.6089053750038147,0.39747872948646545,0.6133076548576355,0.421220600605011,0.6164976954460144,0.41972672939300537,0.6046571135520935,0.4243273138999939,0.5995990633964539,0.42810818552970886,0.5544499158859253,0.45249536633491516,0.5615187287330627,0.45194122195243835,0.5572263598442078,0.4471087157726288,0.5585219264030457,0.4457087218761444,0.5385116934776306,0.467386931180954,0.19666071236133575,0.1759224683046341,0.17794980108737946,0.17990127205848694,0.17175142467021942,0.1722823828458786,0.17288854718208313,0.1989423930644989,0.1903202384710312,0.22924447059631348,0.22481079399585724,0.38047513365745544,0.3852766156196594,0.6063860654830933,0.5922693610191345,0.8066667318344116,0.5924423336982727,0.8691673278808594,0.5790992975234985,0.8702256679534912,0.5504373908042908,0.8503892421722412,0.5570487380027771,0.8526045083999634,0.856098473072052,1.1831213235855103,1.1432104110717773,1.4841549396514893,1.4724153280258179,1.5226396322250366,1.5186034440994263,1.5939580202102661,1.5762510299682617
0.42978736836674003,0.4404881176546585,0.4477060877614531,0.447771203817344,0.4413097967430763,0.4365524218569346,0.44008116431828503,0.44250611481075386,0.4435575611954299,0.42547836467284844,0.4211604769746515,0.4200839353349074,0.4182528045281301,0.4182623396339819,0.4212206670758466,0.42916336678273115,0.43342461066740234,0.413323013328378,0.41630942728740705,0.4230798784128455,0.427235534192641,0.538579156319463,0.533307558800275,0.5178114535674763,0.5137663223463186,0.518922786871175,0.48152861359999743,0.44398928627734924,0.4235540618312403,0.4051159177759602,0.48669151540930844,0.45265226642879597,0.443271699976499,0.43295139908774877,0.49874176203115506,0.4956255536134606,0.5107253920404586,0.5223819505854003,0.5142781356206527,0.5076383810513763,0.5166329911275249,0.525244058363631,0.6134383082389832,0.5968372225761414,0.5907485485076904,0.5898768305778503,0.5869088172912598,0.6084668636322021,0.6021299362182617,0.595914363861084,0.5909401774406433,0.617385983467102,0.6104920506477356,0.6027547121047974,0.5961493849754333,0.6220253109931946,0.6163957715034485,0.6091853976249695,0.6028622984886169,0.6237101554870605,0.6197335720062256,0.6143768429756165,0.6091878414154053,0.8097381591796875,0.8255444765090942,0.8546301126480103,0.8831853866577148,0.904220461845398,0.8779056668281555,0.9127900004386902,0.9283789992332458,0.9392724633216858,0.8793418407440186,0.9138596057891846,0.928195059299469,0.9369099736213684,0.877073347568512,0.9082813262939453,0.9226245284080505,0.9314531683921814,0.8740735054016113,0.9004888534545898,0.9132733941078186,0.9209251403808594,0.5034664869308472,0.5167112946510315,0.521981418132782,0.5271376967430115,0.49483489990234375,0.4878358244895935,0.48205336928367615,0.53633713722229,0.47239261865615845,0.5161722898483276,0.4910404086112976,0.5870383977890015,0.42444518208503723,0.6089088320732117,0.39546501636505127,0.6132251024246216,0.42782971262931824,0.6164923906326294,0.42179861664772034,0.6045879125595093,0.4326874315738678,0.5994189977645874,0.4386749267578125,0.5544276833534241,0.45218148827552795,0.5618228316307068,0.45207083225250244,0.5574713349342346,0.4474638104438782,0.5587965846061707,0.4456969201564789,0.5385721325874329,0.46791836619377136,0.19793903827667236,0.1767718493938446,0.17858068645000458,0.18039460480213165,0.17326480150222778,0.17373012006282806,0.17392367124557495,0.19934016466140747,0.19073231518268585,0.23006097972393036,0.22535476088523865,0.38042160868644714,0.3850223124027252,0.6064132452011108,0.5976278185844421,0.8066644668579102,0.5520738959312439,0.8691093921661377,0.5100724101066589,0.8702325224876404,0.4895256757736206,0.850411057472229,0.5114108324050903,0.8509238958358765,0.8557183146476746,1.1789861917495728,1.1420096158981323,1.4789248704910278,1.4706737995147705,1.518469214439392,1.518272042274475,1.5905441045761108,1.5739123821258545
0.4314241409301758,0.442746639251709,0.4495982825756073,0.4492000639438629,0.44146689772605896,0.4404749274253845,0.4451446533203125,0.44717469811439514,0.4480505585670471,0.4299931228160858,0.42340078949928284,0.4193556606769562,0.41534218192100525,0.4214288890361786,0.4234871566295624,0.4314786493778229,0.4355318546295166,0.4150252640247345,0.41727447509765625,0.42405804991722107,0.42834481596946716,0.5008298754692078,0.48636138439178467,0.4695740044116974,0.4563855528831482,0.4523877203464508,0.42419683933258057,0.3924526572227478,0.3721204996109009,0.353969931602478,0.4268063008785248,0.3932068943977356,0.37103182077407837,0.3524600565433502,0.439148873090744,0.4267562925815582,0.44225558638572693,0.45554396510124207,0.45566704869270325,0.44253483414649963,0.45090264081954956,0.46050336956977844,0.6139434576034546,0.59702068567276,0.5904329419136047,0.5895703434944153,0.5868160128593445,0.6083512902259827,0.6021432280540466,0.5957544445991516,0.5905065536499023,0.617182731628418,0.610413670539856,0.6026178002357483,0.5957881808280945,0.6216614842414856,0.6158968210220337,0.6084904670715332,0.601897656917572,0.6231768131256104,0.618927538394928,0.6133495569229126,0.6079131364822388,0.8100594878196716,0.825490415096283,0.8549527525901794,0.8831339478492737,0.903816282749176,0.878322422504425,0.9130381941795349,0.928577184677124,0.9392887949943542,0.8799407482147217,0.9144212007522583,0.928993821144104,0.9377991557121277,0.8779519200325012,0.9092264175415039,0.9236489534378052,0.9324725866317749,0.8751881122589111,0.9016677737236023,0.9145516157150269,0.9222379326820374,0.5034633874893188,0.5167266130447388,0.5219922661781311,0.5271778106689453,0.49484118819236755,0.4878433048725128,0.4820537865161896,0.536480724811554,0.4723875820636749,0.5161820650100708,0.49101075530052185,0.5868936777114868,0.4226147532463074,0.6089046001434326,0.39319470524787903,0.6130097508430481,0.4307698607444763,0.6164530515670776,0.423835813999176,0.6043701171875,0.43613699078559875,0.5990778207778931,0.44220560789108276,0.5544217824935913,0.4513665735721588,0.5619373917579651,0.452321320772171,0.5578076243400574,0.4495627284049988,0.5592576861381531,0.4469033479690552,0.5387501120567322,0.47012606263160706,0.19925566017627716,0.1774754673242569,0.17911604046821594,0.18075430393218994,0.1747867912054062,0.17532740533351898,0.17522607743740082,0.19973637163639069,0.19136807322502136,0.23063813149929047,0.2262372076511383,0.3803122639656067,0.38298264145851135,0.6063314080238342,0.5997537970542908,0.8066540956497192,0.5126457214355469,0.8690125346183777,0.46868568658828735,0.8702444434165955,0.44798409938812256,0.850426197052002,0.4675999879837036,0.847070038318634,0.8532677292823792,1.1741039752960205,1.1405059099197388,1.4725395441055298,1.4692045450210571,1.5121394395828247,1.517592191696167,1.58653724193573,1.5732014179229736
0.4316217005252838,0.44447407126426697,0.45120492577552795,0.4508918821811676,0.4430367648601532,0.44163134694099426,0.4469030499458313,0.44894030690193176,0.45028242468833923,0.43156298995018005,0.42637789249420166,0.42415812611579895,0.42246174812316895,0.4229200482368469,0.42528656125068665,0.4335877299308777,0.4382965564727783,0.4160782992839813,0.4182228744029999,0.4253626763820648,0.43036583065986633,0.4775632321834564,0.4563380181789398,0.43618321418762207,0.4191109538078308,0.41039884090423584,0.3931729197502136,0.363992303609848,0.3442547917366028,0.3263050317764282,0.39499175548553467,0.36494478583335876,0.3459014892578125,0.3291151523590088,0.40477800369262695,0.3861410915851593,0.39995765686035156,0.41325992345809937,0.4202198088169098,0.4034210443496704,0.4088643193244934,0.4175672233104706,0.6135654449462891,0.5968216061592102,0.5903102159500122,0.589342474937439,0.5865334868431091,0.6081661581993103,0.6016196608543396,0.5954181551933289,0.5904300808906555,0.6168698668479919,0.6098380088806152,0.6021765470504761,0.5955977439880371,0.6212912797927856,0.6152474284172058,0.6079650521278381,0.6016182899475098,0.6227648258209229,0.6184065937995911,0.6129265427589417,0.60770583152771,0.8104673624038696,0.8256142735481262,0.8544616103172302,0.8827200531959534,0.9035930037498474,0.8782035708427429,0.9127979278564453,0.9287620186805725,0.9401116967201233,0.8806635141372681,0.9146915078163147,0.9293581247329712,0.9386047720909119,0.8793201446533203,0.9102076888084412,0.9243714809417725,0.9331322908401489,0.8770515322685242,0.9031948447227478,0.9159464836120605,0.9236196279525757,0.5033870935440063,0.516737699508667,0.5220167636871338,0.5273730158805847,0.49472475051879883,0.487758606672287,0.4819563031196594,0.5369089245796204,0.4723711609840393,0.5163280963897705,0.49089065194129944,0.5868405699729919,0.42268654704093933,0.6089162230491638,0.3908168077468872,0.6128854751586914,0.4309905469417572,0.6163510084152222,0.4264795184135437,0.6040268540382385,0.4365308880805969,0.5987169146537781,0.4424090087413788,0.5544642806053162,0.4505557715892792,0.5619862079620361,0.45249998569488525,0.5576602816581726,0.4505874216556549,0.5591549277305603,0.4473816156387329,0.5380504727363586,0.47084441781044006,0.20007219910621643,0.17766207456588745,0.17921578884124756,0.18076881766319275,0.17568551003932953,0.17636369168758392,0.17622821033000946,0.19975562393665314,0.19197067618370056,0.23116859793663025,0.22723010182380676,0.37994250655174255,0.3822593092918396,0.6061798334121704,0.6002485156059265,0.8066531419754028,0.47961464524269104,0.8690415620803833,0.43593254685401917,0.8705087900161743,0.4069565534591675,0.8507214188575745,0.4211089611053467,0.8454919457435608,0.8521780967712402,1.1748878955841064,1.1383177042007446,1.4707121849060059,1.4677834510803223,1.5100725889205933,1.5173405408859253,1.5854907035827637,1.5723886489868164
0.4330320358276367,0.44626322388648987,0.45235365629196167,0.4508157968521118,0.44234582781791687,0.44271188974380493,0.4481131136417389,0.4501056671142578,0.45152953267097473,0.43248698115348816,0.42700186371803284,0.42442798614501953,0.4223313331604004,0.42375442385673523,0.4269961714744568,0.4353580176830292,0.4395754635334015,0.41687819361686707,0.41861945390701294,0.42581066489219666,0.43077585101127625,0.45501285791397095,0.4334260821342468,0.41136330366134644,0.39294251799583435,0.383611798286438,0.36930280923843384,0.33890318870544434,0.3194118142127991,0.30148017406463623,0.37009793519973755,0.33596673607826233,0.3143773674964905,0.2952801585197449,0.3800552189350128,0.36166098713874817,0.37677544355392456,0.39078718423843384,0.39574041962623596,0.3760150671005249,0.38097065687179565,0.3906584680080414,0.6128394603729248,0.596106767654419,0.5897324681282043,0.5887917280197144,0.5860165357589722,0.6072501540184021,0.601309061050415,0.5949956774711609,0.5897827744483948,0.6161158680915833,0.609742283821106,0.6019966006278992,0.5952454805374146,0.6207774877548218,0.6153555512428284,0.6079580783843994,0.601392388343811,0.6224200129508972,0.6183751225471497,0.6128453612327576,0.6075295805931091,0.810167133808136,0.8254550695419312,0.8545516729354858,0.8826614022254944,0.903422474861145,0.8777682781219482,0.9129648208618164,0.9287641048431396,0.9395487308502197,0.8797288537025452,0.9145193099975586,0.929173469543457,0.9377225637435913,0.8780615925788879,0.9095021486282349,0.9238056540489197,0.932257890701294,0.8755773305892944,0.9022135138511658,0.9151253700256348,0.9225456714630127,0.5033901929855347,0.5167298316955566,0.5220397114753723,0.5275285840034485,0.49465447664260864,0.4877018630504608,0.48193806409835815,0.5372332334518433,0.4723733067512512,0.5166276693344116,0.4908413887023926,0.5867639183998108,0.4227754771709442,0.6089816689491272,0.3895757794380188,0.6127440333366394,0.43216004967689514,0.616201639175415,0.4268918037414551,0.6035024523735046,0.4385126829147339,0.598194420337677,0.4448065161705017,0.5546384453773499,0.45031991600990295,0.5620251893997192,0.4526338279247284,0.5575512051582336,0.45124319195747375,0.5590332746505737,0.44768473505973816,0.5379990339279175,0.47109782695770264,0.20042107999324799,0.1777942180633545,0.1793244183063507,0.18079592287540436,0.17627964913845062,0.1770615577697754,0.17699705064296722,0.19986671209335327,0.19259200990200043,0.23158277571201324,0.22854211926460266,0.37984082102775574,0.38256019353866577,0.6060909628868103,0.5997283458709717,0.8066506385803223,0.46543505787849426,0.8690723776817322,0.4088546335697174,0.8705817461013794,0.38563376665115356,0.8508070707321167,0.40341758728027344,0.8452494144439697,0.8520408868789673,1.1742457151412964,1.1367956399917603,1.4678945541381836,1.4663339853286743,1.5071916580200195,1.516740083694458,1.5835224390029907,1.5715175867080688
0.4355592131614685,0.44775083661079407,0.45359814167022705,0.45165735483169556,0.442965030670166,0.44420838356018066,0.4501594603061676,0.45322394371032715,0.4547260105609894,0.43401971459388733,0.42814141511917114,0.4246576428413391,0.42079639434814453,0.4253884553909302,0.4278075397014618,0.43673136830329895,0.44153377413749695,0.41834351420402527,0.4206831753253937,0.4276752769947052,0.4323182702064514,0.437974750995636,0.419171005487442,0.3967248499393463,0.3777318000793457,0.3689669072628021,0.35449591279029846,0.3231968879699707,0.3037317395210266,0.2864081561565399,0.35556524991989136,0.3178428113460541,0.29528459906578064,0.2764543294906616,0.36620578169822693,0.34553948044776917,0.36054185032844543,0.3751472234725952,0.3814971148967743,0.36141282320022583,0.3676436245441437,0.3778268098831177,0.612598180770874,0.5957881808280945,0.589486300945282,0.5885533690452576,0.5855764746665955,0.6072092056274414,0.6009481549263,0.5946441292762756,0.5895125865936279,0.6159923672676086,0.6092169880867004,0.6014984846115112,0.5948407649993896,0.6204884648323059,0.6147683262825012,0.607560932636261,0.6011960506439209,0.6220627427101135,0.6179888844490051,0.6126056909561157,0.6073735356330872,0.8100517392158508,0.8257380127906799,0.8546929955482483,0.8829303979873657,0.9036909937858582,0.8784791827201843,0.913241982460022,0.9290102124214172,0.9399673342704773,0.8802447319030762,0.9145516753196716,0.9291687607765198,0.938157856464386,0.8783280253410339,0.9095655679702759,0.9241133332252502,0.9330551624298096,0.8756061792373657,0.9021210670471191,0.9152265191078186,0.9230543971061707,0.5034213662147522,0.5167359709739685,0.5220505595207214,0.5275861620903015,0.49464860558509827,0.48768582940101624,0.48194095492362976,0.5374326705932617,0.47237715125083923,0.5168423056602478,0.4908214211463928,0.586691677570343,0.42286211252212524,0.6090897917747498,0.3884018659591675,0.6126058101654053,0.43419989943504333,0.6160574555397034,0.4289705455303192,0.6029379963874817,0.44023486971855164,0.5976478457450867,0.4463878273963928,0.5547778010368347,0.45020928978919983,0.562002420425415,0.4526679813861847,0.5574676394462585,0.4515787959098816,0.5589395761489868,0.44775575399398804,0.5378919839859009,0.4716569185256958,0.20063044130802155,0.17786584794521332,0.1794126331806183,0.18083250522613525,0.1764073520898819,0.17721718549728394,0.17714950442314148,0.20002521574497223,0.1928114891052246,0.2319963574409485,0.22982120513916016,0.37977519631385803,0.3825235366821289,0.6060379147529602,0.5972743034362793,0.8066032528877258,0.44762924313545227,0.8690623044967651,0.39116930961608887,0.8705765008926392,0.3665485084056854,0.8507923483848572,0.3865196108818054,0.8449665307998657,0.8518540859222412,1.1739146709442139,1.1367378234863281,1.4672846794128418,1.4666509628295898,1.5068222284317017,1.5171945095062256,1.5829797983169556,1.5719574689865112
0.4368126094341278,0.44848549365997314,0.4551732838153839,0.45319458842277527,0.4441811740398407,0.44524863362312317,0.4505610466003418,0.45450907945632935,0.45768553018569946,0.43533560633659363,0.42902612686157227,0.4260578751564026,0.4229744076728821,0.42671453952789307,0.42932748794555664,0.4376269280910492,0.4416610300540924,0.4195760488510132,0.4221777021884918,0.4293520450592041,0.4337233901023865,0.43314284086227417,0.41477134823799133,0.3916640281677246,0.372820109128952,0.3644826114177704,0.35058173537254333,0.3200095295906067,0.30216193199157715,0.2869417071342468,0.3514404296875,0.31409400701522827,0.2915343642234802,0.27287113666534424,0.3618340492248535,0.34129640460014343,0.35665199160575867,0.37095871567726135,0.3771613836288452,0.3578725755214691,0.3650924265384674,0.37584376335144043,0.612716794013977,0.59576016664505,0.5893452763557434,0.5882457494735718,0.5853108763694763,0.6075082421302795,0.6008723378181458,0.594231367111206,0.5888411998748779,0.6161825060844421,0.6092026233673096,0.601250171661377,0.5944401025772095,0.6204451322555542,0.6146038770675659,0.6071555018424988,0.600605845451355,0.6217634081840515,0.617619514465332,0.6120642423629761,0.6066297292709351,0.8102920055389404,0.8260259628295898,0.8550761342048645,0.8832882642745972,0.903856635093689,0.8785665035247803,0.9133169651031494,0.9290539026260376,0.939889132976532,0.8803083300590515,0.9146409034729004,0.9293439984321594,0.9384750127792358,0.8783954977989197,0.9097922444343567,0.9245117902755737,0.9335094690322876,0.8756588101387024,0.9024264216423035,0.9159226417541504,0.9239785671234131,0.5036562085151672,0.5168513655662537,0.5221591591835022,0.5279214978218079,0.4947136640548706,0.4876924157142639,0.48199450969696045,0.5378338694572449,0.4723820090293884,0.5172876715660095,0.49086835980415344,0.5866744518280029,0.42328640818595886,0.6091403961181641,0.386894553899765,0.6124683022499084,0.43469107151031494,0.6158420443534851,0.4291193187236786,0.6023817658424377,0.44094914197921753,0.5971257090568542,0.4474066197872162,0.5548716187477112,0.45019036531448364,0.5619826912879944,0.4526176154613495,0.5572521686553955,0.4514663815498352,0.5586537718772888,0.44705307483673096,0.5377429127693176,0.47143641114234924,0.2005661576986313,0.17786478996276855,0.17942015826702118,0.18083426356315613,0.17637133598327637,0.17719872295856476,0.17714478075504303,0.20004065334796906,0.19286967813968658,0.2319965660572052,0.22987350821495056,0.3796863853931427,0.3813544809818268,0.6059759855270386,0.5937945246696472,0.8066235780715942,0.44199997186660767,0.8691232800483704,0.3859277665615082,0.8705663084983826,0.35839372873306274,0.8507792949676514,0.3796509802341461,0.8441504836082458,0.8511742353439331,1.1723639965057373,1.1357219219207764,1.4643927812576294,1.4663376808166504,1.5040532350540161,1.5172287225723267,1.5807428359985352,1.5718533992767334
0.43874311447143555,0.4502876400947571,0.45628905296325684,0.45408573746681213,0.4447823464870453,0.44600552320480347,0.4494452178478241,0.45395004749298096,0.4588412046432495,0.43585067987442017,0.4287358224391937,0.4271368682384491,0.42599284648895264,0.42726922035217285,0.42971858382225037,0.43811872601509094,0.442327082157135,0.42030811309814453,0.42314475774765015,0.42994225025177,0.4339468479156494,0.43651899695396423,0.41928815841674805,0.39512309432029724,0.37660858035087585,0.3702935576438904,0.3527567386627197,0.32461461424827576,0.3116670846939087,0.3032294809818268,0.3536754250526428,0.318441241979599,0.29798367619514465,0.28222644329071045,0.36450958251953125,0.3444758951663971,0.36104512214660645,0.3765907287597656,0.3806955814361572,0.36150169372558594,0.3690553605556488,0.3797071576118469,0.6129586100578308,0.5959811806678772,0.5893481373786926,0.5880569815635681,0.5851846933364868,0.6072066426277161,0.6005748510360718,0.5939480066299438,0.5885315537452698,0.6157676577568054,0.6087844371795654,0.600818932056427,0.5939650535583496,0.6199859380722046,0.613955557346344,0.6063880324363708,0.599790096282959,0.6211994886398315,0.6168138980865479,0.6110732555389404,0.6055435538291931,0.8101272583007812,0.8252777457237244,0.8547449707984924,0.8831268548965454,0.9039122462272644,0.8784307837486267,0.9132969975471497,0.9292142987251282,0.9402276873588562,0.8805409669876099,0.9147897362709045,0.9295920133590698,0.9389392137527466,0.8790943026542664,0.9103455543518066,0.9249504804611206,0.934019148349762,0.8767895102500916,0.9034138321876526,0.9166666865348816,0.9245929718017578,0.5038142800331116,0.5169820189476013,0.5222572684288025,0.5282189846038818,0.49477052688598633,0.48769521713256836,0.4820287525653839,0.5382573008537292,0.47238391637802124,0.5177099704742432,0.49091264605522156,0.5866572856903076,0.42331352829933167,0.6091454029083252,0.3855827748775482,0.6122717261314392,0.4356144368648529,0.6155780553817749,0.429521381855011,0.6020253300666809,0.4419544041156769,0.5968133807182312,0.44852983951568604,0.5549308657646179,0.45006388425827026,0.561892569065094,0.45241212844848633,0.5567703247070312,0.45106083154678345,0.5580163598060608,0.4461345970630646,0.5375903248786926,0.47134703397750854,0.20056277513504028,0.17786628007888794,0.1794246882200241,0.18083101511001587,0.17637494206428528,0.17722760140895844,0.1772267073392868,0.20009811222553253,0.19314692914485931,0.23203834891319275,0.2301405519247055,0.37969061732292175,0.38119998574256897,0.6060013175010681,0.5918087959289551,0.8066266775131226,0.4477393925189972,0.8692090511322021,0.3892088830471039,0.8705648183822632,0.3665158450603485,0.8507610559463501,0.3868730366230011,0.8436921238899231,0.8506203889846802,1.171754002571106,1.1347898244857788,1.4637532234191895,1.4656645059585571,1.5035356283187866,1.5170739889144897,1.5801324844360352,1.571062684059143
0.4386027455329895,0.4509093761444092,0.45687663555145264,0.4549684226512909,0.44577711820602417,0.4473998248577118,0.4499741196632385,0.4534647762775421,0.4582706391811371,0.436387300491333,0.42786791920661926,0.4279411733150482,0.429500937461853,0.4275977909564972,0.4293542206287384,0.4376319944858551,0.4423459470272064,0.4208049178123474,0.42449045181274414,0.4306443929672241,0.4343336224555969,0.44518953561782837,0.4285876452922821,0.40419384837150574,0.3869088888168335,0.38074633479118347,0.3605443835258484,0.3306979537010193,0.32208895683288574,0.3244202136993408,0.3629414439201355,0.3286818265914917,0.3121107816696167,0.30282062292099,0.37385696172714233,0.3534667491912842,0.3692511022090912,0.38412320613861084,0.39000940322875977,0.3725692331790924,0.38186153769493103,0.39349666237831116,0.6127415299415588,0.5960238575935364,0.5892806053161621,0.5878328680992126,0.5849759578704834,0.6069218516349792,0.6000969409942627,0.5935806035995483,0.5882764458656311,0.6152383089065552,0.6081457138061523,0.6002791523933411,0.593472421169281,0.6193175911903381,0.6132238507270813,0.6057169437408447,0.5991803407669067,0.6204614043235779,0.6160850524902344,0.6104186177253723,0.6049079298973083,0.8103008270263672,0.8251320719718933,0.8546690940856934,0.8833612203598022,0.9045458436012268,0.8786126971244812,0.9137619137763977,0.9301567077636719,0.9416948556900024,0.8811260461807251,0.9155213236808777,0.9302681088447571,0.9395008683204651,0.8800060153007507,0.9112703204154968,0.925595223903656,0.934552013874054,0.8779972791671753,0.9045799374580383,0.9176654815673828,0.9256876111030579,0.5041178464889526,0.5172767043113708,0.5224698781967163,0.5288889408111572,0.4949994683265686,0.48775655031204224,0.4821699857711792,0.5388844013214111,0.4723961651325226,0.5183440446853638,0.4912586510181427,0.5866907238960266,0.4235478639602661,0.6091436743736267,0.38470733165740967,0.6120115518569946,0.4364549517631531,0.6152452826499939,0.42971861362457275,0.6016138195991516,0.4433540403842926,0.5964418053627014,0.4501878321170807,0.5549349188804626,0.4499073624610901,0.5618398189544678,0.4521631896495819,0.5566226840019226,0.45047810673713684,0.5579612851142883,0.4453372359275818,0.536860466003418,0.4710744321346283,0.20058917999267578,0.1778695285320282,0.17942117154598236,0.18080125749111176,0.17644822597503662,0.17737025022506714,0.17744922637939453,0.20006448030471802,0.19344747066497803,0.2320343405008316,0.2302500456571579,0.37968742847442627,0.3797190487384796,0.6060644388198853,0.5899359583854675,0.8066501617431641,0.4550534188747406,0.8692997694015503,0.3971436023712158,0.8705753684043884,0.37666934728622437,0.850762665271759,0.396096795797348,0.8430911302566528,0.8500963449478149,1.1716538667678833,1.1347814798355103,1.4639440774917603,1.4652479887008667,1.5034008026123047,1.516632080078125,1.5803413391113281,1.570638656616211
0.4406113028526306,0.45213520526885986,0.45821091532707214,0.45592525601387024,0.4469928741455078,0.44855955243110657,0.45058029890060425,0.454600065946579,0.4592815339565277,0.43696123361587524,0.42660123109817505,0.42923036217689514,0.43351444602012634,0.42801520228385925,0.42873814702033997,0.4374351501464844,0.4426861107349396,0.42188575863838196,0.4245290458202362,0.4310625493526459,0.43495720624923706,0.45531928539276123,0.4401007294654846,0.41701894998550415,0.4020698666572571,0.39661842584609985,0.3699738085269928,0.3396117687225342,0.33415356278419495,0.34526553750038147,0.37369096279144287,0.3386874794960022,0.3267960548400879,0.3261491358280182,0.38608604669570923,0.36786553263664246,0.3822872042655945,0.39699167013168335,0.4034271538257599,0.38846418261528015,0.39558929204940796,0.4050690531730652,0.6125597357749939,0.5959790945053101,0.5892002582550049,0.5876253247261047,0.584953248500824,0.6068350076675415,0.600193440914154,0.5936540365219116,0.5882943272590637,0.6150524020195007,0.608085036277771,0.6001513004302979,0.5932210087776184,0.6190910935401917,0.6129893064498901,0.6054116487503052,0.598721981048584,0.6201642751693726,0.6157039999961853,0.6099762320518494,0.6043389439582825,0.8104684948921204,0.8253905773162842,0.854515016078949,0.883152186870575,0.904613733291626,0.8779900074005127,0.9129332900047302,0.9294216632843018,0.9411265850067139,0.8809956312179565,0.915177583694458,0.9301570653915405,0.9396610856056213,0.8803766369819641,0.9116032719612122,0.9260156154632568,0.9349716305732727,0.8788661360740662,0.9053272604942322,0.9184492230415344,0.9265487194061279,0.5045684576034546,0.5178099274635315,0.5229113101959229,0.5301209092140198,0.495329350233078,0.4879286587238312,0.48236963152885437,0.5396289229393005,0.4724622070789337,0.5190868377685547,0.4918975234031677,0.5867824554443359,0.423578143119812,0.6091172099113464,0.3842800557613373,0.6118125915527344,0.4376021921634674,0.6149991750717163,0.42999354004859924,0.601431667804718,0.4449932873249054,0.5962858200073242,0.4519887864589691,0.5549517273902893,0.44974395632743835,0.5618007183074951,0.4521647095680237,0.5565710663795471,0.4504358172416687,0.5578891038894653,0.4452531933784485,0.5368168354034424,0.4713350236415863,0.20061278343200684,0.17787304520606995,0.1794145256280899,0.18078382313251495,0.17650319635868073,0.1775037795305252,0.17769663035869598,0.19995872676372528,0.19370922446250916,0.2319946587085724,0.23037689924240112,0.37980788946151733,0.37578222155570984,0.6061726808547974,0.5898659825325012,0.8066878318786621,0.4629209339618683,0.8694475293159485,0.40705662965774536,0.8706567287445068,0.38687676191329956,0.8508163094520569,0.40598753094673157,0.8414354920387268,0.8485686779022217,1.169895052909851,1.1342318058013916,1.4628398418426514,1.4648826122283936,1.5023044347763062,1.516294002532959,1.579115390777588,1.5702718496322632
0.4404425323009491,0.45195022225379944,0.45869195461273193,0.4562591016292572,0.44738703966140747,0.4492792785167694,0.4515714645385742,0.4556906819343567,0.4588363468647003,0.438139945268631,0.4277040362358093,0.4314887523651123,0.43626657128334045,0.4294419288635254,0.42983484268188477,0.4371016025543213,0.44086045026779175,0.4233073592185974,0.42533043026924133,0.43142908811569214,0.43484798073768616,0.4657553732395172,0.45161959528923035,0.42889562249183655,0.41445407271385193,0.41082170605659485,0.38169237971305847,0.35095149278640747,0.3479524552822113,0.3628588318824768,0.3852078318595886,0.3499426245689392,0.34057244658470154,0.34518638253211975,0.3974478244781494,0.38260945677757263,0.3960854411125183,0.4098731279373169,0.4141305088996887,0.40174999833106995,0.4083547592163086,0.4165935218334198,0.6124357581138611,0.5958335399627686,0.5891377925872803,0.5875918865203857,0.5849259495735168,0.6068215370178223,0.600279688835144,0.59371417760849,0.5882837772369385,0.6149354577064514,0.6080081462860107,0.6000332236289978,0.593045175075531,0.6189039349555969,0.6128480434417725,0.6052590608596802,0.5986087322235107,0.6199658513069153,0.6156487464904785,0.6100082397460938,0.6044253706932068,0.8106018900871277,0.825523853302002,0.8547332286834717,0.8836387991905212,0.9054334163665771,0.8783870935440063,0.9135899543762207,0.9299779534339905,0.9415437579154968,0.8809865713119507,0.9154954552650452,0.9303874969482422,0.9396070241928101,0.8801128268241882,0.9113773107528687,0.9257345795631409,0.9346486330032349,0.8784471750259399,0.9049429297447205,0.9179760217666626,0.9260454177856445,0.5050064921379089,0.518237292766571,0.5232816338539124,0.5309964418411255,0.49564969539642334,0.48813769221305847,0.4826388657093048,0.5401555299758911,0.47265195846557617,0.5196923017501831,0.49258044362068176,0.5868704319000244,0.4235885739326477,0.609111487865448,0.3839385211467743,0.6117346286773682,0.43796589970588684,0.6148231625556946,0.4301992952823639,0.6013351678848267,0.4453158378601074,0.5962330102920532,0.4524715542793274,0.5550636649131775,0.449689120054245,0.5617876052856445,0.4521603286266327,0.5565519332885742,0.45040369033813477,0.5578723549842834,0.44523733854293823,0.5367705225944519,0.47124531865119934,0.20076103508472443,0.17793473601341248,0.17942959070205688,0.18079322576522827,0.17667722702026367,0.17776137590408325,0.17811952531337738,0.19993603229522705,0.19414415955543518,0.23199087381362915,0.23055145144462585,0.3799651265144348,0.375118613243103,0.6061868667602539,0.5899959802627563,0.8068148493766785,0.47077634930610657,0.8700634837150574,0.4204861521720886,0.8710285425186157,0.3977670669555664,0.8510897755622864,0.415759801864624,0.8398900032043457,0.847586452960968,1.1682476997375488,1.1341947317123413,1.462632656097412,1.464600682258606,1.5021241903305054,1.515814185142517,1.5791844129562378,1.5701544284820557
0.4409061372280121,0.45299795269966125,0.45951852202415466,0.45646166801452637,0.4477614462375641,0.4503302276134491,0.4522547721862793,0.4561893939971924,0.4593469798564911,0.43881818652153015,0.4279303252696991,0.43197742104530334,0.43716543912887573,0.4299391806125641,0.43024617433547974,0.43806788325309753,0.44251498579978943,0.42382293939590454,0.4258422553539276,0.4321175813674927,0.4360180199146271,0.47192150354385376,0.45772844552993774,0.43577858805656433,0.42201000452041626,0.41766220331192017,0.38971853256225586,0.3585452139377594,0.3556513786315918,0.3701953887939453,0.39345067739486694,0.3583360016345978,0.35038942098617554,0.355768084526062,0.40543246269226074,0.39133164286613464,0.4046119153499603,0.4177098870277405,0.42193174362182617,0.4105132818222046,0.4175330400466919,0.425589919090271,0.6123421788215637,0.595909833908081,0.5894991159439087,0.5880690813064575,0.5851505398750305,0.6068642735481262,0.6003060340881348,0.593707263469696,0.5883000493049622,0.6149508357048035,0.6079180836677551,0.5999160408973694,0.5929837226867676,0.618956983089447,0.6128551959991455,0.6053135991096497,0.5987144112586975,0.6200709939002991,0.6156612634658813,0.6100133061408997,0.6045060157775879,0.8112966418266296,0.8267910480499268,0.8558658957481384,0.8847606778144836,0.9063517451286316,0.8786961436271667,0.9136671423912048,0.9299478530883789,0.9414219856262207,0.8811547756195068,0.9154949188232422,0.9303461909294128,0.9396573305130005,0.8802379369735718,0.911484956741333,0.9258731603622437,0.9348136186599731,0.8786019086837769,0.9050426483154297,0.9180394411087036,0.9260709285736084,0.5052523612976074,0.5184990167617798,0.523526132106781,0.5315674543380737,0.49588489532470703,0.48834386467933655,0.48291510343551636,0.5406369566917419,0.4729972183704376,0.520043134689331,0.49319326877593994,0.5870378017425537,0.42349085211753845,0.6091083884239197,0.38332968950271606,0.6116693615913391,0.43812665343284607,0.6146916151046753,0.43055248260498047,0.6012203693389893,0.44607266783714294,0.5961559414863586,0.4529571831226349,0.555087149143219,0.44964122772216797,0.5615147948265076,0.45214226841926575,0.5562694072723389,0.4503770172595978,0.5575507879257202,0.4452606439590454,0.5367372632026672,0.47116076946258545,0.20085175335407257,0.1779642403125763,0.1794329583644867,0.18079014122486115,0.17687195539474487,0.17805908620357513,0.17859391868114471,0.1998625248670578,0.19441327452659607,0.2319491058588028,0.23057949542999268,0.3801289200782776,0.3750777542591095,0.6062282919883728,0.5913113355636597,0.8070268034934998,0.4764711856842041,0.8711891770362854,0.4280565083026886,0.8718160390853882,0.40527763962745667,0.8517619371414185,0.4240819811820984,0.8399592638015747,0.8476040959358215,1.1685104370117188,1.1343036890029907,1.4628946781158447,1.4647594690322876,1.5021872520446777,1.5159618854522705,1.5793377161026,1.5703033208847046
0.4417420029640198,0.4533993899822235,0.4595436453819275,0.45730242133140564,0.4486425817012787,0.4500115215778351,0.45172327756881714,0.4560399353504181,0.45997920632362366,0.4387851357460022,0.4277476966381073,0.43220239877700806,0.43796223402023315,0.42996203899383545,0.43042242527008057,0.43883034586906433,0.44371140003204346,0.42405185103416443,0.4255364239215851,0.432058721780777,0.4361806809902191,0.4715391993522644,0.45813122391700745,0.4370594918727875,0.4233570694923401,0.4189442992210388,0.39075949788093567,0.35931938886642456,0.3559255003929138,0.3690923750400543,0.3944646120071411,0.3574346899986267,0.3506470024585724,0.3567897081375122,0.4067394435405731,0.3919065296649933,0.4056848883628845,0.41857776045799255,0.4234311580657959,0.4104733467102051,0.41806739568710327,0.42705896496772766,0.6125607490539551,0.5964245200157166,0.5902882814407349,0.5888854265213013,0.5860590934753418,0.6073474287986755,0.6008920669555664,0.5942569971084595,0.5888185501098633,0.6151880621910095,0.6082603335380554,0.6002292037010193,0.5932202935218811,0.6190168261528015,0.6129044890403748,0.6053470969200134,0.598720133304596,0.6199612021446228,0.6155071258544922,0.6098698377609253,0.6043307781219482,0.8126428723335266,0.8277271389961243,0.8564542531967163,0.8852171301841736,0.9068486094474792,0.8790804743766785,0.9136994481086731,0.9299493432044983,0.9413754940032959,0.8816969990730286,0.9154720902442932,0.9302279353141785,0.9394670724868774,0.88104248046875,0.9117767810821533,0.9259949326515198,0.9348241686820984,0.8797388076782227,0.9058283567428589,0.9185978174209595,0.9264616370201111,0.5054847598075867,0.5187295079231262,0.5237576365470886,0.5320510268211365,0.4961138665676117,0.48852407932281494,0.4831436574459076,0.5410021543502808,0.4732368588447571,0.5203781723976135,0.4936354458332062,0.5871689915657043,0.4234643280506134,0.609109103679657,0.3830088675022125,0.6116233468055725,0.43881484866142273,0.6146652102470398,0.43103262782096863,0.6012176275253296,0.4473167061805725,0.5961527228355408,0.4541832208633423,0.5551031231880188,0.4495299756526947,0.561213493347168,0.4521036148071289,0.5560357570648193,0.450324147939682,0.5572249293327332,0.44524112343788147,0.5367360711097717,0.47108718752861023,0.2008965015411377,0.17797371745109558,0.17942948639392853,0.18077600002288818,0.17703557014465332,0.17832814157009125,0.17903918027877808,0.19980646669864655,0.19466495513916016,0.23187416791915894,0.23063908517360687,0.3803441822528839,0.3749248683452606,0.6062750220298767,0.592132031917572,0.807068407535553,0.479389488697052,0.8714627027511597,0.42902836203575134,0.8722735047340393,0.4081389307975769,0.8521671295166016,0.4288261830806732,0.840032160282135,0.8476207256317139,1.1685657501220703,1.1343598365783691,1.4630730152130127,1.4647912979125977,1.5025041103363037,1.515989065170288,1.5794122219085693,1.5704803466796875
0.442914754152298,0.4539683759212494,0.4601321220397949,0.4582512080669403,0.44938790798187256,0.45052632689476013,0.4523448348045349,0.45647403597831726,0.45993614196777344,0.4393268823623657,0.42827272415161133,0.43302756547927856,0.43889012932777405,0.43084996938705444,0.4310460090637207,0.43924838304519653,0.44368448853492737,0.4247376322746277,0.4267919957637787,0.4332415461540222,0.4367976784706116,0.4659647047519684,0.45152920484542847,0.43063467741012573,0.4163494408130646,0.411103755235672,0.3835771381855011,0.35310715436935425,0.3500460088253021,0.3647318184375763,0.38798820972442627,0.35242465138435364,0.34505677223205566,0.3512466549873352,0.40087056159973145,0.3850455582141876,0.3975430130958557,0.4100474715232849,0.41820618510246277,0.4048020839691162,0.4108452796936035,0.4183829426765442,0.6129939556121826,0.5968960523605347,0.5909378528594971,0.5895385146141052,0.5869258642196655,0.6080566644668579,0.6018875241279602,0.5951856970787048,0.5895628333091736,0.6158004999160767,0.6093997359275818,0.6012544631958008,0.5940266251564026,0.6195416450500488,0.6139584183692932,0.6063233017921448,0.5994718670845032,0.6203985214233398,0.6163111925125122,0.6106458902359009,0.6048845648765564,0.8126504421234131,0.8280738592147827,0.8571354746818542,0.8853676915168762,0.9067574143409729,0.8788816332817078,0.9130872488021851,0.9297299385070801,0.9413610100746155,0.8811782598495483,0.9147475957870483,0.9299115538597107,0.9390338063240051,0.8802952170372009,0.9108795523643494,0.9254977703094482,0.9344001412391663,0.8788676261901855,0.9048803448677063,0.9179631471633911,0.9259430766105652,0.5056867003440857,0.5189188718795776,0.5239576101303101,0.5324292778968811,0.49626481533050537,0.4886155426502228,0.4832603633403778,0.5413334965705872,0.4733680188655853,0.5206887125968933,0.4938613176345825,0.5872774124145508,0.42341357469558716,0.6091100573539734,0.3829253613948822,0.6116132736206055,0.43907031416893005,0.6146613955497742,0.4308696389198303,0.6012919545173645,0.44730570912361145,0.5961914658546448,0.4544448256492615,0.5551102757453918,0.449485719203949,0.5605173707008362,0.4520087242126465,0.5548799633979797,0.45017263293266296,0.5558974742889404,0.44509822130203247,0.5363876819610596,0.47083780169487,0.20090742409229279,0.17797896265983582,0.1794188916683197,0.18075713515281677,0.17709654569625854,0.1784382164478302,0.1792241632938385,0.19978412985801697,0.19488655030727386,0.23183386027812958,0.23065920174121857,0.381089448928833,0.374968558549881,0.6063385605812073,0.5927866697311401,0.8068297505378723,0.47540464997291565,0.8713768720626831,0.42254260182380676,0.8722785711288452,0.4014257788658142,0.852170467376709,0.42154932022094727,0.840484619140625,0.847980797290802,1.168965220451355,1.1343939304351807,1.4631365537643433,1.464845895767212,1.5027750730514526,1.5160025358200073,1.5794920921325684,1.5705523490905762
0.4433493912220001,0.4544619023799896,0.4606550931930542,0.4591805934906006,0.45064640045166016,0.45054566860198975,0.4526221454143524,0.45687225461006165,0.46082937717437744,0.4395717978477478,0.4288822412490845,0.43371641635894775,0.43982166051864624,0.43097278475761414,0.43141454458236694,0.43998080492019653,0.4446725845336914,0.42490580677986145,0.4280244708061218,0.4344714879989624,0.4376911520957947,0.4583745002746582,0.4435677230358124,0.4201638996601105,0.40472424030303955,0.3992336392402649,0.3747504651546478,0.34515029191970825,0.34021952748298645,0.35254842042922974,0.3789377808570862,0.3441322445869446,0.33493098616600037,0.33936575055122375,0.39163440465927124,0.37295448780059814,0.38586875796318054,0.3990872800350189,0.4088035225868225,0.3940585255622864,0.4001143276691437,0.4078764319419861,0.613889217376709,0.5977044701576233,0.591759204864502,0.5904499888420105,0.5879378914833069,0.6088225245475769,0.6028881669044495,0.5963223576545715,0.5907649397850037,0.6165691614151001,0.61016845703125,0.6020723581314087,0.5948237180709839,0.6202789545059204,0.6145381331443787,0.6068504452705383,0.5999411940574646,0.6211174130439758,0.6168177723884583,0.6110424399375916,0.6052099466323853,0.8134340047836304,0.8290188908576965,0.8575839400291443,0.8857219815254211,0.9069948792457581,0.8785089254379272,0.9127659797668457,0.9295192956924438,0.9413355588912964,0.8810985684394836,0.9147037267684937,0.9300891160964966,0.9394353628158569,0.8805705904960632,0.9110939502716064,0.9258129596710205,0.9346921443939209,0.879485011100769,0.9054069519042969,0.9184956550598145,0.9264673590660095,0.5057300925254822,0.5189840793609619,0.52402263879776,0.5325161218643188,0.49627619981765747,0.4886239469051361,0.4832710921764374,0.5415477156639099,0.4733997583389282,0.5208185315132141,0.49392175674438477,0.5874497294425964,0.423617422580719,0.6091121435165405,0.3828977644443512,0.6116191744804382,0.43996259570121765,0.6146631240844727,0.43167296051979065,0.6014619469642639,0.44862690567970276,0.5963631272315979,0.45583418011665344,0.5551159977912903,0.44948574900627136,0.560411810874939,0.4517894983291626,0.5541538000106812,0.4500897228717804,0.5550552010536194,0.4450085759162903,0.5356702208518982,0.47061002254486084,0.2009129524230957,0.1779792755842209,0.17939630150794983,0.1806969940662384,0.17714281380176544,0.17853949964046478,0.1793711930513382,0.1997145265340805,0.1950574815273285,0.23181737959384918,0.23086942732334137,0.3813296854496002,0.37452396750450134,0.6063871383666992,0.5925584435462952,0.8068463206291199,0.4730618894100189,0.8714038133621216,0.4174710512161255,0.8723441362380981,0.3966939151287079,0.8522486686706543,0.41741669178009033,0.8405376672744751,0.8479545712471008,1.1690505743026733,1.1342278718948364,1.46340012550354,1.4648106098175049,1.502941608428955,1.5160011053085327,1.5796657800674438,1.5705536603927612
0.44332802295684814,0.45449432730674744,0.4607008099555969,0.45922592282295227,0.45070743560791016,0.45159563422203064,0.45340389013290405,0.4571162760257721,0.4617731273174286,0.44059473276138306,0.4300941526889801,0.4345090091228485,0.4409753084182739,0.43180525302886963,0.43273866176605225,0.4411558210849762,0.4460596740245819,0.42532798647880554,0.4281684160232544,0.43458443880081177,0.4379304349422455,0.44850438833236694,0.43383359909057617,0.41007348895072937,0.39228737354278564,0.3849969208240509,0.36443230509757996,0.33479043841362,0.3271225392818451,0.33595263957977295,0.36814409494400024,0.3338226079940796,0.3242984712123871,0.3272653818130493,0.3799363374710083,0.36070191860198975,0.37512633204460144,0.3900110721588135,0.39583462476730347,0.3780425488948822,0.38682985305786133,0.3980672359466553,0.6149723529815674,0.5987887382507324,0.5927138924598694,0.5913580656051636,0.5889075994491577,0.6099360585212708,0.6040199995040894,0.5973666310310364,0.5917401313781738,0.6177839636802673,0.6112308502197266,0.6031373739242554,0.5958942174911499,0.6215731501579285,0.6155614256858826,0.6078774333000183,0.6009767651557922,0.6224415302276611,0.617931067943573,0.6121821403503418,0.6064006090164185,0.8141595125198364,0.8285233378410339,0.8574538230895996,0.885805070400238,0.9072929620742798,0.8789328336715698,0.9135691523551941,0.9303069710731506,0.9417862892150879,0.8814993500709534,0.9154982566833496,0.9306786060333252,0.9394327998161316,0.8810722231864929,0.9117132425308228,0.9262828826904297,0.9349636435508728,0.8800004720687866,0.9059088826179504,0.9189289808273315,0.9269461035728455,0.5057533383369446,0.5190126299858093,0.5240660309791565,0.5325652360916138,0.49628135561943054,0.48863083124160767,0.4832765460014343,0.5416736602783203,0.4734064042568207,0.5209400057792664,0.49392732977867126,0.5875680446624756,0.42390841245651245,0.6091189980506897,0.382779985666275,0.6117528080940247,0.44063085317611694,0.6146737337112427,0.4319194555282593,0.6019123196601868,0.44918397068977356,0.5969130992889404,0.4567427337169647,0.5551539063453674,0.44947510957717896,0.5602241158485413,0.45146843791007996,0.5534643530845642,0.44992467761039734,0.5542681813240051,0.4447349011898041,0.535263180732727,0.4705691933631897,0.20090176165103912,0.1779417097568512,0.17933416366577148,0.18060480058193207,0.1771470159292221,0.17855556309223175,0.1793924868106842,0.19967521727085114,0.19508782029151917,0.23178941011428833,0.23101770877838135,0.38139835000038147,0.37447306513786316,0.6065974831581116,0.5917755365371704,0.8073207139968872,0.467029869556427,0.8718177080154419,0.4065444767475128,0.8727157115936279,0.3878241181373596,0.852717936038971,0.41012492775917053,0.8407191038131714,0.8479361534118652,1.1705132722854614,1.1342368125915527,1.463578701019287,1.4648257493972778,1.5030399560928345,1.5160685777664185,1.5797953605651855,1.5704535245895386
0.4431629478931427,0.4549563527107239,0.46121951937675476,0.4590863585472107,0.4506482481956482,0.45190146565437317,0.45463231205940247,0.4583578109741211,0.4631337523460388,0.44111692905426025,0.43198084831237793,0.4357556998729706,0.441535085439682,0.4324586093425751,0.4319813549518585,0.4406566917896271,0.4460974931716919,0.4261283278465271,0.42681336402893066,0.43338724970817566,0.43758752942085266,0.4411180317401886,0.4252018928527832,0.4009174406528473,0.38124099373817444,0.3716382384300232,0.35843202471733093,0.3301045000553131,0.3179219365119934,0.3178531229496002,0.3600664734840393,0.3242403566837311,0.3131398558616638,0.31361663341522217,0.37008458375930786,0.34587717056274414,0.3589756190776825,0.37457898259162903,0.3847591280937195,0.3644826114177704,0.3715057969093323,0.3828064501285553,0.6156982779502869,0.5996969938278198,0.5936952233314514,0.5924094915390015,0.5900046825408936,0.6110169887542725,0.6049126982688904,0.5983030796051025,0.5927603244781494,0.6186960935592651,0.612017035484314,0.6040313839912415,0.5969253778457642,0.6223685145378113,0.6162506937980652,0.6085649132728577,0.6017708778381348,0.623115599155426,0.6184812188148499,0.6126958131790161,0.6069721579551697,0.815055251121521,0.8296762108802795,0.8581207394599915,0.8863146305084229,0.9078699350357056,0.8800706267356873,0.9141396880149841,0.9305327534675598,0.9419810175895691,0.8827632665634155,0.9164143204689026,0.9314277172088623,0.940500795841217,0.8823913931846619,0.9128633737564087,0.9271879196166992,0.9359578490257263,0.8813517093658447,0.907131016254425,0.9199707508087158,0.928045392036438,0.5057958364486694,0.5190399289131165,0.524103581905365,0.5326021313667297,0.49630114436149597,0.48863744735717773,0.48329588770866394,0.5417650938034058,0.47341474890708923,0.5210278034210205,0.49393483996391296,0.5876721739768982,0.4245305359363556,0.6091400980949402,0.38281211256980896,0.6120734810829163,0.4405921399593353,0.6150481104850769,0.43244409561157227,0.6028591990470886,0.44936037063598633,0.597899317741394,0.456837922334671,0.5551599860191345,0.4494401812553406,0.5598257184028625,0.4512961804866791,0.5532585978507996,0.44983428716659546,0.5541365742683411,0.4445537030696869,0.5350449085235596,0.4705040156841278,0.20086219906806946,0.17789769172668457,0.17927837371826172,0.18053269386291504,0.17712390422821045,0.17854784429073334,0.17938727140426636,0.1996137797832489,0.19510604441165924,0.2317640781402588,0.2311442494392395,0.3814418911933899,0.3732929825782776,0.6071438193321228,0.5899022221565247,0.8078291416168213,0.4632536768913269,0.8721125721931458,0.4020247459411621,0.8731476664543152,0.3819238543510437,0.8532602190971375,0.40387269854545593,0.8407819271087646,0.8477841019630432,1.1714879274368286,1.134250283241272,1.4637776613235474,1.4649661779403687,1.5032577514648438,1.516572117805481,1.5798673629760742,1.5704851150512695
0.44366341829299927,0.4558659791946411,0.4623350203037262,0.4593948721885681,0.4516385793685913,0.45382437109947205,0.45792698860168457,0.4620187282562256,0.4665907323360443,0.44316697120666504,0.43693846464157104,0.43808308243751526,0.4413386583328247,0.4348624050617218,0.4296255111694336,0.43581146001815796,0.44296544790267944,0.4278026819229126,0.4214733839035034,0.4257906973361969,0.4325536787509918,0.4385089874267578,0.42055612802505493,0.39666029810905457,0.37670594453811646,0.3642480969429016,0.35587459802627563,0.32721006870269775,0.3124002516269684,0.3005620539188385,0.3549771308898926,0.3225965201854706,0.3048141896724701,0.2924801707267761,0.36347082257270813,0.33800268173217773,0.3316376209259033,0.33127474784851074,0.3774429261684418,0.3562859296798706,0.3511624038219452,0.35262084007263184,0.6164353489875793,0.6002917289733887,0.5943362712860107,0.5930097103118896,0.5906939506530762,0.611504316329956,0.6058260202407837,0.5991858839988708,0.5935207605361938,0.6194782853126526,0.6133802533149719,0.6052500009536743,0.5979014039039612,0.6234326958656311,0.6180166602134705,0.6102432012557983,0.6031907796859741,0.6244393587112427,0.6203745007514954,0.6146209836006165,0.6087204217910767,0.8144704699516296,0.8293832540512085,0.8582610487937927,0.8865492343902588,0.9081564545631409,0.8800255060195923,0.9144213795661926,0.9307273030281067,0.941757321357727,0.8821932673454285,0.9160873889923096,0.9311021566390991,0.9396461248397827,0.88128662109375,0.9121227264404297,0.9266397953033447,0.9352317452430725,0.8799111843109131,0.906187117099762,0.919297456741333,0.9272230267524719,0.5058807134628296,0.5191041231155396,0.5241819024085999,0.5326939821243286,0.49632948637008667,0.4886426031589508,0.48330265283584595,0.5419367551803589,0.47342047095298767,0.5212096571922302,0.4939741790294647,0.5877578258514404,0.42506980895996094,0.6091646552085876,0.3826545476913452,0.6124287843704224,0.44163164496421814,0.6158040761947632,0.43432146310806274,0.6039649248123169,0.4500221610069275,0.598939836025238,0.4571135640144348,0.5552195310592651,0.44952642917633057,0.5596144199371338,0.4512976408004761,0.5532193779945374,0.4498223662376404,0.5541208386421204,0.44455021619796753,0.5349987745285034,0.4704510569572449,0.20082513988018036,0.17781499028205872,0.1791520118713379,0.1803581863641739,0.1771162748336792,0.17854255437850952,0.17938004434108734,0.1994984745979309,0.1951233148574829,0.23175062239170074,0.2314043641090393,0.3815053701400757,0.37309181690216064,0.607338547706604,0.5875856876373291,0.8078823685646057,0.4537939429283142,0.8721250295639038,0.3927021324634552,0.8733508586883545,0.3731822967529297,0.853484570980072,0.3940693438053131,0.8410378098487854,0.8478308320045471,1.1728308200836182,1.1343905925750732,1.4640889167785645,1.4651743173599243,1.5036344528198242,1.5168578624725342,1.5799156427383423,1.5706861019134521
0.4426434338092804,0.45526576042175293,0.462733656167984,0.45972612500190735,0.45256319642066956,0.4566583037376404,0.4622190594673157,0.46575674414634705,0.46850964426994324,0.44537004828453064,0.4424299895763397,0.4411430358886719,0.4400346279144287,0.43601930141448975,0.4315643608570099,0.4304461181163788,0.42996636033058167,0.4279709458351135,0.4222838878631592,0.419644296169281,0.4179629385471344,0.4377938508987427,0.42128825187683105,0.39844587445259094,0.3779182434082031,0.36342713236808777,0.3582192361354828,0.3273472189903259,0.3072810471057892,0.2895703911781311,0.3557732105255127,0.32061371207237244,0.2974967956542969,0.27747753262519836,0.3626973628997803,0.3355185091495514,0.31505677103996277,0.29615116119384766,0.37662914395332336,0.35706737637519836,0.3425215184688568,0.32801884412765503,0.6167038083076477,0.6008860468864441,0.5949298143386841,0.5936209559440613,0.5912805199623108,0.611993670463562,0.6064585447311401,0.5999652147293091,0.5944567918777466,0.6199654936790466,0.6139403581619263,0.6059992909431458,0.5988266468048096,0.6238929033279419,0.6185858845710754,0.6109726428985596,0.6040567755699158,0.62484210729599,0.620796799659729,0.6152044534683228,0.6095224618911743,0.8150599598884583,0.8295637965202332,0.8581817746162415,0.8866932988166809,0.9086783528327942,0.8802154064178467,0.9151973724365234,0.9314373731613159,0.9423774480819702,0.8825369477272034,0.91720050573349,0.9321051836013794,0.9403434991836548,0.8816684484481812,0.9130257964134216,0.9276311993598938,0.936221182346344,0.8802814483642578,0.9067456126213074,0.9198892712593079,0.9279156923294067,0.506128191947937,0.5192274451255798,0.5243536829948425,0.532868504524231,0.49640989303588867,0.4886583089828491,0.48331692814826965,0.5420910120010376,0.47342637181282043,0.5214546918869019,0.49407389760017395,0.5878006219863892,0.4263520836830139,0.6092116832733154,0.3825295567512512,0.6127753853797913,0.44149309396743774,0.6163908839225769,0.4346984922885895,0.6048367023468018,0.44983038306236267,0.5998283624649048,0.4569476544857025,0.5553610324859619,0.449720174074173,0.5595008730888367,0.4515308141708374,0.5532115697860718,0.45025956630706787,0.5541465282440186,0.44519075751304626,0.5347906351089478,0.47082552313804626,0.2006005495786667,0.1775742918252945,0.17893283069133759,0.180150106549263,0.1769004613161087,0.17835713922977448,0.17922121286392212,0.19935736060142517,0.1951364427804947,0.23172882199287415,0.2314152866601944,0.3815115690231323,0.37284648418426514,0.6076989769935608,0.5871923565864563,0.807930588722229,0.4526950418949127,0.8722152709960938,0.39004620909690857,0.8736724853515625,0.37097302079200745,0.8538097143173218,0.39202672243118286,0.8416289687156677,0.8479108214378357,1.1748610734939575,1.1343241930007935,1.4651707410812378,1.4651739597320557,1.5050201416015625,1.5168912410736084,1.5806611776351929,1.5706664323806763
0.4423775374889374,0.45509418845176697,0.46353426575660706,0.4585699439048767,0.4511937201023102,0.45882925391197205,0.46531403064727783,0.4683198630809784,0.4702214300632477,0.446804404258728,0.4449891149997711,0.4432893693447113,0.44127896428108215,0.4369661808013916,0.43106377124786377,0.4270937740802765,0.4238782823085785,0.4285500943660736,0.4206136465072632,0.41520747542381287,0.4106017053127289,0.4431653320789337,0.42865172028541565,0.4068860709667206,0.38614603877067566,0.37226352095603943,0.3651876747608185,0.33330237865448,0.31235143542289734,0.2941814363002777,0.36174866557121277,0.3242867887020111,0.2999715805053711,0.27971118688583374,0.36766353249549866,0.33599627017974854,0.3145577013492584,0.29583942890167236,0.3811289370059967,0.3582574427127838,0.3428786098957062,0.3281770646572113,0.6172820925712585,0.6013474464416504,0.5950679779052734,0.5937386155128479,0.591776430606842,0.6124176383018494,0.6066268682479858,0.6001732349395752,0.5947551727294922,0.6204135417938232,0.614166796207428,0.6062070727348328,0.5990742444992065,0.6242801547050476,0.6187275648117065,0.611149251461029,0.6043453216552734,0.6251663565635681,0.6210687756538391,0.6154270172119141,0.6096915602684021,0.8147704601287842,0.8289729356765747,0.8578088879585266,0.8865289688110352,0.9086399078369141,0.8800166249275208,0.9155160188674927,0.9319714307785034,0.9432439208030701,0.8824083805084229,0.9170889854431152,0.9320741295814514,0.9407385587692261,0.8816017508506775,0.9129412174224854,0.9275856018066406,0.9365045428276062,0.8803650736808777,0.9070013165473938,0.9204087257385254,0.9287142157554626,0.5061813592910767,0.5192493200302124,0.5243867039680481,0.532893180847168,0.49641746282577515,0.4886642098426819,0.48332342505455017,0.5422119498252869,0.4734395742416382,0.5215290784835815,0.4940733313560486,0.587909460067749,0.4265882670879364,0.6092792749404907,0.38231250643730164,0.6130793690681458,0.4413890540599823,0.616719126701355,0.43460962176322937,0.6053184270858765,0.44974014163017273,0.6003349423408508,0.45678287744522095,0.5554644465446472,0.4497823119163513,0.559348464012146,0.4516323506832123,0.553239643573761,0.45058268308639526,0.5543485879898071,0.44591617584228516,0.534779965877533,0.471002459526062,0.2005985975265503,0.17753860354423523,0.1788746416568756,0.18003405630588531,0.17689256370067596,0.1783483922481537,0.17921182513237,0.19921377301216125,0.19514022767543793,0.23180463910102844,0.2318432480096817,0.38153013586997986,0.3728558123111725,0.6084449887275696,0.5866469144821167,0.8084057569503784,0.45273569226264954,0.8729254007339478,0.38639307022094727,0.8745459318161011,0.37001797556877136,0.8547401428222656,0.39211562275886536,0.8424291014671326,0.8481989502906799,1.1766033172607422,1.1349040269851685,1.4680991172790527,1.4654433727264404,1.5087785720825195,1.517426609992981,1.5836155414581299,1.5709867477416992
0.4421693682670593,0.45479950308799744,0.4643733501434326,0.45760950446128845,0.448304146528244,0.4602440595626831,0.46727386116981506,0.47036826610565186,0.47238704562187195,0.44779568910598755,0.44636449217796326,0.44463175535202026,0.442522257566452,0.4376593828201294,0.4321116507053375,0.42794060707092285,0.4244798719882965,0.4288451373577118,0.42095285654067993,0.4154396057128906,0.4106931984424591,0.4516493082046509,0.43918469548225403,0.41860470175743103,0.39814475178718567,0.3874216675758362,0.37595054507255554,0.34485161304473877,0.32464125752449036,0.30727583169937134,0.3712458610534668,0.3327915370464325,0.3088875412940979,0.2892656922340393,0.37698686122894287,0.344011127948761,0.32321876287460327,0.3045780062675476,0.39076924324035645,0.3681485950946808,0.3540269136428833,0.3397347927093506,0.6168816089630127,0.6010662913322449,0.594899594783783,0.593725323677063,0.5918617844581604,0.6123455762863159,0.6066677570343018,0.6002089977264404,0.5947544574737549,0.6203388571739197,0.6143636107444763,0.6064448952674866,0.59930419921875,0.624220073223114,0.6189938187599182,0.6114943027496338,0.6046817302703857,0.6251077055931091,0.6212176084518433,0.6155938506126404,0.6098325848579407,0.8142287731170654,0.8289987444877625,0.8579197525978088,0.8864584565162659,0.908380925655365,0.87995845079422,0.9152991771697998,0.9318658113479614,0.9432132840156555,0.8820159435272217,0.9166080355644226,0.931780993938446,0.9407135844230652,0.8810590505599976,0.9125252962112427,0.9273294806480408,0.9363777041435242,0.8797513246536255,0.9065148234367371,0.920093297958374,0.9285253882408142,0.5062772631645203,0.519334077835083,0.5244919657707214,0.5330027937889099,0.4964863657951355,0.4886796176433563,0.48335668444633484,0.5423561930656433,0.47344934940338135,0.5216590762138367,0.49413827061653137,0.5879520773887634,0.4265841543674469,0.609312117099762,0.3823235332965851,0.6132552027702332,0.44137200713157654,0.6169221997261047,0.43463605642318726,0.6056451797485352,0.4499935507774353,0.6006672978401184,0.4567708671092987,0.5555336475372314,0.4497905373573303,0.5593196749687195,0.45168545842170715,0.5533248782157898,0.4506753981113434,0.5545504689216614,0.4462307393550873,0.5347768068313599,0.470978707075119,0.20059742033481598,0.17748525738716125,0.17878349125385284,0.17990528047084808,0.1768922507762909,0.17835187911987305,0.17922717332839966,0.19908051192760468,0.19516214728355408,0.23183216154575348,0.23200064897537231,0.38156071305274963,0.37217825651168823,0.6091383099555969,0.5860669016838074,0.8086856007575989,0.4548134505748749,0.8732564449310303,0.38999128341674805,0.8750202059745789,0.3738841712474823,0.855217456817627,0.39551910758018494,0.8424464464187622,0.8481845259666443,1.1767016649246216,1.1348897218704224,1.4689600467681885,1.4653241634368896,1.509919285774231,1.5172855854034424,1.5843029022216797,1.570981502532959
0.44237175583839417,0.4547605812549591,0.4641379714012146,0.45699161291122437,0.44680556654930115,0.4605568051338196,0.467858225107193,0.47130659222602844,0.4733565151691437,0.44809490442276,0.44651100039482117,0.4443829655647278,0.4417838454246521,0.43787631392478943,0.43188995122909546,0.42769771814346313,0.4242446720600128,0.4292515516281128,0.42063775658607483,0.41457945108413696,0.40967610478401184,0.46696972846984863,0.45464685559272766,0.43497616052627563,0.4165337085723877,0.4074939489364624,0.39153578877449036,0.3610460162162781,0.3405172526836395,0.322274386882782,0.38671571016311646,0.34921541810035706,0.3254741132259369,0.3051387369632721,0.3926221430301666,0.36052098870277405,0.33916041254997253,0.3194466829299927,0.40668413043022156,0.38396766781806946,0.369748055934906,0.35529476404190063,0.6171924471855164,0.601292610168457,0.5950208902359009,0.5938031673431396,0.5917063355445862,0.6123356819152832,0.6066194176673889,0.6001281142234802,0.5946668982505798,0.6203678250312805,0.6142845749855042,0.6063505411148071,0.5992075204849243,0.6242806911468506,0.618869960308075,0.6112592816352844,0.6043614745140076,0.6251795887947083,0.6210781931877136,0.6153595447540283,0.6095577478408813,0.8143079876899719,0.8289713263511658,0.8577046394348145,0.8863002061843872,0.9083500504493713,0.8799123167991638,0.9150182008743286,0.9317020177841187,0.9432570338249207,0.8823456168174744,0.9166077375411987,0.931845486164093,0.9410111308097839,0.8816583156585693,0.9128314256668091,0.9274499416351318,0.9364163875579834,0.8805439472198486,0.9071210622787476,0.9205472469329834,0.9289233684539795,0.5063683390617371,0.5194375514984131,0.5246424078941345,0.5331792235374451,0.49657201766967773,0.4887199103832245,0.48341020941734314,0.5424388647079468,0.4734538793563843,0.5217376947402954,0.4942186176776886,0.5879499316215515,0.4265094995498657,0.6093198657035828,0.38233503699302673,0.6133686900138855,0.44130939245224,0.6171249151229858,0.4346180260181427,0.605981171131134,0.45034435391426086,0.6009848117828369,0.4568652808666229,0.5555617213249207,0.4498184621334076,0.5593280792236328,0.45207250118255615,0.5534144043922424,0.4508455991744995,0.5549153685569763,0.4465339481830597,0.5341407060623169,0.4709474444389343,0.2005888968706131,0.1774522215127945,0.17873191833496094,0.17984667420387268,0.17689886689186096,0.1783725470304489,0.17927101254463196,0.19903972744941711,0.1952846497297287,0.2318325936794281,0.2319646030664444,0.38156840205192566,0.37038305401802063,0.6094946265220642,0.5858950614929199,0.808807909488678,0.45887669920921326,0.8733834028244019,0.39646607637405396,0.8752561211585999,0.38357487320899963,0.8554080128669739,0.40725013613700867,0.8424402475357056,0.8479632139205933,1.1753191947937012,1.1319947242736816,1.468859076499939,1.4622747898101807,1.5098673105239868,1.5142197608947754,1.5840260982513428,1.5679618120193481
0.4419042468070984,0.4543786644935608,0.4643610417842865,0.4572911560535431,0.44634923338890076,0.46034958958625793,0.4678894281387329,0.4715263843536377,0.4738698899745941,0.44783997535705566,0.4462995231151581,0.4441951811313629,0.44169631600379944,0.4376313388347626,0.43148094415664673,0.4271332025527954,0.423666387796402,0.4291045367717743,0.4203602373600006,0.414208322763443,0.409373939037323,0.4781501889228821,0.4676279127597809,0.4500204026699066,0.432780385017395,0.42453864216804504,0.4068174958229065,0.37640509009361267,0.3560449481010437,0.33750802278518677,0.4013194441795349,0.3635391592979431,0.3395295739173889,0.31851324439048767,0.40692606568336487,0.3749487102031708,0.35385677218437195,0.3339785635471344,0.4208811819553375,0.398717999458313,0.38489291071891785,0.37049102783203125,0.6166965961456299,0.6006323099136353,0.5941324234008789,0.5931382775306702,0.5912110805511475,0.6118599772453308,0.606196403503418,0.599759578704834,0.5943346619606018,0.6199311017990112,0.6136855483055115,0.6058027744293213,0.598761796951294,0.6239217519760132,0.6182829141616821,0.6106962561607361,0.6039178967475891,0.6249978542327881,0.620688259601593,0.6149249076843262,0.6092129349708557,0.815043032169342,0.8290480971336365,0.8577135801315308,0.8863713145256042,0.908332347869873,0.8807061314582825,0.9158925414085388,0.9321823120117188,0.9434001445770264,0.8830860257148743,0.9174720644950867,0.9324817657470703,0.9415805339813232,0.8822540044784546,0.9135702848434448,0.9280654191970825,0.9370089769363403,0.8809027671813965,0.9073887467384338,0.9205890893936157,0.9288884401321411,0.5064172744750977,0.519518256187439,0.5247548818588257,0.53333580493927,0.4966154992580414,0.4887655973434448,0.4834582209587097,0.542579710483551,0.4734594225883484,0.5218319296836853,0.49431610107421875,0.5880820155143738,0.426034152507782,0.6093505024909973,0.38235196471214294,0.613434374332428,0.44152960181236267,0.6171786189079285,0.4354950785636902,0.606084942817688,0.45162516832351685,0.6010992527008057,0.4572365880012512,0.55556720495224,0.4498139023780823,0.5594097375869751,0.4520670771598816,0.5534641742706299,0.4508119821548462,0.5549964904785156,0.44652965664863586,0.5341243743896484,0.47022610902786255,0.20063713192939758,0.17744407057762146,0.1787007451057434,0.1797877550125122,0.1769634485244751,0.1784745454788208,0.17939497530460358,0.19902952015399933,0.19543270766735077,0.23184841871261597,0.23199117183685303,0.38173407316207886,0.3704071640968323,0.609647274017334,0.5859336256980896,0.8089490532875061,0.46753814816474915,0.8736805319786072,0.41305020451545715,0.8758195042610168,0.3992926776409149,0.855904757976532,0.4255794286727905,0.8424649238586426,0.8478999733924866,1.1753212213516235,1.131479024887085,1.4690786600112915,1.4617408514022827,1.5101654529571533,1.5135855674743652,1.5840296745300293,1.5673260688781738
0.4418885111808777,0.45422178506851196,0.4645775556564331,0.45716506242752075,0.4455796480178833,0.46011629700660706,0.46764349937438965,0.47138941287994385,0.4739755392074585,0.447665810585022,0.4462273418903351,0.4442635774612427,0.4419170916080475,0.4375615417957306,0.43159908056259155,0.4272763133049011,0.4237651526927948,0.4289318025112152,0.42021602392196655,0.41400495171546936,0.40902847051620483,0.484311044216156,0.474846214056015,0.45806884765625,0.44139453768730164,0.43394196033477783,0.41563040018081665,0.3852929472923279,0.36526018381118774,0.3472936153411865,0.4097151458263397,0.371484637260437,0.34681475162506104,0.3256751298904419,0.4147637188434601,0.38206058740615845,0.3612789809703827,0.342019259929657,0.428375244140625,0.4070071280002594,0.39340317249298096,0.3792269825935364,0.6166014075279236,0.6004318594932556,0.5939996242523193,0.5927784442901611,0.5906750559806824,0.6115990877151489,0.6056739687919617,0.59912109375,0.593632161617279,0.6196374297142029,0.6133803129196167,0.6053584814071655,0.5982236266136169,0.6235811710357666,0.6178967952728271,0.6101078987121582,0.6031699180603027,0.6245117783546448,0.620241641998291,0.6142908334732056,0.6083961129188538,0.8146295547485352,0.8289682269096375,0.8580085039138794,0.8862143158912659,0.907701849937439,0.8804304599761963,0.9157885909080505,0.9322692155838013,0.9435514211654663,0.882719099521637,0.9174997210502625,0.932658314704895,0.9417629241943359,0.8819869756698608,0.9135347008705139,0.9278867244720459,0.936535120010376,0.8807490468025208,0.9073882102966309,0.9205036163330078,0.9283396005630493,0.5066030621528625,0.5196934938430786,0.5249906778335571,0.533659040927887,0.49676674604415894,0.48889753222465515,0.4835684895515442,0.5427196621894836,0.47350314259529114,0.5219666957855225,0.49459588527679443,0.5881457924842834,0.4258040487766266,0.6093786358833313,0.38236427307128906,0.6135140657424927,0.44184187054634094,0.6172462105751038,0.43625783920288086,0.6061496734619141,0.4525327980518341,0.6011648178100586,0.45767390727996826,0.5556057691574097,0.4498439431190491,0.5595235228538513,0.45202910900115967,0.5536137819290161,0.4508502781391144,0.5551973581314087,0.4467467665672302,0.5341206192970276,0.4700920879840851,0.20071254670619965,0.1774425506591797,0.1786915510892868,0.17977476119995117,0.1770460456609726,0.17857462167739868,0.17951305210590363,0.19901931285858154,0.19550751149654388,0.23189052939414978,0.23208403587341309,0.3820892870426178,0.3709264397621155,0.6097658276557922,0.5864521265029907,0.8089892268180847,0.47701337933540344,0.8737194538116455,0.42806801199913025,0.875909149646759,0.4124734401702881,0.8559554219245911,0.43822431564331055,0.8424645662307739,0.8479012846946716,1.1755568981170654,1.1311368942260742,1.4696935415267944,1.461400032043457,1.5106699466705322,1.5131973028182983,1.5843206644058228,1.566849946975708
0.4419805109500885,0.45451292395591736,0.4642108082771301,0.45716676115989685,0.44653525948524475,0.46053728461265564,0.46823951601982117,0.4718528389930725,0.47393277287483215,0.44822943210601807,0.4464908540248871,0.44430306553840637,0.44164860248565674,0.4381987154483795,0.43213793635368347,0.42758312821388245,0.4236934781074524,0.42960307002067566,0.4206468462944031,0.4140535593032837,0.40855109691619873,0.4861147105693817,0.47558116912841797,0.4581729769706726,0.4417438507080078,0.4340020418167114,0.41676002740859985,0.38598039746284485,0.3651404082775116,0.3464951515197754,0.4114631712436676,0.3734205663204193,0.34822022914886475,0.3266477882862091,0.41694092750549316,0.3845698833465576,0.3625872731208801,0.3425901234149933,0.4305550456047058,0.40916383266448975,0.395070880651474,0.380935937166214,0.6162302494049072,0.5999160408973694,0.5934981107711792,0.5922818183898926,0.5901719331741333,0.6112302541732788,0.6050638556480408,0.5983772277832031,0.5928401350975037,0.6192838549613953,0.6129146814346313,0.6048076748847961,0.5976693034172058,0.6231608986854553,0.6174649596214294,0.6096099615097046,0.6026793122291565,0.6239559650421143,0.6195885539054871,0.6135752201080322,0.6076671481132507,0.8146382570266724,0.8288149833679199,0.8578793406486511,0.8861144185066223,0.9074257612228394,0.8799534440040588,0.9153756499290466,0.931901216506958,0.9431925415992737,0.8824952840805054,0.9174878597259521,0.9325553178787231,0.9415255784988403,0.882011890411377,0.9137853980064392,0.9280024170875549,0.9364254474639893,0.8810107111930847,0.9079148173332214,0.9209977388381958,0.9285776615142822,0.5068172216415405,0.5198412537574768,0.525158166885376,0.5338538885116577,0.4969097077846527,0.48904332518577576,0.4836966097354889,0.5427759289741516,0.47359001636505127,0.5221197605133057,0.4949544370174408,0.5882376432418823,0.42556795477867126,0.6094170212745667,0.3823745846748352,0.6135699152946472,0.44212770462036133,0.6173137426376343,0.43638697266578674,0.6061664819717407,0.45287859439849854,0.6011773943901062,0.45782163739204407,0.5556226372718811,0.44984596967697144,0.5596408247947693,0.4518430531024933,0.5537152886390686,0.4506014585494995,0.5552778244018555,0.44644472002983093,0.5341545939445496,0.47000008821487427,0.2007172405719757,0.17743872106075287,0.1786741316318512,0.17975343763828278,0.17710326611995697,0.17864923179149628,0.17961737513542175,0.1990014910697937,0.19554683566093445,0.23186196386814117,0.23209331929683685,0.3824325501918793,0.37144583463668823,0.6098533868789673,0.5870133638381958,0.8090009093284607,0.48218396306037903,0.8737016916275024,0.43374261260032654,0.8759105205535889,0.41862136125564575,0.8559445738792419,0.44448062777519226,0.8424782752990723,0.8479015231132507,1.1755989789962769,1.1309001445770264,1.470260500907898,1.4606726169586182,1.5112299919128418,1.5120580196380615,1.5846041440963745,1.5661587715148926
0.44318878650665283,0.4559113681316376,0.46502256393432617,0.45805633068084717,0.4474411904811859,0.46123528480529785,0.46861496567726135,0.47256627678871155,0.4746862053871155,0.4488215744495392,0.4467678666114807,0.4446846544742584,0.44185054302215576,0.43874022364616394,0.4323652386665344,0.4280908703804016,0.4243231415748596,0.43015167117118835,0.4212075173854828,0.4150204360485077,0.40977954864501953,0.4834548830986023,0.4731338322162628,0.4554539918899536,0.4387173354625702,0.4308406412601471,0.413665771484375,0.38314056396484375,0.3624570965766907,0.34406858682632446,0.4083048105239868,0.3703271150588989,0.34572380781173706,0.32491350173950195,0.413530558347702,0.38196420669555664,0.36046645045280457,0.34117433428764343,0.426967978477478,0.40521299839019775,0.39065083861351013,0.376459002494812,0.6157236099243164,0.5995004177093506,0.5930405855178833,0.591798722743988,0.5896831750869751,0.61083984375,0.6045685410499573,0.5977762937545776,0.5921368598937988,0.6188364624977112,0.6122965216636658,0.6041079163551331,0.5968833565711975,0.6226442456245422,0.6168062090873718,0.6088250875473022,0.6017681360244751,0.6233956813812256,0.6189362406730652,0.6128388047218323,0.6068520545959473,0.8143775463104248,0.8288658261299133,0.8580838441848755,0.8862519264221191,0.9074970483779907,0.8798190355300903,0.9153969287872314,0.9319338798522949,0.943245530128479,0.8823908567428589,0.9175640344619751,0.9327348470687866,0.9417572617530823,0.8818802237510681,0.9138119220733643,0.9281128644943237,0.9365301728248596,0.8807871341705322,0.9077520966529846,0.920885443687439,0.9285634756088257,0.5069159865379333,0.5199429988861084,0.5252772569656372,0.5339927077293396,0.4970131814479828,0.4891417622566223,0.48378637433052063,0.5428255796432495,0.4736362397670746,0.522185206413269,0.49509185552597046,0.5882827639579773,0.425455778837204,0.6094290614128113,0.3823847472667694,0.6135736703872681,0.44238242506980896,0.6173154711723328,0.4363923668861389,0.60612952709198,0.4532666802406311,0.6011428833007812,0.4581741988658905,0.5556307435035706,0.44984790682792664,0.5596402287483215,0.45185163617134094,0.5537346005439758,0.4506004750728607,0.5553550720214844,0.446442574262619,0.5338432788848877,0.4700576364994049,0.20072218775749207,0.17742955684661865,0.17865388095378876,0.1797306388616562,0.17712104320526123,0.17867863178253174,0.17966023087501526,0.19899436831474304,0.1955924779176712,0.23186950385570526,0.23215724527835846,0.38262781500816345,0.3715987801551819,0.6099849343299866,0.5872661471366882,0.8090426921844482,0.48328202962875366,0.8737062215805054,0.4329846203327179,0.875914990901947,0.41848570108413696,0.8559467792510986,0.44508489966392517,0.8424853682518005,0.8478274345397949,1.1756021976470947,1.1305530071258545,1.4703209400177002,1.4605821371078491,1.5112440586090088,1.5119175910949707,1.584754228591919,1.566185474395752
0.44351819157600403,0.45622962713241577,0.4655034840106964,0.45878079533576965,0.4480415880680084,0.46166276931762695,0.4688873887062073,0.4728167951107025,0.47487980127334595,0.44911932945251465,0.44715598225593567,0.4450470805168152,0.44214311242103577,0.43898171186447144,0.43260714411735535,0.4283345341682434,0.42454349994659424,0.4303552508354187,0.42164146900177,0.41554388403892517,0.410317987203598,0.4799908995628357,0.4694066047668457,0.45164620876312256,0.43445083498954773,0.42659899592399597,0.4094241261482239,0.37890756130218506,0.3581075668334961,0.3396804630756378,0.40406426787376404,0.36548733711242676,0.34086617827415466,0.3203250765800476,0.4096437692642212,0.37801530957221985,0.35645243525505066,0.3373797535896301,0.42359524965286255,0.40182408690452576,0.3872831165790558,0.3731917142868042,0.6153503656387329,0.5989193916320801,0.5924530625343323,0.5912488102912903,0.5889034271240234,0.610289990901947,0.6038947105407715,0.597204327583313,0.5917237997055054,0.618227481842041,0.6114756464958191,0.6033555269241333,0.5962480902671814,0.6219115853309631,0.6158885955810547,0.6079193949699402,0.6009125113487244,0.6225488185882568,0.617918848991394,0.611777663230896,0.6057415008544922,0.8147224187850952,0.8288567066192627,0.8578931093215942,0.8858922719955444,0.9069721698760986,0.8804411292076111,0.915401041507721,0.9314852952957153,0.9424458146095276,0.8832125067710876,0.9180660247802734,0.9328453540802002,0.9417493343353271,0.8828054070472717,0.9147710800170898,0.9288939237594604,0.9372579455375671,0.8817015886306763,0.9086627960205078,0.92168790102005,0.9292489886283875,0.5069888234138489,0.5200397968292236,0.5254191160202026,0.5341355800628662,0.49710777401924133,0.489233136177063,0.48387157917022705,0.5429227352142334,0.473717600107193,0.5222655534744263,0.4951712489128113,0.5883622765541077,0.4253624975681305,0.6094340682029724,0.38240811228752136,0.6135359406471252,0.44260892271995544,0.6171690225601196,0.43680575489997864,0.6057422757148743,0.4536117911338806,0.6007850170135498,0.45850449800491333,0.5556573867797852,0.4498452842235565,0.5597072243690491,0.4518367648124695,0.5539730787277222,0.45061081647872925,0.5557610988616943,0.4464965760707855,0.5338078737258911,0.4700492024421692,0.20070675015449524,0.17737966775894165,0.1785622388124466,0.17961998283863068,0.17712928354740143,0.17870119214057922,0.17970597743988037,0.1989065706729889,0.19560962915420532,0.23181968927383423,0.23215748369693756,0.38267332315444946,0.37132197618484497,0.609995424747467,0.5876216292381287,0.8091994524002075,0.48347246646881104,0.873900830745697,0.43299421668052673,0.8759809732437134,0.41780129075050354,0.8560099005699158,0.4440438449382782,0.8421469926834106,0.847333550453186,1.1748937368392944,1.1305639743804932,1.469504475593567,1.460336685180664,1.5100104808807373,1.5112944841384888,1.5840723514556885,1.5661612749099731
0.4437524080276489,0.4564796984195709,0.4658280611038208,0.4589548707008362,0.4483567476272583,0.4621713161468506,0.4693453907966614,0.473114013671875,0.4750925898551941,0.44961991906166077,0.4474388659000397,0.4452146291732788,0.44232919812202454,0.439464807510376,0.4332413077354431,0.42881736159324646,0.42494523525238037,0.4307343661785126,0.42202505469322205,0.41590601205825806,0.41074511408805847,0.47816523909568787,0.46718961000442505,0.4487155079841614,0.4311888813972473,0.4228793978691101,0.40605929493904114,0.3751603066921234,0.3541873097419739,0.33591127395629883,0.40096643567085266,0.3624888062477112,0.33789584040641785,0.31755319237709045,0.4066174328327179,0.37474480271339417,0.3530679941177368,0.33398354053497314,0.4204750657081604,0.39832326769828796,0.3834969401359558,0.3691168427467346,0.6150898337364197,0.5988675951957703,0.5921677350997925,0.5906590223312378,0.5882818698883057,0.6099857687950134,0.6032211184501648,0.5964537858963013,0.590997040271759,0.6178313493728638,0.610918402671814,0.6028518080711365,0.595852792263031,0.6214926838874817,0.6153660416603088,0.6074843406677246,0.6005899310112,0.6221212148666382,0.6175100207328796,0.611549973487854,0.6056812405586243,0.814782977104187,0.8287586569786072,0.8576284646987915,0.8856692314147949,0.9068734645843506,0.8805631399154663,0.9153993129730225,0.9313638806343079,0.9423030018806458,0.8834707140922546,0.9181051850318909,0.932948648929596,0.9419732689857483,0.8831415772438049,0.9147021174430847,0.928776741027832,0.9372138381004333,0.8820919990539551,0.9087182283401489,0.9216991662979126,0.929388165473938,0.5070835947990417,0.5201250314712524,0.5255549550056458,0.5342866778373718,0.4971941113471985,0.4892951548099518,0.4839356541633606,0.5430226922035217,0.4737553596496582,0.5223599672317505,0.4952583909034729,0.5884071588516235,0.4253493547439575,0.6094344258308411,0.3825097382068634,0.613450288772583,0.44271543622016907,0.6169213056564331,0.4372044503688812,0.6053133606910706,0.4538666903972626,0.6003957986831665,0.45874711871147156,0.555657684803009,0.4498252272605896,0.5596283078193665,0.4518355131149292,0.5539921522140503,0.4506309926509857,0.5558764934539795,0.4465852677822113,0.5333887934684753,0.4699667990207672,0.20066773891448975,0.17730331420898438,0.17845584452152252,0.1795065999031067,0.1771315038204193,0.17870697379112244,0.17973504960536957,0.1988276094198227,0.19565033912658691,0.2317458689212799,0.23216067254543304,0.3826873302459717,0.3713344931602478,0.6098092198371887,0.5876421928405762,0.8092088103294373,0.4831211268901825,0.8739136457443237,0.4321429133415222,0.8759867548942566,0.41680583357810974,0.8560153245925903,0.44256046414375305,0.8415052890777588,0.8465781211853027,1.174109935760498,1.1301568746566772,1.4690316915512085,1.4595165252685547,1.509473443031311,1.5102440118789673,1.5833348035812378,1.565468430519104
0.4434983730316162,0.456409752368927,0.46590566635131836,0.4590344727039337,0.44850870966911316,0.4622243642807007,0.4695366322994232,0.4732402265071869,0.4752773344516754,0.4497067630290985,0.4476025104522705,0.4453745484352112,0.4425857365131378,0.43957266211509705,0.4334486126899719,0.42905381321907043,0.4252415895462036,0.4308486580848694,0.42210647463798523,0.41581955552101135,0.4105077385902405,0.4766864478588104,0.46565359830856323,0.44709181785583496,0.42949178814888,0.42063695192337036,0.40460923314094543,0.37346184253692627,0.3525206744670868,0.33403831720352173,0.3996010720729828,0.361067533493042,0.3361256420612335,0.3154466450214386,0.40512025356292725,0.3730034828186035,0.35121583938598633,0.33202841877937317,0.4187367260456085,0.39649009704589844,0.38171231746673584,0.3673943877220154,0.6150282621383667,0.5984055399894714,0.5916330814361572,0.5902327299118042,0.5877567529678345,0.6093804836273193,0.6029990315437317,0.5963163375854492,0.5908438563346863,0.6174363493919373,0.6105948090553284,0.6024927496910095,0.5953774452209473,0.6212522983551025,0.6151517629623413,0.607244610786438,0.6002798676490784,0.6220495104789734,0.6174291968345642,0.6115180850028992,0.6057164072990417,0.8151548504829407,0.8291085362434387,0.8578815460205078,0.8860897421836853,0.9073710441589355,0.8803337812423706,0.9156543612480164,0.9317830204963684,0.9426893591880798,0.8834721446037292,0.918430507183075,0.9331700205802917,0.941754162311554,0.8833213448524475,0.9149335026741028,0.9289310574531555,0.9371457695960999,0.8824210166931152,0.9089977741241455,0.921951949596405,0.9296253323554993,0.5071722269058228,0.5201991200447083,0.5256555080413818,0.5344009399414062,0.4972640872001648,0.4893392324447632,0.48398149013519287,0.5430479645729065,0.47378024458885193,0.5224394202232361,0.49533811211586,0.5884160399436951,0.4253543019294739,0.609420120716095,0.3825717568397522,0.6133610010147095,0.4428168535232544,0.6167322397232056,0.43724310398101807,0.6048288345336914,0.4538818895816803,0.5999074578285217,0.458847314119339,0.5556634068489075,0.44982481002807617,0.5597895979881287,0.451898992061615,0.5542224645614624,0.45080941915512085,0.5562373995780945,0.44681015610694885,0.5331220626831055,0.4700818657875061,0.2006681263446808,0.17729701101779938,0.17843663692474365,0.17948363721370697,0.17716693878173828,0.17876838147640228,0.17984917759895325,0.19879399240016937,0.1957208514213562,0.2317153662443161,0.23218607902526855,0.38269948959350586,0.37131065130233765,0.6094427108764648,0.5876661539077759,0.8092432022094727,0.4826694130897522,0.8740549683570862,0.431608110666275,0.8760025501251221,0.4165896773338318,0.8560340404510498,0.44229385256767273,0.8406947255134583,0.8459434509277344,1.1725441217422485,1.1272953748703003,1.4674007892608643,1.457252860069275,1.5077413320541382,1.5081455707550049,1.5809922218322754,1.5632469654083252
0.44359007477760315,0.45648193359375,0.46590638160705566,0.45893022418022156,0.44843795895576477,0.4622041583061218,0.4695965051651001,0.4732338488101959,0.47526657581329346,0.44980403780937195,0.44771870970726013,0.4455197751522064,0.4428148865699768,0.4397851824760437,0.43357494473457336,0.42910656332969666,0.4253217577934265,0.4312504827976227,0.42221540212631226,0.4157422184944153,0.4103597402572632,0.47654181718826294,0.4651133120059967,0.44643402099609375,0.4291304647922516,0.4204791188240051,0.40437689423561096,0.3730834722518921,0.3522171974182129,0.3337528109550476,0.3995722830295563,0.36090582609176636,0.3356587290763855,0.3146120011806488,0.40530720353126526,0.37279149889945984,0.35061779618263245,0.3309299945831299,0.4190800189971924,0.39706286787986755,0.3822840452194214,0.3678216338157654,0.614847719669342,0.598331093788147,0.5915179252624512,0.5900635719299316,0.5876514315605164,0.6090642809867859,0.6029497385025024,0.5963897109031677,0.5909405946731567,0.6172298789024353,0.6106876730918884,0.6026329398155212,0.595491886138916,0.6212133169174194,0.6155468821525574,0.6077683568000793,0.600793719291687,0.6221929788589478,0.6179081797599792,0.6120805144309998,0.6062493920326233,0.8149406909942627,0.8289206027984619,0.8577520847320557,0.8863180875778198,0.9078342318534851,0.8802679181098938,0.9154594540596008,0.9317913055419922,0.9428738355636597,0.8833261728286743,0.9180058836936951,0.9328112602233887,0.9413275122642517,0.8830147981643677,0.9143673181533813,0.9285568594932556,0.9368360638618469,0.8819311857223511,0.9083739519119263,0.9213494062423706,0.9289864301681519,0.5072535872459412,0.520271360874176,0.5257543921470642,0.5345374345779419,0.4973531663417816,0.48939281702041626,0.484041690826416,0.5430759787559509,0.4737945795059204,0.5224950313568115,0.4953899383544922,0.5884239673614502,0.42535462975502014,0.6094135642051697,0.38259464502334595,0.613300085067749,0.4428943693637848,0.616657018661499,0.4372731149196625,0.6045013666152954,0.4538949131965637,0.5995333790779114,0.4589286148548126,0.555684506893158,0.4498273730278015,0.5608066320419312,0.4519643783569336,0.554649293422699,0.4508887827396393,0.5567194223403931,0.44694238901138306,0.5329974293708801,0.47006911039352417,0.2006700485944748,0.17729099094867706,0.1784277707338333,0.17947235703468323,0.17718924582004547,0.1788036972284317,0.17991600930690765,0.1987728327512741,0.19577744603157043,0.2317054271697998,0.23222677409648895,0.38271066546440125,0.37130290269851685,0.6092327833175659,0.5876873731613159,0.8092972040176392,0.4822036325931549,0.8741584420204163,0.4308936595916748,0.876008927822113,0.4160136580467224,0.8560394644737244,0.4417608976364136,0.8403831720352173,0.8458253145217896,1.1719168424606323,1.1265937089920044,1.4668819904327393,1.4561705589294434,1.5069717168807983,1.506736159324646,1.5805413722991943,1.562488317489624
0.44354820251464844,0.45644623041152954,0.46593502163887024,0.459104061126709,0.4487753212451935,0.46230462193489075,0.4697607159614563,0.4733586609363556,0.4754487872123718,0.4499521553516388,0.4479398727416992,0.4458639323711395,0.4433721601963043,0.4399372637271881,0.4337746798992157,0.4292990565299988,0.4255772829055786,0.431388795375824,0.42229339480400085,0.4158422350883484,0.410535603761673,0.47683823108673096,0.4654170572757721,0.4468003511428833,0.4296453595161438,0.42129093408584595,0.4051600396633148,0.37402284145355225,0.3533162772655487,0.33499136567115784,0.4003128707408905,0.3618239462375641,0.3367327153682709,0.3155963718891144,0.40601903200149536,0.3733619749546051,0.35127776861190796,0.33150264620780945,0.41971078515052795,0.39770230650901794,0.38295429944992065,0.36836323142051697,0.6144747734069824,0.5982219576835632,0.5914793610572815,0.5900249481201172,0.5874587297439575,0.6088693737983704,0.602921187877655,0.5964565873146057,0.5910292267799377,0.6171007752418518,0.6105504035949707,0.6024948954582214,0.5953611731529236,0.6211756467819214,0.6154720783233643,0.6077666282653809,0.6008856296539307,0.62224942445755,0.6178863048553467,0.6120409369468689,0.606279730796814,0.8147057890892029,0.8285633325576782,0.857632040977478,0.8862366080284119,0.9077896475791931,0.880311906337738,0.9155688285827637,0.9321756958961487,0.9436371326446533,0.8831705451011658,0.9179670214653015,0.932888925075531,0.9415048956871033,0.8826285600662231,0.9140955209732056,0.9282784461975098,0.9365952610969543,0.8813318014144897,0.9079068303108215,0.920802116394043,0.9284055829048157,0.5073029398918152,0.5203278660774231,0.525840163230896,0.5346498489379883,0.4974099397659302,0.48943033814430237,0.4840777516365051,0.543127179145813,0.47381338477134705,0.5225411653518677,0.4954071342945099,0.5884467959403992,0.42535313963890076,0.6094133257865906,0.3826737701892853,0.6132437586784363,0.44296491146087646,0.6165453195571899,0.43735796213150024,0.6042956709861755,0.4539448320865631,0.5993148684501648,0.45904529094696045,0.5556964874267578,0.4498347043991089,0.5615807175636292,0.45196667313575745,0.5551908612251282,0.45083197951316833,0.5575069189071655,0.4469115138053894,0.5326573252677917,0.46981653571128845,0.20066982507705688,0.1772857904434204,0.17841896414756775,0.1794593781232834,0.17719817161560059,0.1788170039653778,0.1799381524324417,0.198761984705925,0.19579672813415527,0.23169629275798798,0.23224860429763794,0.38272199034690857,0.37153160572052,0.6090696454048157,0.5877039432525635,0.8093523383140564,0.4814921021461487,0.874311625957489,0.4299435019493103,0.8760168552398682,0.41519880294799805,0.8560567498207092,0.4407665431499481,0.8403946757316589,0.8458665609359741,1.1708734035491943,1.1264913082122803,1.4665629863739014,1.4556357860565186,1.5064817667007446,1.5059696435928345,1.580454707145691,1.5619431734085083
0.44381409883499146,0.4564908742904663,0.4659498631954193,0.45945993065834045,0.4493905007839203,0.46216830611228943,0.46967214345932007,0.47332000732421875,0.4754589796066284,0.44989731907844543,0.4479387104511261,0.4458523094654083,0.44335439801216125,0.43990686535835266,0.4339117109775543,0.4294973611831665,0.4258324205875397,0.4313875436782837,0.4222678542137146,0.4157463014125824,0.41041627526283264,0.47795724868774414,0.4666019380092621,0.44827455282211304,0.43106570839881897,0.42248964309692383,0.4065800607204437,0.37556153535842896,0.35480132699012756,0.33619824051856995,0.40178215503692627,0.36342301964759827,0.33818677067756653,0.3166337311267853,0.4075290858745575,0.37485235929489136,0.3525613844394684,0.332407683134079,0.4211929440498352,0.3990621864795685,0.38433700799942017,0.3696625828742981,0.6144861578941345,0.5981950759887695,0.5915387868881226,0.5900245904922485,0.587410569190979,0.6089091300964355,0.6028687953948975,0.5963658094406128,0.5909469127655029,0.6171826124191284,0.6106525659561157,0.6026173233985901,0.5955131649971008,0.6212953925132751,0.6156614422798157,0.6079816818237305,0.6010943055152893,0.6224080920219421,0.6181173920631409,0.6122879385948181,0.6065172553062439,0.8148154616355896,0.8290764689445496,0.8580109477043152,0.886400043964386,0.9077592492103577,0.8805601596832275,0.9156966209411621,0.9322328567504883,0.9436304569244385,0.8832598924636841,0.9179642796516418,0.9329270720481873,0.9416592121124268,0.8825770616531372,0.9139944314956665,0.9282292127609253,0.936613142490387,0.8811217546463013,0.9076962471008301,0.9206545352935791,0.9282971024513245,0.5074050426483154,0.5204174518585205,0.525969386100769,0.534807026386261,0.4974878430366516,0.48949554562568665,0.48413267731666565,0.5431796312332153,0.4738457500934601,0.5226212739944458,0.49546417593955994,0.5884656310081482,0.4253324270248413,0.6094160079956055,0.3827276825904846,0.6131916642189026,0.44297200441360474,0.6164843440055847,0.43758609890937805,0.6041924953460693,0.4540615379810333,0.5991825461387634,0.45911839604377747,0.5557376146316528,0.44984206557273865,0.5620855093002319,0.4519612491130829,0.5559554696083069,0.45095565915107727,0.5584120154380798,0.4471937417984009,0.5328626036643982,0.4698110520839691,0.2006673812866211,0.1772797405719757,0.17840716242790222,0.1794443279504776,0.17720340192317963,0.17882612347602844,0.1799505650997162,0.19875288009643555,0.19581283628940582,0.2316737025976181,0.23225609958171844,0.38273486495018005,0.3715686798095703,0.6090049147605896,0.5877225399017334,0.8093957901000977,0.481417179107666,0.8743693828582764,0.4295772612094879,0.8760214447975159,0.41478845477104187,0.8560627698898315,0.4402930438518524,0.8403400778770447,0.845855176448822,1.1700598001480103,1.12646484375,1.4662061929702759,1.4553593397140503,1.5059770345687866,1.5055577754974365,1.580386996269226,1.5616657733917236
0.4440021812915802,0.4565384089946747,0.46596649289131165,0.4595967233181,0.4495690166950226,0.462507039308548,0.46992889046669006,0.47352999448776245,0.47563692927360535,0.45023614168167114,0.44829797744750977,0.44622310996055603,0.44377440214157104,0.4401775002479553,0.43413448333740234,0.42966189980506897,0.4259868264198303,0.4315580129623413,0.42265552282333374,0.4162525236606598,0.4110238552093506,0.4789746403694153,0.46791523694992065,0.4497576057910919,0.43236494064331055,0.42351847887039185,0.40768998861312866,0.3768189251422882,0.35616376996040344,0.3376900553703308,0.40276670455932617,0.36489808559417725,0.3401055634021759,0.3190937638282776,0.40850332379341125,0.37619078159332275,0.3543257415294647,0.3345915675163269,0.42224305868148804,0.4003865122795105,0.3858164846897125,0.3712630569934845,0.6146419644355774,0.5983997583389282,0.5916650295257568,0.590226411819458,0.5876072645187378,0.6090328097343445,0.6028227806091309,0.5963301062583923,0.5909520983695984,0.6172506213188171,0.6106097102165222,0.6026321053504944,0.5955878496170044,0.6212723255157471,0.6155171394348145,0.6078774929046631,0.6010575294494629,0.6222992539405823,0.6179656386375427,0.6121785044670105,0.6064539551734924,0.8149147033691406,0.8288242220878601,0.8575711250305176,0.8859739899635315,0.90738844871521,0.8804826140403748,0.9155280590057373,0.9320698976516724,0.9435610175132751,0.8833485245704651,0.9179237484931946,0.9329391717910767,0.9419859051704407,0.8828223943710327,0.914178192615509,0.9284495115280151,0.9369776844978333,0.8814831376075745,0.9080909490585327,0.921128511428833,0.9288866519927979,0.5074483752250671,0.520483672618866,0.5260677933692932,0.5349215865135193,0.4975375533103943,0.48954832553863525,0.4841694235801697,0.5432270169258118,0.473863422870636,0.522649884223938,0.4954756498336792,0.5885013937950134,0.42530182003974915,0.609422504901886,0.3827390968799591,0.613148033618927,0.4429713189601898,0.6164312958717346,0.43796321749687195,0.6041170358657837,0.45439204573631287,0.5990942120552063,0.45932918787002563,0.5557624697685242,0.44984328746795654,0.5637832880020142,0.45196282863616943,0.5561188459396362,0.45095890760421753,0.5584176778793335,0.4471944570541382,0.5328493118286133,0.46985259652137756,0.20065920054912567,0.17727428674697876,0.17839598655700684,0.17943203449249268,0.17720575630664825,0.17883090674877167,0.17995929718017578,0.19873970746994019,0.19583183526992798,0.23164838552474976,0.23225295543670654,0.38275837898254395,0.37157154083251953,0.6089699268341064,0.587733268737793,0.8094117641448975,0.4813506007194519,0.8743797540664673,0.42970478534698486,0.8760191798210144,0.4144129753112793,0.8560665845870972,0.4397667944431305,0.8402589559555054,0.8458046317100525,1.1692898273468018,1.1256400346755981,1.4657783508300781,1.4546619653701782,1.5052813291549683,1.5044445991516113,1.5799534320831299,1.5613638162612915
0.44414353370666504,0.45664331316947937,0.4659248888492584,0.4597434103488922,0.44995903968811035,0.46260058879852295,0.47009122371673584,0.4737926423549652,0.47598475217819214,0.45040643215179443,0.4485192894935608,0.4464571177959442,0.44404494762420654,0.4403810203075409,0.4344182014465332,0.42998120188713074,0.4263833165168762,0.43177562952041626,0.422717422246933,0.4163605570793152,0.41125208139419556,0.47953230142593384,0.4684923589229584,0.4506712555885315,0.43340444564819336,0.4245395064353943,0.408875435590744,0.3782574534416199,0.35762861371040344,0.339025616645813,0.4040675163269043,0.3662260174751282,0.34141671657562256,0.3201417326927185,0.4099295735359192,0.37783804535865784,0.35592859983444214,0.3359962999820709,0.42375290393829346,0.402055025100708,0.3874170184135437,0.3726930618286133,0.6145078539848328,0.5983332395553589,0.5916604399681091,0.5902068018913269,0.5876356363296509,0.6091609597206116,0.6028178334236145,0.5962298512458801,0.5907936096191406,0.617379903793335,0.6106334328651428,0.6025989055633545,0.5955777764320374,0.6214417219161987,0.6156655550003052,0.6080207824707031,0.6012436747550964,0.6225137114524841,0.6181957721710205,0.6124739050865173,0.606813907623291,0.8147794008255005,0.8289559483528137,0.8578008413314819,0.8859954476356506,0.9072694182395935,0.880608856678009,0.9156289100646973,0.931891143321991,0.9430779218673706,0.8832905888557434,0.9178386330604553,0.9326210618019104,0.9413346648216248,0.8825205564498901,0.9138380289077759,0.9280537366867065,0.9364777207374573,0.8809149265289307,0.9074651002883911,0.9204360842704773,0.9281150102615356,0.5074735283851624,0.5205304622650146,0.5261269211769104,0.5349957346916199,0.4975675642490387,0.48958128690719604,0.4841890037059784,0.5432838201522827,0.47387608885765076,0.5226739645004272,0.4954846203327179,0.5885772109031677,0.4252977967262268,0.6094369292259216,0.38270440697669983,0.613131582736969,0.44296789169311523,0.6164135336875916,0.43820682168006897,0.6040979623794556,0.4546198844909668,0.5990707278251648,0.45942622423171997,0.5558007955551147,0.4498387277126312,0.5640993714332581,0.45185378193855286,0.5559491515159607,0.45077261328697205,0.557963490486145,0.4469919204711914,0.5322657227516174,0.4697100818157196,0.20064109563827515,0.17726220190525055,0.1783817708492279,0.17942321300506592,0.17718788981437683,0.17881788313388824,0.1799507886171341,0.19873125851154327,0.1958491951227188,0.23161113262176514,0.23225350677967072,0.3827684223651886,0.37118828296661377,0.608916699886322,0.5878201723098755,0.8094286918640137,0.48136699199676514,0.8743920922279358,0.42974966764450073,0.876014232635498,0.4141964912414551,0.8560654520988464,0.43951159715652466,0.8401384353637695,0.8456382155418396,1.168953537940979,1.125421404838562,1.465304970741272,1.453599452972412,1.504638433456421,1.5029869079589844,1.5793379545211792,1.5604329109191895
0.4441010057926178,0.4565071165561676,0.46608766913414,0.46026724576950073,0.4505982995033264,0.4628116190433502,0.47018152475357056,0.4738518297672272,0.47607582807540894,0.450597882270813,0.4486500024795532,0.44655588269233704,0.4441620707511902,0.44054704904556274,0.4345047175884247,0.43003183603286743,0.42646557092666626,0.43193256855010986,0.42281338572502136,0.416432648897171,0.41134458780288696,0.4802941083908081,0.46942269802093506,0.45189809799194336,0.43464064598083496,0.4255523979663849,0.4099525511264801,0.3792576491832733,0.35868245363235474,0.34016114473342896,0.40509727597236633,0.3673286736011505,0.3424169421195984,0.320942759513855,0.4108887016773224,0.37887731194496155,0.357083261013031,0.33717384934425354,0.4246957004070282,0.4032367765903473,0.38876616954803467,0.3740878403186798,0.615047037601471,0.5987434983253479,0.5920661091804504,0.5904739499092102,0.5878181457519531,0.6094762682914734,0.6030727028846741,0.5964840650558472,0.5910035371780396,0.6176064014434814,0.6107926964759827,0.6026496887207031,0.5954737663269043,0.6215774416923523,0.6156234741210938,0.607783317565918,0.6008461713790894,0.622581958770752,0.6181671023368835,0.6122985482215881,0.6065011620521545,0.8146585822105408,0.8290725946426392,0.8578711152076721,0.8862297534942627,0.9077785611152649,0.8804287910461426,0.915499210357666,0.9318587779998779,0.9431849718093872,0.883267343044281,0.917976438999176,0.9328851103782654,0.9416277408599854,0.8826593160629272,0.9140000939369202,0.9280566573143005,0.9362272620201111,0.8812420964241028,0.9076941013336182,0.9205058813095093,0.9279707670211792,0.507496178150177,0.520569384098053,0.5261721014976501,0.5350552797317505,0.49758821725845337,0.48960021138191223,0.4841996431350708,0.5433105826377869,0.47388648986816406,0.5227006673812866,0.49549299478530884,0.588593065738678,0.42527979612350464,0.6094729900360107,0.3826442062854767,0.6131298542022705,0.4430293142795563,0.6164088845252991,0.4383279085159302,0.6040938496589661,0.4548927843570709,0.5990656614303589,0.4596450924873352,0.5558605790138245,0.4498388469219208,0.5642983913421631,0.45177537202835083,0.5560678839683533,0.45074501633644104,0.5580257773399353,0.4469713270664215,0.5323557257652283,0.4696806073188782,0.20063599944114685,0.17725199460983276,0.17836835980415344,0.17941544950008392,0.177184596657753,0.1788191795349121,0.17995449900627136,0.1987200230360031,0.1958644837141037,0.23160366714000702,0.23226049542427063,0.382789671421051,0.3711877465248108,0.6089104413986206,0.5878756642341614,0.8094770908355713,0.48148831725120544,0.8745089769363403,0.4296315908432007,0.8760900497436523,0.413988322019577,0.8561406135559082,0.4394092559814453,0.8401996493339539,0.8456777334213257,1.1693397760391235,1.125493049621582,1.4654905796051025,1.4535212516784668,1.5048083066940308,1.5028939247131348,1.579530954360962,1.5603843927383423
0.44445574283599854,0.45695775747299194,0.4664788246154785,0.4605376124382019,0.4509219527244568,0.4629068672657013,0.4702860414981842,0.4740372896194458,0.4762846529483795,0.45074522495269775,0.4488649070262909,0.44690391421318054,0.4445508122444153,0.44077247381210327,0.4347459077835083,0.43036627769470215,0.42679834365844727,0.4321724772453308,0.4230634868144989,0.41664862632751465,0.41142189502716064,0.48064225912094116,0.4700510799884796,0.4522722065448761,0.4347599446773529,0.4257086217403412,0.4104325473308563,0.38008835911750793,0.3595995306968689,0.3411673903465271,0.40558570623397827,0.36805441975593567,0.3432213366031647,0.3218652606010437,0.4113362729549408,0.3794286251068115,0.35739850997924805,0.337434321641922,0.4251166582107544,0.40366533398628235,0.389212042093277,0.37474313378334045,0.61540687084198,0.5991697311401367,0.5923869013786316,0.5908662676811218,0.5883093476295471,0.6096985936164856,0.6035981178283691,0.5971282720565796,0.5917240977287292,0.617908239364624,0.6113945841789246,0.6033121943473816,0.5961540341377258,0.6220272183418274,0.6165148615837097,0.6088107824325562,0.6018995642662048,0.6232265830039978,0.6191404461860657,0.6133840084075928,0.607585072517395,0.8143283724784851,0.828845202922821,0.8575077056884766,0.8862084150314331,0.9080880880355835,0.8801046013832092,0.9149894118309021,0.931639552116394,0.943274974822998,0.8829521536827087,0.9171371459960938,0.9320501685142517,0.9407225847244263,0.8823142647743225,0.9132346510887146,0.9274131655693054,0.9356623291969299,0.8809391260147095,0.9072976112365723,0.9200929403305054,0.9274968504905701,0.5075281858444214,0.5206028819084167,0.5262131690979004,0.5351028442382812,0.49760162830352783,0.4896223843097687,0.48421087861061096,0.5433270335197449,0.47389528155326843,0.5227342844009399,0.49551355838775635,0.5886257290840149,0.42526867985725403,0.6095234155654907,0.3825834095478058,0.6131373047828674,0.44306012988090515,0.6164413094520569,0.4384599030017853,0.6041250824928284,0.45509129762649536,0.59908527135849,0.45975953340530396,0.5559043288230896,0.44984549283981323,0.5650805234909058,0.4517788887023926,0.556071937084198,0.4507576823234558,0.5580137372016907,0.44697585701942444,0.5321575403213501,0.4696751534938812,0.20061665773391724,0.17722606658935547,0.17834033071994781,0.17939864099025726,0.17715466022491455,0.17879870533943176,0.17993725836277008,0.19870714843273163,0.19587713479995728,0.23157115280628204,0.23226298391819,0.3828042447566986,0.37117984890937805,0.6089231967926025,0.5879157781600952,0.8094925284385681,0.4819135367870331,0.8745211362838745,0.4298306107521057,0.8761147260665894,0.4141371548175812,0.856161892414093,0.43981626629829407,0.8403006792068481,0.8458051085472107,1.169333815574646,1.1254535913467407,1.4656999111175537,1.4535354375839233,1.5050716400146484,1.502928614616394,1.5796077251434326,1.560182809829712
0.4445335268974304,0.45713233947753906,0.4665912687778473,0.4606829285621643,0.4510825574398041,0.46292394399642944,0.47030696272850037,0.4741128981113434,0.4763600528240204,0.4508027732372284,0.4489075541496277,0.44694405794143677,0.44451209902763367,0.44084271788597107,0.43481194972991943,0.43049997091293335,0.42692747712135315,0.4322413504123688,0.42312395572662354,0.41668087244033813,0.41139301657676697,0.48101866245269775,0.47004634141921997,0.45218944549560547,0.4347890019416809,0.4256385564804077,0.4106898009777069,0.3803551197052002,0.3598182201385498,0.3412950038909912,0.40601372718811035,0.36837244033813477,0.3435856103897095,0.32223042845726013,0.4118640124797821,0.37996363639831543,0.3578486144542694,0.33776718378067017,0.4256972074508667,0.4038636088371277,0.3891608417034149,0.3744274973869324,0.615671694278717,0.5992966890335083,0.5927953124046326,0.591456413269043,0.5889266729354858,0.6103190779685974,0.604465126991272,0.5979856848716736,0.5924680233001709,0.618579089641571,0.6119734644889832,0.6037489175796509,0.5963870882987976,0.6226426959037781,0.6168192625045776,0.6089481115341187,0.6019039154052734,0.6236708760261536,0.6192460656166077,0.6134024262428284,0.6075678467750549,0.8139905333518982,0.828272819519043,0.8574403524398804,0.886175274848938,0.9079192876815796,0.8792490363121033,0.9148826599121094,0.9316366910934448,0.9431426525115967,0.8821292519569397,0.9169678092002869,0.9319639205932617,0.9403300881385803,0.8816825151443481,0.9128039479255676,0.9271354675292969,0.9354813098907471,0.8805609345436096,0.9066900610923767,0.9195290207862854,0.9271116852760315,0.5075464248657227,0.5206132531166077,0.526228129863739,0.5351114273071289,0.4976181983947754,0.48963871598243713,0.4842260479927063,0.543338418006897,0.4738987982273102,0.5227449536323547,0.4955161213874817,0.5886491537094116,0.4252271056175232,0.6095720529556274,0.38254740834236145,0.6131969690322876,0.44313669204711914,0.6165751218795776,0.43866926431655884,0.6042861342430115,0.45531272888183594,0.5992211103439331,0.4598951041698456,0.5559336543083191,0.44984903931617737,0.5652627348899841,0.4518454372882843,0.5560919046401978,0.45075640082359314,0.5580170750617981,0.4469102621078491,0.5321197509765625,0.4697372615337372,0.20060256123542786,0.1771702915430069,0.1782802939414978,0.17934444546699524,0.17711105942726135,0.17876502871513367,0.17988453805446625,0.19868716597557068,0.1958826333284378,0.23154273629188538,0.23224665224552155,0.38278716802597046,0.37115657329559326,0.6088199615478516,0.5880292654037476,0.8093762397766113,0.4822409749031067,0.8744502067565918,0.42994987964630127,0.8760939240455627,0.41430965065956116,0.8561139106750488,0.44020169973373413,0.840319037437439,0.8458154201507568,1.169270396232605,1.125020980834961,1.4657541513442993,1.4535449743270874,1.5050861835479736,1.502962589263916,1.5795950889587402,1.5600171089172363
0.44498199224472046,0.4573417603969574,0.4665491282939911,0.4607395827770233,0.4514021873474121,0.4628034830093384,0.4702069163322449,0.47400397062301636,0.4762667119503021,0.4508257806301117,0.4489852786064148,0.447011798620224,0.44460076093673706,0.4409506022930145,0.4349662661552429,0.43060755729675293,0.42704448103904724,0.4324016869068146,0.4232513904571533,0.41681838035583496,0.4116098880767822,0.4816337525844574,0.4705711603164673,0.45271286368370056,0.43529894948005676,0.4261675775051117,0.4114586114883423,0.38112667202949524,0.36062997579574585,0.3420717418193817,0.4069109857082367,0.3694145679473877,0.34462034702301025,0.32320210337638855,0.41280749440193176,0.3809502422809601,0.35879528522491455,0.33865535259246826,0.4265827238559723,0.4047915041446686,0.39013785123825073,0.37544751167297363,0.6161872744560242,0.5998552441596985,0.5932663083076477,0.5917601585388184,0.5892951488494873,0.6105451583862305,0.6047229170799255,0.5982223749160767,0.5927042961120605,0.6188557744026184,0.6124041080474854,0.6042141914367676,0.596905529499054,0.6230179071426392,0.6174503564834595,0.6096948385238647,0.6027421355247498,0.6241851449012756,0.6200590133666992,0.6143190860748291,0.6085640788078308,0.8138386607170105,0.8283451199531555,0.857367992401123,0.886210024356842,0.9080893993377686,0.8796958327293396,0.9151872992515564,0.9318486452102661,0.9433721899986267,0.8822816014289856,0.9170348048210144,0.9320462346076965,0.940574586391449,0.8815239667892456,0.9125762581825256,0.9269412755966187,0.9353066086769104,0.8801736831665039,0.9064503312110901,0.9191755056381226,0.9265989065170288,0.5075504779815674,0.520632803440094,0.5262492299079895,0.5351191163063049,0.49762219190597534,0.4896499216556549,0.48423612117767334,0.5433518886566162,0.47389599680900574,0.522759735584259,0.4955034554004669,0.588670551776886,0.4251752495765686,0.6096283197402954,0.38253286480903625,0.61326664686203,0.4432463049888611,0.6167852878570557,0.43877357244491577,0.6044744253158569,0.4554632008075714,0.5993707180023193,0.45999616384506226,0.555980920791626,0.44985347986221313,0.5652716159820557,0.45186325907707214,0.5560361742973328,0.45075464248657227,0.557953417301178,0.4468926787376404,0.5316080451011658,0.4697364568710327,0.2005915641784668,0.17714302241802216,0.1782555729150772,0.17931759357452393,0.1770860105752945,0.17874564230442047,0.1798505038022995,0.19867746531963348,0.19588807225227356,0.2315344661474228,0.23223412036895752,0.3826633095741272,0.37113285064697266,0.6087068915367126,0.5880475640296936,0.8092198967933655,0.482841432094574,0.8743268251419067,0.4299966096878052,0.8760814070701599,0.4146871566772461,0.8560770153999329,0.44110751152038574,0.8403171896934509,0.8458155393600464,1.1690822839736938,1.1249876022338867,1.4657660722732544,1.4535537958145142,1.505095362663269,1.5029767751693726,1.5795496702194214,1.5598121881484985
0.4444258213043213,0.45690324902534485,0.46643221378326416,0.4607776701450348,0.45168250799179077,0.462576687335968,0.4698803424835205,0.47342708706855774,0.47559863328933716,0.450496107339859,0.4487399160861969,0.44678765535354614,0.44452789425849915,0.44054144620895386,0.43486905097961426,0.43059495091438293,0.42715299129486084,0.4320046901702881,0.42303627729415894,0.4166400134563446,0.41146963834762573,0.4830061197280884,0.4723077714443207,0.4550965428352356,0.4379499554634094,0.42873725295066833,0.4137212336063385,0.3834201395511627,0.36293327808380127,0.3444136083126068,0.40926113724708557,0.3716903030872345,0.3470606505870819,0.32580792903900146,0.41516926884651184,0.3831802308559418,0.3614407181739807,0.3415798544883728,0.4288926422595978,0.40726426243782043,0.3931008577346802,0.37866970896720886,0.6162236928939819,0.5996848344802856,0.5932201147079468,0.592042863368988,0.5896462202072144,0.610964834690094,0.6050639152526855,0.5985481142997742,0.5930688381195068,0.6192793846130371,0.612650990486145,0.6045090556144714,0.5972356796264648,0.6233561635017395,0.6175554990768433,0.6097550988197327,0.6027861833572388,0.6244813203811646,0.620115339756012,0.6142768263816833,0.6084176301956177,0.8139619827270508,0.8285533785820007,0.8575866222381592,0.8864008188247681,0.9081097841262817,0.8799113631248474,0.9151780605316162,0.9315758943557739,0.9429088830947876,0.8824489116668701,0.9169808030128479,0.9320871233940125,0.9409461617469788,0.8815734386444092,0.9125583171844482,0.9270138740539551,0.9357380867004395,0.8801219463348389,0.906368613243103,0.919281542301178,0.9270420074462891,0.5075603127479553,0.5206496715545654,0.5262649059295654,0.5351125001907349,0.4976249039173126,0.48965996503829956,0.4842451214790344,0.5433624982833862,0.4738916754722595,0.5227712988853455,0.4955076277256012,0.5886828303337097,0.4250800907611847,0.6096991300582886,0.3824593424797058,0.6133102774620056,0.443316251039505,0.6169744729995728,0.4388170540332794,0.6046469807624817,0.45550039410591125,0.5994967818260193,0.4600359797477722,0.5560158491134644,0.44986072182655334,0.5650478601455688,0.4513036012649536,0.5555963516235352,0.4502377212047577,0.55757075548172,0.44655641913414,0.5305204391479492,0.46864748001098633,0.20057696104049683,0.17710231244564056,0.1782178282737732,0.1792808622121811,0.1770428717136383,0.17870871722698212,0.17979520559310913,0.1986677646636963,0.19589288532733917,0.23152349889278412,0.2322341948747635,0.3826773762702942,0.37152716517448425,0.6086878180503845,0.5880606770515442,0.8089461922645569,0.48349350690841675,0.8736996054649353,0.4308430850505829,0.8757897019386292,0.41588619351387024,0.8557814955711365,0.4424678087234497,0.8405466079711914,0.8460705876350403,1.1693274974822998,1.125058650970459,1.465883731842041,1.452953815460205,1.5051171779632568,1.501904845237732,1.5795618295669556,1.5589617490768433
0.4430643618106842,0.4553915858268738,0.4659538269042969,0.4615965485572815,0.4522642195224762,0.4617687463760376,0.46883565187454224,0.4724403917789459,0.47487708926200867,0.4498821496963501,0.44863271713256836,0.447048544883728,0.4449872076511383,0.43991830945014954,0.4344589114189148,0.4303271174430847,0.4270106554031372,0.4312954545021057,0.4227448105812073,0.4165712893009186,0.41163474321365356,0.4886986017227173,0.4781724810600281,0.4611021876335144,0.4449031949043274,0.43567609786987305,0.4195786714553833,0.3896315395832062,0.3701513707637787,0.35263592004776,0.4149248003959656,0.3780690133571625,0.354367733001709,0.3341464698314667,0.4208407700061798,0.38856077194213867,0.3679731488227844,0.34891727566719055,0.4348107576370239,0.41313329339027405,0.39931267499923706,0.38487616181373596,0.6163938045501709,0.5998681783676147,0.5933923125267029,0.5922414064407349,0.58995121717453,0.6113899350166321,0.605334460735321,0.5987539291381836,0.5932852625846863,0.6196654438972473,0.6130625009536743,0.6049537658691406,0.5977708101272583,0.6236982941627502,0.6179065108299255,0.6101965308189392,0.6033242344856262,0.6247457265853882,0.6204147338867188,0.6146230101585388,0.6088311076164246,0.8136356472969055,0.8287323117256165,0.8574631214141846,0.8857887983322144,0.907493531703949,0.8800148963928223,0.9151853322982788,0.9314569234848022,0.9426160454750061,0.8822024464607239,0.9168601036071777,0.9319937825202942,0.9409275054931641,0.881038248538971,0.9122111201286316,0.9267296195030212,0.935562789440155,0.8792941570281982,0.9058151245117188,0.9189437627792358,0.9269037246704102,0.5075670480728149,0.5206637382507324,0.5262753367424011,0.535098671913147,0.4976271092891693,0.48966875672340393,0.4842533767223358,0.5433564782142639,0.4738900065422058,0.5227791666984558,0.4955107271671295,0.5886901617050171,0.4249761700630188,0.6097358465194702,0.38246044516563416,0.6133435368537903,0.44331932067871094,0.6171256303787231,0.4388187825679779,0.6047817468643188,0.4554194211959839,0.5995721220970154,0.459964781999588,0.5560289025306702,0.4498597979545593,0.5650341510772705,0.45127037167549133,0.5555862784385681,0.4501737058162689,0.5575693845748901,0.44655507802963257,0.5302543044090271,0.4683035612106323,0.20057396590709686,0.17707008123397827,0.17818191647529602,0.1792420893907547,0.1769847571849823,0.17865575850009918,0.1797308623790741,0.19862352311611176,0.19588860869407654,0.23151662945747375,0.2321985512971878,0.3827838599681854,0.3722514808177948,0.6087521910667419,0.5884321928024292,0.8088218569755554,0.48529142141342163,0.8731367588043213,0.43437379598617554,0.8755167722702026,0.41953063011169434,0.8555512428283691,0.445272833108902,0.8405840992927551,0.8461183905601501,1.169373869895935,1.1250642538070679,1.4658818244934082,1.4523686170578003,1.5050461292266846,1.5007727146148682,1.579289436340332,1.558572769165039
0.4415006637573242,0.4538550078868866,0.465131551027298,0.46432721614837646,0.45563462376594543,0.45985594391822815,0.46712666749954224,0.4711797535419464,0.4740826487541199,0.4487004280090332,0.44813072681427,0.4471142292022705,0.44541797041893005,0.43890437483787537,0.43415164947509766,0.4309438169002533,0.4284285008907318,0.4304938018321991,0.4221138656139374,0.41647225618362427,0.41210106015205383,0.4984779953956604,0.48843175172805786,0.4740842580795288,0.45942413806915283,0.45158126950263977,0.43242523074150085,0.40530169010162354,0.38796359300613403,0.3711923062801361,0.4289746582508087,0.3947678506374359,0.37346264719963074,0.35395118594169617,0.4351073205471039,0.40519988536834717,0.38493359088897705,0.36511415243148804,0.4483402371406555,0.4276040196418762,0.41418713331222534,0.3997098207473755,0.6162697076797485,0.5995988845825195,0.5934701561927795,0.5923874378204346,0.5899449586868286,0.6111727356910706,0.6053492426872253,0.5988760590553284,0.5934509038925171,0.6195805668830872,0.6133571863174438,0.6053550243377686,0.5982377529144287,0.6237067580223083,0.6184923648834229,0.6109744906425476,0.6042072176933289,0.6248829960823059,0.6211307644844055,0.6155702471733093,0.6098892688751221,0.8129859566688538,0.8290729522705078,0.8578578233718872,0.8858815431594849,0.9072816371917725,0.8801299333572388,0.9150919914245605,0.9313651323318481,0.9425508975982666,0.881833016872406,0.9164490699768066,0.9316436052322388,0.9405300617218018,0.8801428079605103,0.9113574624061584,0.9260685443878174,0.9349267482757568,0.8778430223464966,0.9044893383979797,0.9177970290184021,0.9257382750511169,0.5075108408927917,0.520668089389801,0.5262488126754761,0.5350016355514526,0.49757805466651917,0.48966267704963684,0.48424452543258667,0.5433336496353149,0.47387757897377014,0.522710919380188,0.4954695701599121,0.5886805653572083,0.424932062625885,0.6097556352615356,0.3824612498283386,0.6133590340614319,0.4427552819252014,0.6172147393226624,0.4387648403644562,0.6049387454986572,0.4549913704395294,0.5996782183647156,0.45920702815055847,0.5560091733932495,0.44986042380332947,0.5650180578231812,0.45126205682754517,0.5554225444793701,0.450164258480072,0.5573506951332092,0.44655242562294006,0.5301108956336975,0.4682430326938629,0.20066259801387787,0.177077516913414,0.17818360030651093,0.17924943566322327,0.17698048055171967,0.1786351352930069,0.17964933812618256,0.198635071516037,0.19585376977920532,0.23158907890319824,0.2321965992450714,0.38302645087242126,0.3746655583381653,0.6087985038757324,0.5892239212989807,0.8087446093559265,0.4914770722389221,0.8727404475212097,0.4425339698791504,0.8753541707992554,0.4276679456233978,0.8554360866546631,0.45164257287979126,0.8411716222763062,0.8467021584510803,1.1695175170898438,1.1252316236495972,1.4659624099731445,1.4524699449539185,1.5050437450408936,1.5007978677749634,1.5793448686599731,1.5586509704589844
0.43852996826171875,0.4509250521659851,0.46116992831230164,0.4656682312488556,0.4613494277000427,0.45668739080429077,0.4636484384536743,0.4688663184642792,0.4736016094684601,0.44679516553878784,0.446807324886322,0.4468227028846741,0.4468734562397003,0.4374149441719055,0.4340127408504486,0.43140777945518494,0.4301433861255646,0.4292435646057129,0.4217953383922577,0.41684117913246155,0.4132150411605835,0.5118064880371094,0.5039072632789612,0.49362266063690186,0.48389118909835815,0.4754177927970886,0.4553490877151489,0.43021708726882935,0.4165981113910675,0.40253227949142456,0.4541662931442261,0.4271767735481262,0.4102396070957184,0.3938154876232147,0.461277037858963,0.43554970622062683,0.4190243184566498,0.4017947316169739,0.4740942120552063,0.45689040422439575,0.4454456567764282,0.4331011176109314,0.6161513924598694,0.599683403968811,0.5936198830604553,0.5925337672233582,0.5901049375534058,0.6113271117210388,0.6053479909896851,0.5989392399787903,0.5936474800109863,0.6197031140327454,0.6131712198257446,0.6051977276802063,0.5981613397598267,0.6238718628883362,0.6183757185935974,0.6109069585800171,0.6042065024375916,0.6251356601715088,0.6212019920349121,0.6156796216964722,0.610144853591919,0.8133500218391418,0.8292483687400818,0.8577769994735718,0.885940670967102,0.9073057770729065,0.8801296353340149,0.9151724576950073,0.9312537908554077,0.9423028230667114,0.8819025754928589,0.9165390133857727,0.9315646886825562,0.9405021667480469,0.8802387118339539,0.9115058779716492,0.9261088967323303,0.9348967671394348,0.8779335618019104,0.9044523239135742,0.9176111221313477,0.9254519939422607,0.507513701915741,0.5206729769706726,0.5262128710746765,0.5348767042160034,0.49758636951446533,0.48971402645111084,0.48431840538978577,0.5432227849960327,0.4739193022251129,0.522639811038971,0.4955526888370514,0.5886449813842773,0.4249225854873657,0.6097625494003296,0.38246428966522217,0.6133615374565125,0.4394019842147827,0.6172322630882263,0.43803855776786804,0.605061948299408,0.45260393619537354,0.5997570157051086,0.4565037786960602,0.555849015712738,0.4498347342014313,0.5651289820671082,0.45130664110183716,0.5553774237632751,0.4499860405921936,0.5571202635765076,0.44631654024124146,0.530151903629303,0.4681245684623718,0.20074215531349182,0.17716558277606964,0.17825354635715485,0.179345965385437,0.1769816279411316,0.17862588167190552,0.17960458993911743,0.1986285001039505,0.19568292796611786,0.23159541189670563,0.23187527060508728,0.38305526971817017,0.3754466474056244,0.6089458465576172,0.5900564193725586,0.8086379766464233,0.5077552795410156,0.8723118901252747,0.4626818001270294,0.8751970529556274,0.4456228017807007,0.8553087115287781,0.466737300157547,0.8420466184616089,0.8474487066268921,1.1698631048202515,1.1252822875976562,1.4662580490112305,1.4525260925292969,1.5051605701446533,1.5008294582366943,1.5793296098709106,1.5586109161376953
0.43438810110092163,0.44890400767326355,0.4588867127895355,0.46378546953201294,0.46283429861068726,0.45309776067733765,0.45902809500694275,0.46444639563560486,0.47029659152030945,0.44349417090415955,0.4442567527294159,0.44666916131973267,0.450176864862442,0.4340243935585022,0.4324422776699066,0.43234482407569885,0.43432721495628357,0.42576754093170166,0.420223593711853,0.4174520671367645,0.4165346324443817,0.523503303527832,0.5235576033592224,0.5190803408622742,0.5135530233383179,0.5085197687149048,0.48887231945991516,0.467488557100296,0.4608387053012848,0.4537786841392517,0.490939736366272,0.4767250716686249,0.4696590006351471,0.46226298809051514,0.4984484314918518,0.4858301877975464,0.4769729673862457,0.46765655279159546,0.5093902945518494,0.501123309135437,0.49540433287620544,0.48873382806777954,0.6161184906959534,0.5997614860534668,0.593582272529602,0.5925168395042419,0.5901826024055481,0.6114959120750427,0.6054163575172424,0.5988827347755432,0.5934692025184631,0.6199004650115967,0.6134408116340637,0.6054770946502686,0.5984733700752258,0.6240662932395935,0.6186161041259766,0.6110646724700928,0.6043102741241455,0.6253290176391602,0.6213793158531189,0.6157720685005188,0.6101400852203369,0.813179075717926,0.8288571238517761,0.8574414849281311,0.8854019045829773,0.9067178964614868,0.880440890789032,0.9153622984886169,0.9312681555747986,0.9422287940979004,0.8821107745170593,0.9166684150695801,0.9316608309745789,0.9405947327613831,0.8802962303161621,0.9114482998847961,0.9259469509124756,0.9347131252288818,0.8778388500213623,0.9043573141098022,0.9174090623855591,0.9251598119735718,0.5075611472129822,0.5206801295280457,0.526188850402832,0.5347373485565186,0.49767932295799255,0.4898621439933777,0.4844534993171692,0.5430317521095276,0.47411859035491943,0.5225580930709839,0.4957098066806793,0.5886504650115967,0.424953430891037,0.6097827553749084,0.3822431266307831,0.6134210228919983,0.43596500158309937,0.617300271987915,0.4380069375038147,0.6051442623138428,0.4508908689022064,0.5998186469078064,0.45357951521873474,0.5558480024337769,0.4499277174472809,0.5650873184204102,0.451290488243103,0.5550340414047241,0.4486766457557678,0.556347131729126,0.4445568323135376,0.5302317142486572,0.46753326058387756,0.20073111355304718,0.17718908190727234,0.17827138304710388,0.179403617978096,0.17695364356040955,0.17854277789592743,0.17949245870113373,0.1986028552055359,0.19529712200164795,0.23157265782356262,0.2314375787973404,0.38323044776916504,0.3768756091594696,0.6091663837432861,0.5910031795501709,0.8085659742355347,0.5280799865722656,0.8721227645874023,0.49822744727134705,0.8751081824302673,0.4757993221282959,0.8552296161651611,0.49018344283103943,0.8436324000358582,0.8494901657104492,1.171518087387085,1.1262656450271606,1.467612624168396,1.4534521102905273,1.5059034824371338,1.5013339519500732,1.579996109008789,1.5588316917419434
0.43727603554725647,0.44729235768318176,0.4551926553249359,0.4600584805011749,0.4622579514980316,0.4457736611366272,0.44964346289634705,0.45356541872024536,0.4583173394203186,0.4368906319141388,0.4420640766620636,0.4464022219181061,0.4505639672279358,0.42938512563705444,0.4337231516838074,0.43746814131736755,0.44105052947998047,0.4238438606262207,0.42337656021118164,0.42442286014556885,0.4260790944099426,0.5168884992599487,0.5228492617607117,0.5310984253883362,0.5420200228691101,0.5544499158859253,0.5149405002593994,0.5187121629714966,0.5247610807418823,0.5308805704116821,0.5161248445510864,0.5237245559692383,0.5324540138244629,0.5411183834075928,0.5192403793334961,0.5275864005088806,0.5369853973388672,0.5457910299301147,0.5237096548080444,0.5301880836486816,0.5366674661636353,0.5426034331321716,0.616306483745575,0.599917471408844,0.5937838554382324,0.5926461219787598,0.5902546048164368,0.6114485859870911,0.6054750680923462,0.5988897085189819,0.5933936238288879,0.61990886926651,0.6135172247886658,0.6054979562759399,0.598402738571167,0.6241217255592346,0.6186478137969971,0.6109808087348938,0.6040599346160889,0.6253923773765564,0.6213725209236145,0.6156253814697266,0.6098272204399109,0.8125339150428772,0.8282113075256348,0.8571686744689941,0.8854522109031677,0.9067263603210449,0.8801239132881165,0.9150403738021851,0.931136429309845,0.9421910047531128,0.8820432424545288,0.9165956377983093,0.931725025177002,0.9408178329467773,0.8805172443389893,0.9118800759315491,0.9265305399894714,0.9352156519889832,0.8783190250396729,0.9049935936927795,0.9181352853775024,0.925861120223999,0.5075816512107849,0.5206655263900757,0.5260964035987854,0.534366250038147,0.4978059232234955,0.4900684952735901,0.4847075641155243,0.542746901512146,0.4746443033218384,0.522481381893158,0.4959465265274048,0.5887165665626526,0.42582300305366516,0.6098159551620483,0.3825014531612396,0.6134528517723083,0.4310867190361023,0.6173232197761536,0.4376624822616577,0.605235755443573,0.4494471549987793,0.5999211668968201,0.4506295323371887,0.5557655096054077,0.44999855756759644,0.5637506246566772,0.4513320326805115,0.5536381602287292,0.44663387537002563,0.554742693901062,0.44205978512763977,0.5294238924980164,0.4654180109500885,0.20033599436283112,0.17715077102184296,0.17822521924972534,0.17937904596328735,0.17677219212055206,0.17829211056232452,0.17928224802017212,0.1983475685119629,0.19497068226337433,0.23108386993408203,0.23041455447673798,0.383391797542572,0.378841370344162,0.6092792749404907,0.5920599699020386,0.8084977269172668,0.5494970679283142,0.8720101118087769,0.5459908246994019,0.8750805854797363,0.5208649635314941,0.855193555355072,0.523212730884552,0.8451483249664307,0.8506543636322021,1.1746975183486938,1.1266711950302124,1.4699512720108032,1.4537302255630493,1.5077407360076904,1.5013619661331177,1.5799646377563477,1.5586929321289062
0.42881083371092454,0.4421865486956395,0.44973716229285576,0.4546317449066387,0.45858833500267093,0.43920930484662585,0.44366228941854907,0.4474022950682033,0.4515855962387641,0.4295396843215048,0.4364772176361066,0.4424616584999448,0.445462918848909,0.42201507013791717,0.4264038250301293,0.4313810041047573,0.4365154501815111,0.41691052862009786,0.4175147814976143,0.41841451452705075,0.4207853922172307,0.5601879995194795,0.5694903801279911,0.5818309039490265,0.5954833500710133,0.6193652713853427,0.5739925896617705,0.5981512893716581,0.6141421594055276,0.6264057715451339,0.5789716722834656,0.6020116605783858,0.620979841204013,0.6368537016030765,0.5834401903170024,0.605274900985865,0.6231616756570608,0.6398054966732372,0.587388238760115,0.6037185742102007,0.6155534725785903,0.6265033462436047,0.6157984733581543,0.5993584394454956,0.593440055847168,0.5924522280693054,0.5901578664779663,0.6113743782043457,0.6053282022476196,0.5987497568130493,0.5933518409729004,0.6197843551635742,0.6134060025215149,0.6054329872131348,0.5985240936279297,0.6238987445831299,0.6185187101364136,0.6108730435371399,0.6041391491889954,0.6250780820846558,0.6212756037712097,0.6155929565429688,0.6099374294281006,0.8117151260375977,0.8281816840171814,0.8574246764183044,0.8856779932975769,0.9067685008049011,0.8803313970565796,0.915249764919281,0.9310857057571411,0.9420692324638367,0.8816196322441101,0.916104793548584,0.9309750199317932,0.9400734901428223,0.8794987797737122,0.9106961488723755,0.9253562688827515,0.9342169761657715,0.8768393397331238,0.9035423398017883,0.9167662858963013,0.924562394618988,0.5075881481170654,0.5206414461135864,0.5259767770767212,0.5338929891586304,0.4979369044303894,0.49025440216064453,0.4849235713481903,0.5424681901931763,0.4750198423862457,0.5223837494850159,0.49615055322647095,0.5887842774391174,0.4263607859611511,0.6098703742027283,0.38676339387893677,0.6134877800941467,0.4234786927700043,0.6173267364501953,0.4286539852619171,0.6053282618522644,0.4425562620162964,0.600077748298645,0.44457003474235535,0.5556579232215881,0.45043280720710754,0.5625101327896118,0.45205116271972656,0.5536457896232605,0.4466802477836609,0.5547353625297546,0.442127525806427,0.5314810872077942,0.46550649404525757,0.20019207894802094,0.17715206742286682,0.1782238632440567,0.1793944537639618,0.1766909509897232,0.17814365029335022,0.1791592687368393,0.19832973182201385,0.19478343427181244,0.2308661937713623,0.22985614836215973,0.3836852014064789,0.37893301248550415,0.6094632148742676,0.5891933441162109,0.8082280158996582,0.5760451555252075,0.8718081712722778,0.5994605422019958,0.8748812079429626,0.5772427916526794,0.8549142479896545,0.5704517364501953,0.845270574092865,0.8506643176078796,1.1750869750976562,1.1270766258239746,1.4721101522445679,1.454345703125,1.5100547075271606,1.5015796422958374,1.580886960029602,1.5588176250457764
0.4171020959616672,0.434384583507779,0.44399907450335496,0.44854279535005165,0.4531046086465289,0.43269586065684795,0.4385237866618156,0.44265671793350425,0.44627547372748133,0.42201718557707424,0.42861610782081555,0.4340293857199864,0.437285341161029,0.4131201703109518,0.4186955914481964,0.42337014635636894,0.42752481401565595,0.4069754646533401,0.4097150512479855,0.4117665132661417,0.41439406327353145,0.6279895294121269,0.6304516148382617,0.6490780470563213,0.671812524757159,0.6929756095508293,0.6548574163399706,0.6921892906563358,0.714103525096786,0.7278747097895302,0.6643598667747808,0.7032125133566037,0.7258854284189469,0.7404595048818001,0.6711842298720745,0.7065026877983204,0.7271958301962059,0.7410672176308719,0.675758841574737,0.703496084805631,0.7194110556408975,0.7323872939058348,0.6156781911849976,0.5991868376731873,0.593082845211029,0.5921421647071838,0.5897181034088135,0.6109612584114075,0.6045282483100891,0.5979233384132385,0.5925953388214111,0.6193881630897522,0.6125954389572144,0.6045342087745667,0.5976147651672363,0.6235078573226929,0.6177752614021301,0.6101388335227966,0.6034526824951172,0.6246971487998962,0.6206203699111938,0.6149280071258545,0.6093019247055054,0.8117421865463257,0.8276276588439941,0.8570071458816528,0.8853707909584045,0.9064366817474365,0.8804352879524231,0.9155274033546448,0.9313340783119202,0.9422317147254944,0.8819224238395691,0.9164729118347168,0.9311981201171875,0.9401538372039795,0.8800443410873413,0.9113494157791138,0.9260498881340027,0.9350741505622864,0.8776559233665466,0.9043276906013489,0.9175279140472412,0.9254463315010071,0.5076306462287903,0.5206378698348999,0.5259153842926025,0.5336129069328308,0.49799931049346924,0.49033546447753906,0.48501092195510864,0.5421655178070068,0.47518685460090637,0.5223522782325745,0.4963182806968689,0.588789701461792,0.4274095594882965,0.6099488735198975,0.39043954014778137,0.6135721206665039,0.4204199016094208,0.617286741733551,0.42462193965911865,0.6053240299224854,0.4346548616886139,0.6000831723213196,0.43765461444854736,0.5556232929229736,0.45070594549179077,0.5618292689323425,0.4523785710334778,0.5529705286026001,0.44671398401260376,0.5532441735267639,0.4422239065170288,0.5320560336112976,0.46555817127227783,0.20018452405929565,0.17717207968235016,0.17823481559753418,0.17941997945308685,0.17668037116527557,0.17811186611652374,0.17914070188999176,0.19832079112529755,0.19474782049655914,0.23085997998714447,0.22979651391506195,0.38451048731803894,0.37908318638801575,0.609455943107605,0.5852254033088684,0.80806964635849,0.6193007230758667,0.8718271851539612,0.6782787442207336,0.8747535347938538,0.656560480594635,0.8545617461204529,0.6371083855628967,0.8462287783622742,0.8509354591369629,1.1798135042190552,1.1287288665771484,1.4774647951126099,1.460698127746582,1.5158939361572266,1.5078805685043335,1.5818791389465332,1.5633726119995117
0.40786999464035034,0.42747634649276733,0.43811801075935364,0.44195157289505005,0.44643524289131165,0.42626628279685974,0.4324634373188019,0.43628808856010437,0.4391586184501648,0.4148850739002228,0.4204424321651459,0.42452797293663025,0.42754673957824707,0.4060392379760742,0.41109171509742737,0.4147188663482666,0.4174269437789917,0.39994484186172485,0.4031490683555603,0.405437707901001,0.407527893781662,0.6780689358711243,0.6832940578460693,0.7072080969810486,0.7365057468414307,0.7567534446716309,0.7229449152946472,0.7605987787246704,0.7829782962799072,0.8012609481811523,0.7321661710739136,0.7731548547744751,0.7986540794372559,0.818443238735199,0.7378405332565308,0.7761741280555725,0.800122857093811,0.8188095688819885,0.7407348155975342,0.7718639969825745,0.79044508934021,0.8060445189476013,0.6150466203689575,0.5987059473991394,0.5923752188682556,0.5913274884223938,0.5890789031982422,0.6104300618171692,0.6039156317710876,0.5972791314125061,0.5919190645217896,0.6187769174575806,0.6119476556777954,0.6039760112762451,0.5970864295959473,0.6228998303413391,0.6169924736022949,0.6093627214431763,0.6026676297187805,0.6240523457527161,0.6197693347930908,0.6139678955078125,0.6082722544670105,0.8115898370742798,0.827638566493988,0.856360912322998,0.8844119310379028,0.9057119488716125,0.8801721334457397,0.9151746034622192,0.9304367899894714,0.9410619735717773,0.8817368745803833,0.9164034724235535,0.9311391115188599,0.94035804271698,0.8799134492874146,0.9112662076950073,0.9258378744125366,0.9349164962768555,0.8775463700294495,0.9041796922683716,0.9171717762947083,0.9248601794242859,0.5077016949653625,0.5206401348114014,0.525898814201355,0.5335056781768799,0.4980527460575104,0.49044105410575867,0.48509448766708374,0.5420540571212769,0.475263386964798,0.5223513841629028,0.4965257942676544,0.5887994766235352,0.4286681115627289,0.6099582314491272,0.3925100564956665,0.61368328332901,0.41873976588249207,0.6172240376472473,0.4195033013820648,0.6053279042243958,0.4312559962272644,0.6001046299934387,0.4358258843421936,0.5551403164863586,0.45069730281829834,0.5608851909637451,0.4520787000656128,0.549813449382782,0.44645774364471436,0.5487695932388306,0.442275732755661,0.5318688750267029,0.4651246964931488,0.2000824213027954,0.17716677486896515,0.1782289445400238,0.17941829562187195,0.17661380767822266,0.1780351996421814,0.17907695472240448,0.19828417897224426,0.1947178840637207,0.2308470457792282,0.22973322868347168,0.3854351341724396,0.380013108253479,0.6094467043876648,0.5855355262756348,0.8079807758331299,0.6803181171417236,0.8718178272247314,0.7450583577156067,0.8742033243179321,0.7277829647064209,0.8537518978118896,0.7051217555999756,0.8543696999549866,0.8548414707183838,1.1920291185379028,1.1320850849151611,1.4852091073989868,1.467576026916504,1.5233144760131836,1.5154298543930054,1.5843267440795898,1.5670746564865112
0.40243905782699585,0.42261484265327454,0.43204641342163086,0.43452319502830505,0.4383235275745392,0.42014649510383606,0.4242212176322937,0.4259427487850189,0.4274272620677948,0.40934157371520996,0.4124736487865448,0.41457363963127136,0.4159674346446991,0.4015961289405823,0.4037497341632843,0.40590575337409973,0.4074079692363739,0.3965170085430145,0.3983718454837799,0.39960384368896484,0.4006163477897644,0.7032646536827087,0.7234063148498535,0.750718355178833,0.7814674973487854,0.8044156432151794,0.7691536545753479,0.8005282878875732,0.8193089365959167,0.8352912664413452,0.7740780115127563,0.8068971633911133,0.826791524887085,0.8418744206428528,0.7761895656585693,0.807120144367218,0.8273014426231384,0.8431358337402344,0.776051938533783,0.8031641244888306,0.8195693492889404,0.833798348903656,0.6146746277809143,0.5985443592071533,0.5922072529792786,0.5910440683364868,0.5883329510688782,0.6097637414932251,0.6031290292739868,0.5965357422828674,0.5912858843803406,0.6180582046508789,0.6112142205238342,0.6032336354255676,0.5964767932891846,0.6221516728401184,0.6164185404777527,0.6087955236434937,0.6021609902381897,0.6232885718345642,0.6191646456718445,0.6133850812911987,0.6077158451080322,0.8113000988960266,0.8270918130874634,0.8555994629859924,0.8837206959724426,0.9052816033363342,0.8792690634727478,0.9136998057365417,0.928942084312439,0.9397643804550171,0.881381094455719,0.9154841899871826,0.9298245906829834,0.938627302646637,0.8798995018005371,0.9108449220657349,0.9250615835189819,0.9336909055709839,0.8777340650558472,0.9041104912757874,0.916795551776886,0.924062967300415,0.5078557729721069,0.5206725001335144,0.5259009599685669,0.53347247838974,0.4982059895992279,0.49064022302627563,0.48523861169815063,0.5419675707817078,0.4753274619579315,0.5223535895347595,0.49669039249420166,0.5888843536376953,0.4291311204433441,0.6099485754966736,0.39439457654953003,0.6137322187423706,0.41584885120391846,0.6171404123306274,0.4122583270072937,0.6052964329719543,0.4270743131637573,0.6000995635986328,0.4347003102302551,0.5551241040229797,0.45083269476890564,0.559528112411499,0.4516567885875702,0.547853410243988,0.44613388180732727,0.5465102791786194,0.4422328770160675,0.5317828059196472,0.46515601873397827,0.19997256994247437,0.17716574668884277,0.17823351919651031,0.17944331467151642,0.17641519010066986,0.17778712511062622,0.1788569986820221,0.1982775330543518,0.19462960958480835,0.23084791004657745,0.22965244948863983,0.3854541480541229,0.3807426989078522,0.6092975735664368,0.5897930860519409,0.8079822063446045,0.7323762774467468,0.8718560934066772,0.7995573878288269,0.873975396156311,0.7900655269622803,0.8535257577896118,0.7671646475791931,0.8617008924484253,0.8586201071739197,1.2003324031829834,1.1418718099594116,1.4965708255767822,1.4797818660736084,1.5335558652877808,1.5261883735656738,1.595685362815857,1.5799174308776855
0.3992493748664856,0.41925540566444397,0.4275170564651489,0.4290539026260376,0.4330092668533325,0.4157044291496277,0.4189756214618683,0.4201240539550781,0.42113396525382996,0.40530502796173096,0.4076356291770935,0.40925878286361694,0.40977606177330017,0.39786669611930847,0.39896127581596375,0.4006558656692505,0.40163949131965637,0.39283695816993713,0.39298155903816223,0.39333316683769226,0.3933613896369934,0.7328819632530212,0.7582182288169861,0.7890488505363464,0.8214024901390076,0.8447532653808594,0.8064226508140564,0.8387317061424255,0.857117772102356,0.8736419081687927,0.8093683123588562,0.8425769209861755,0.8615960478782654,0.8761147856712341,0.8097872734069824,0.8420453071594238,0.8627158403396606,0.8789188265800476,0.8081735372543335,0.8368076682090759,0.8541789054870605,0.8697817325592041,0.6147798299789429,0.5985806584358215,0.5921629667282104,0.5909780859947205,0.5883118510246277,0.6095681190490723,0.6030654907226562,0.5966147184371948,0.5913823843002319,0.6178308725357056,0.6110334396362305,0.6031553149223328,0.5963998436927795,0.6218841671943665,0.6160203814506531,0.6084640622138977,0.6018322110176086,0.6230200529098511,0.618718147277832,0.6129634976387024,0.6073197722434998,0.810562014579773,0.825837254524231,0.8545324802398682,0.8827593922615051,0.9042996764183044,0.8779226541519165,0.9119812250137329,0.9278427958488464,0.9391024112701416,0.8803312182426453,0.9139364361763,0.9283527731895447,0.937268078327179,0.8791083097457886,0.9098469018936157,0.9241215586662292,0.9328547716140747,0.8771401047706604,0.9033514261245728,0.9161742329597473,0.9237428307533264,0.5079339742660522,0.5207046270370483,0.5259037613868713,0.5334130525588989,0.49833521246910095,0.4908074140548706,0.48537665605545044,0.5418270826339722,0.475390762090683,0.5223495960235596,0.49672383069992065,0.5888914465904236,0.429443895816803,0.6099274158477783,0.3964821994304657,0.6137257218360901,0.4076635539531708,0.6169856786727905,0.4026973843574524,0.6052573323249817,0.42081528902053833,0.6000911593437195,0.42969170212745667,0.5551871657371521,0.4517115652561188,0.557947039604187,0.4516526758670807,0.5452476739883423,0.446103036403656,0.5435962080955505,0.4423272907733917,0.5308415293693542,0.4648660719394684,0.19960595667362213,0.1771373599767685,0.17822417616844177,0.17944282293319702,0.17607536911964417,0.17739450931549072,0.17845338582992554,0.19826988875865936,0.1943478137254715,0.23065701127052307,0.22921063005924225,0.38531920313835144,0.3812132477760315,0.608511745929718,0.5906088948249817,0.8079403042793274,0.7608744502067566,0.8714528679847717,0.8287788033485413,0.8732232451438904,0.8233160972595215,0.8528591990470886,0.8006303310394287,0.8625429272651672,0.8591585159301758,1.1993578672409058,1.1442300081253052,1.505555272102356,1.4863662719726562,1.5435388088226318,1.5329440832138062,1.6060948371887207,1.5879400968551636
0.3971005082130432,0.4169015884399414,0.42437514662742615,0.4251268208026886,0.42827239632606506,0.41160744428634644,0.4148615300655365,0.41646042466163635,0.41774943470954895,0.4011128544807434,0.4042854309082031,0.40652018785476685,0.40786656737327576,0.39366820454597473,0.39591893553733826,0.39835935831069946,0.4003855288028717,0.3885815143585205,0.3886132538318634,0.3894561529159546,0.390106737613678,0.7609925866127014,0.7877719402313232,0.819525957107544,0.8523083925247192,0.876190185546875,0.838716447353363,0.873560905456543,0.8933677077293396,0.9104900360107422,0.8417742848396301,0.8777225017547607,0.8990647792816162,0.9151188135147095,0.8416255116462708,0.8754492998123169,0.89760822057724,0.9149591326713562,0.8393605947494507,0.8685470223426819,0.886631965637207,0.9027262330055237,0.6144846677780151,0.5982761383056641,0.5919246673583984,0.5907531976699829,0.588050365447998,0.6092211604118347,0.6029417514801025,0.5967175960540771,0.5916054248809814,0.6176711320877075,0.6108704805374146,0.6030413508415222,0.5962879657745361,0.6219913363456726,0.61635422706604,0.6089004874229431,0.6024353504180908,0.6235162019729614,0.6195645928382874,0.6140304803848267,0.6086264848709106,0.8106356263160706,0.8258113265037537,0.8542746305465698,0.8827806711196899,0.904321014881134,0.8775282502174377,0.9123431444168091,0.9280474185943604,0.9391940236091614,0.8798399567604065,0.9141051769256592,0.9285838603973389,0.9372113943099976,0.8783711791038513,0.909346342086792,0.9233932495117188,0.9317607283592224,0.8760329484939575,0.9024210572242737,0.9149628281593323,0.9222182631492615,0.5079405903816223,0.5207046270370483,0.5258925557136536,0.5331952571868896,0.49834173917770386,0.49083197116851807,0.4853852391242981,0.5417283773422241,0.4753946363925934,0.5222853422164917,0.49665719270706177,0.5888773202896118,0.4296085238456726,0.6099055409431458,0.3991090655326843,0.613721489906311,0.40469831228256226,0.6169248819351196,0.3981451094150543,0.6052390336990356,0.4170492887496948,0.6000902652740479,0.42718440294265747,0.5553867220878601,0.4530244469642639,0.5567871928215027,0.45155584812164307,0.5435946583747864,0.4449107348918915,0.5419633388519287,0.441875159740448,0.5294796824455261,0.4632856249809265,0.19914263486862183,0.17704620957374573,0.1781930923461914,0.17942467331886292,0.1755472868680954,0.1768086552619934,0.17774668335914612,0.19827280938625336,0.19399817287921906,0.23050709068775177,0.228695809841156,0.3849405348300934,0.38192322850227356,0.6081715822219849,0.5960870385169983,0.8078936338424683,0.7862748503684998,0.870668351650238,0.8549596071243286,0.8726317286491394,0.8488357067108154,0.8524816036224365,0.824675977230072,0.861767053604126,0.8589947819709778,1.1979206800460815,1.1449042558670044,1.5075759887695312,1.488147258758545,1.5452321767807007,1.5342259407043457,1.6126080751419067,1.5933713912963867
0.3952535092830658,0.4143255054950714,0.4215275049209595,0.42261800169944763,0.4251493215560913,0.4078739285469055,0.41176700592041016,0.4142719805240631,0.4160919785499573,0.3976636826992035,0.4016769826412201,0.40450558066368103,0.4060394763946533,0.390315443277359,0.3932174742221832,0.39550867676734924,0.39712613821029663,0.38532590866088867,0.38544178009033203,0.3861923813819885,0.3866909146308899,0.7857309579849243,0.809852123260498,0.8411127328872681,0.872517466545105,0.8947541117668152,0.8666114211082458,0.903475284576416,0.9244268536567688,0.9418389201164246,0.8688074946403503,0.9068590402603149,0.9298473000526428,0.9483793377876282,0.8666161298751831,0.9010067582130432,0.9222689867019653,0.9386898279190063,0.8612881302833557,0.8879629373550415,0.9046419858932495,0.9182927012443542,0.6154044270515442,0.5988603234291077,0.5924125909805298,0.5913316607475281,0.5886205434799194,0.6100829243659973,0.6033562421798706,0.5969567894935608,0.5917811989784241,0.6184495091438293,0.6111681461334229,0.6032599806785583,0.5964370965957642,0.6225727200508118,0.6163524985313416,0.6086554527282715,0.6020061373710632,0.6238367557525635,0.6195932030677795,0.6138866543769836,0.6082927584648132,0.8099542856216431,0.825150191783905,0.8538448810577393,0.8821966052055359,0.9036350250244141,0.877557098865509,0.9119974374771118,0.927621066570282,0.938815712928772,0.8797596096992493,0.9139845967292786,0.9287787675857544,0.9382576942443848,0.8781836032867432,0.9093782305717468,0.9238234162330627,0.9328433871269226,0.8756994605064392,0.9024341702461243,0.9154122471809387,0.9232363104820251,0.5077763199806213,0.5205061435699463,0.5257768630981445,0.5324943661689758,0.4981828033924103,0.49076715111732483,0.4852553606033325,0.5415228605270386,0.4753338694572449,0.5220324993133545,0.49632498621940613,0.5888044834136963,0.42964503169059753,0.6098524332046509,0.40020886063575745,0.6137550473213196,0.40253597497940063,0.6169238686561584,0.3946414291858673,0.6052694916725159,0.4120659828186035,0.6002113819122314,0.4231724143028259,0.5553892850875854,0.45357275009155273,0.5568521022796631,0.4515951871871948,0.5439977645874023,0.4449451267719269,0.5426095724105835,0.44232749938964844,0.5295032858848572,0.4629661738872528,0.19855952262878418,0.17685966193675995,0.17807339131832123,0.1792820543050766,0.1751222163438797,0.17639006674289703,0.17723317444324493,0.19824713468551636,0.19389069080352783,0.23027768731117249,0.22827625274658203,0.3846023976802826,0.38316118717193604,0.6080435514450073,0.6031215786933899,0.8078795075416565,0.8019178509712219,0.8700454235076904,0.8713459372520447,0.872146487236023,0.8654944896697998,0.8522156476974487,0.8406063914299011,0.8614169359207153,0.8591195940971375,1.1980905532836914,1.1456812620162964,1.509581208229065,1.4888708591461182,1.546775221824646,1.534825086593628,1.6170830726623535,1.5955650806427002
0.3934635818004608,0.4122946560382843,0.41916003823280334,0.4195268750190735,0.422493040561676,0.4040508270263672,0.40829169750213623,0.41084036231040955,0.4124320149421692,0.3944746255874634,0.39988285303115845,0.40377891063690186,0.40564656257629395,0.38807493448257446,0.39232057332992554,0.3955783247947693,0.3979535698890686,0.384001761674881,0.3853820264339447,0.38739678263664246,0.38922417163848877,0.80450838804245,0.8230055570602417,0.8535838723182678,0.8847601413726807,0.9063875079154968,0.8809348344802856,0.9166152477264404,0.9342136979103088,0.9487782120704651,0.8828903436660767,0.9190605878829956,0.9387361407279968,0.9537259340286255,0.8805616497993469,0.9127178192138672,0.9307195544242859,0.9437841773033142,0.8763619065284729,0.9001710414886475,0.9143789410591125,0.9255250692367554,0.6155177354812622,0.5990151762962341,0.5929514765739441,0.5918080806732178,0.589074969291687,0.6101194024085999,0.6041498184204102,0.5978500843048096,0.5926874876022339,0.6186434030532837,0.6120973229408264,0.6041689515113831,0.597262442111969,0.6230493187904358,0.6175646781921387,0.6100408434867859,0.6033697128295898,0.6246080994606018,0.6209642291069031,0.6155195236206055,0.610002875328064,0.8087952733039856,0.8241074085235596,0.852851152420044,0.8818178772926331,0.9035910367965698,0.8766776323318481,0.9112626910209656,0.9268844723701477,0.9378160238265991,0.8786020278930664,0.9127082824707031,0.9275653958320618,0.9365286827087402,0.8767372369766235,0.9076905846595764,0.9222634434700012,0.9310017824172974,0.8740388751029968,0.9004937410354614,0.9135943651199341,0.9212707877159119,0.5073959231376648,0.5201124548912048,0.5256203413009644,0.5317885279655457,0.4978380501270294,0.4905568063259125,0.484890878200531,0.5411780476570129,0.4751352369785309,0.5215129852294922,0.4956510365009308,0.5887502431869507,0.42960336804389954,0.6098319292068481,0.4013196527957916,0.613817572593689,0.4008025527000427,0.616939127445221,0.3935509920120239,0.6053839921951294,0.4092322885990143,0.6004318594932556,0.41992905735969543,0.5554211735725403,0.4538784623146057,0.5569340586662292,0.4515886902809143,0.5442105531692505,0.4445454776287079,0.5428545475006104,0.4422978162765503,0.5295069813728333,0.4624733030796051,0.19804753363132477,0.17666438221931458,0.17798244953155518,0.179165318608284,0.17466242611408234,0.1758784055709839,0.17661677300930023,0.19820290803909302,0.19371706247329712,0.23008573055267334,0.22781400382518768,0.3841419219970703,0.3839920461177826,0.6078987717628479,0.607306957244873,0.8078729510307312,0.8087548017501831,0.8697413206100464,0.8777154684066772,0.8720546960830688,0.873238205909729,0.8522072434425354,0.8491902351379395,0.8622824549674988,0.8599526882171631,1.1988534927368164,1.1467832326889038,1.509712815284729,1.4892312288284302,1.5462406873703003,1.5345383882522583,1.618776559829712,1.5983282327651978
0.39286497235298157,0.4102054238319397,0.4162234365940094,0.4167020916938782,0.4184664189815521,0.40107542276382446,0.4059552848339081,0.4081433117389679,0.40949398279190063,0.3916838467121124,0.397048681974411,0.40108436346054077,0.40305018424987793,0.38626018166542053,0.39062246680259705,0.3940039575099945,0.3964740037918091,0.38336995244026184,0.385006308555603,0.3871297538280487,0.389009952545166,0.8114086985588074,0.8303619027137756,0.8597859740257263,0.8889579772949219,0.9119859337806702,0.8876547813415527,0.9226601123809814,0.939842700958252,0.9541415572166443,0.8875229358673096,0.9211830496788025,0.9391785264015198,0.9516772627830505,0.883155882358551,0.9120237827301025,0.9278479218482971,0.9392828345298767,0.8780375123023987,0.901401937007904,0.9141190648078918,0.9236150979995728,0.6159674525260925,0.5992439389228821,0.5933787822723389,0.5922676920890808,0.5896199345588684,0.6106334328651428,0.6049825549125671,0.5988308787345886,0.5937901139259338,0.6191878318786621,0.6126383543014526,0.6047222018241882,0.5977910161018372,0.6235858201980591,0.6179544925689697,0.610487163066864,0.6038568019866943,0.6251700520515442,0.6213518977165222,0.6158347129821777,0.6102787852287292,0.808377206325531,0.824508786201477,0.8534680008888245,0.8822611570358276,0.9036359786987305,0.8757875561714172,0.9108827710151672,0.926867663860321,0.9381442666053772,0.8779065012931824,0.9122735261917114,0.9272211790084839,0.9364081621170044,0.8763246536254883,0.9073676466941833,0.9221474528312683,0.9311640858650208,0.8739644289016724,0.9004265069961548,0.9136537313461304,0.9215271472930908,0.5072110295295715,0.5199142694473267,0.525528073310852,0.5313518643379211,0.4976397752761841,0.4904288947582245,0.4846673607826233,0.5407347083091736,0.4749145209789276,0.5211395621299744,0.49522730708122253,0.5886256098747253,0.4295082092285156,0.6098161339759827,0.4020306468009949,0.6139671802520752,0.39986082911491394,0.6171131134033203,0.39265960454940796,0.6055513620376587,0.4073024392127991,0.6006482839584351,0.41766050457954407,0.5554223656654358,0.4541065990924835,0.5569993257522583,0.4518618881702423,0.5445968508720398,0.44432055950164795,0.543565571308136,0.4421972632408142,0.5295501351356506,0.4622134864330292,0.197753444314003,0.17658865451812744,0.17795899510383606,0.17913132905960083,0.17435987293720245,0.17550237476825714,0.17617982625961304,0.19818180799484253,0.1936192363500595,0.2298704981803894,0.2275313138961792,0.38361507654190063,0.3843686282634735,0.6076218485832214,0.6101471781730652,0.8078427910804749,0.8143818974494934,0.8692843914031982,0.8825588226318359,0.8718671202659607,0.8789745569229126,0.852155864238739,0.8562202453613281,0.8619652390480042,0.8599186539649963,1.1986497640609741,1.1467888355255127,1.5081393718719482,1.4884175062179565,1.5447096824645996,1.533658504486084,1.6176650524139404,1.5984010696411133
0.39329782128334045,0.40971869230270386,0.41475459933280945,0.4147896468639374,0.4161870777606964,0.39972659945487976,0.40478676557540894,0.4070507884025574,0.4084427058696747,0.39066532254219055,0.39589396119117737,0.40003421902656555,0.4022456109523773,0.3857332766056061,0.3898274302482605,0.3934085965156555,0.3959280848503113,0.3834615647792816,0.38490208983421326,0.3872573673725128,0.38922059535980225,0.8146031498908997,0.8340681195259094,0.8632273077964783,0.8911334276199341,0.9147428274154663,0.8901816606521606,0.9235902428627014,0.9397628307342529,0.95332270860672,0.888426661491394,0.9214346408843994,0.9388260841369629,0.950541079044342,0.8827763199806213,0.9109458923339844,0.9263696670532227,0.9375147223472595,0.8768482208251953,0.9001690745353699,0.9124252200126648,0.920841634273529,0.6163362264633179,0.5998166799545288,0.5938329696655273,0.5927245020866394,0.589968204498291,0.6111792325973511,0.6052332520484924,0.5991382002830505,0.5942516922950745,0.6197360157966614,0.6129382252693176,0.6051393747329712,0.5983866453170776,0.6241481304168701,0.6184255480766296,0.6110795140266418,0.6045886874198914,0.6257423758506775,0.62189120054245,0.6165584325790405,0.6111880540847778,0.8075656294822693,0.8236683011054993,0.8528701066970825,0.8819164633750916,0.9036060571670532,0.8767645359039307,0.911113977432251,0.9267162680625916,0.9378274083137512,0.8784067034721375,0.9119799733161926,0.9267926216125488,0.9360394477844238,0.8762521743774414,0.9068127870559692,0.92182457447052,0.931287944316864,0.8732410669326782,0.8994258642196655,0.9127626419067383,0.9209821224212646,0.5071388483047485,0.519852876663208,0.5254914164543152,0.5311647653579712,0.49749135971069336,0.4902999997138977,0.48444029688835144,0.5404258370399475,0.4746348559856415,0.5209208726882935,0.4948045015335083,0.5884301066398621,0.42919617891311646,0.6097935438156128,0.40241914987564087,0.6141082644462585,0.39910033345222473,0.6173093318939209,0.3921898603439331,0.6056836247444153,0.4064538776874542,0.6007815599441528,0.41644272208213806,0.555423378944397,0.4542236328125,0.5570261478424072,0.4525357186794281,0.5452815890312195,0.4445358216762543,0.5448327660560608,0.44240957498550415,0.5296585559844971,0.46360012888908386,0.19758625328540802,0.1765219271183014,0.17794038355350494,0.17911186814308167,0.1740719974040985,0.175135537981987,0.1757865697145462,0.19817329943180084,0.19344758987426758,0.22979317605495453,0.2274470031261444,0.3830128312110901,0.38457950949668884,0.6066546440124512,0.6116229891777039,0.8075000047683716,0.8178565502166748,0.8686234354972839,0.8862600922584534,0.8715723752975464,0.8824103474617004,0.8519849181175232,0.860259473323822,0.8622713685035706,0.860662043094635,1.1982685327529907,1.1469688415527344,1.507372498512268,1.488782286643982,1.5438361167907715,1.5336716175079346,1.6173410415649414,1.6004869937896729
0.3928266167640686,0.4092593491077423,0.41471439599990845,0.4144159257411957,0.4154530465602875,0.39962252974510193,0.4047410190105438,0.4073137044906616,0.4087287485599518,0.3903994560241699,0.39594319462776184,0.4003279209136963,0.4024839401245117,0.3853991627693176,0.3899029791355133,0.39368584752082825,0.3963635563850403,0.38315123319625854,0.3845525085926056,0.38703519105911255,0.389226496219635,0.8149055242538452,0.8322065472602844,0.8620805144309998,0.8908994197845459,0.9136109948158264,0.889085590839386,0.9236284494400024,0.9398530125617981,0.9533977508544922,0.8884024024009705,0.921522319316864,0.9383633732795715,0.9496335387229919,0.8836649656295776,0.9125789999961853,0.9275751113891602,0.9381558299064636,0.8783177733421326,0.9015573859214783,0.9139986634254456,0.9224767684936523,0.6159785389900208,0.5995157957077026,0.5937885642051697,0.5928317904472351,0.5899849534034729,0.6111327409744263,0.6054251194000244,0.5994701385498047,0.5946645140647888,0.6199689507484436,0.6134684085845947,0.6057524085044861,0.5990893244743347,0.624562680721283,0.6191177368164062,0.6117984652519226,0.6053528189659119,0.6262566447257996,0.6224557161331177,0.6170135140419006,0.6116629242897034,0.8077974915504456,0.824325680732727,0.8534760475158691,0.882413387298584,0.9037532806396484,0.8764901161193848,0.9119112491607666,0.9275234937667847,0.9384157061576843,0.8777351975440979,0.9128594398498535,0.9273900389671326,0.9357988834381104,0.8752869367599487,0.9067914485931396,0.9213788509368896,0.93006831407547,0.8721082210540771,0.8986398577690125,0.9114472270011902,0.9188823103904724,0.506824791431427,0.5194307565689087,0.5252734422683716,0.5305175185203552,0.49720320105552673,0.4901261031627655,0.4841802418231964,0.539277970790863,0.47432196140289307,0.5202589631080627,0.4944084584712982,0.588257908821106,0.4287928342819214,0.6097790002822876,0.4025973081588745,0.6141836047172546,0.39896100759506226,0.6173561811447144,0.3925412595272064,0.6057454347610474,0.4064803123474121,0.6008586883544922,0.41623204946517944,0.555436372756958,0.4542509615421295,0.5570679306983948,0.45318785309791565,0.5455779433250427,0.4445808529853821,0.5453770160675049,0.4425404965877533,0.5296639204025269,0.4636171758174896,0.19715802371501923,0.1764284372329712,0.17788192629814148,0.179066464304924,0.17382480204105377,0.1748327910900116,0.17546169459819794,0.1980680227279663,0.19334879517555237,0.2293306589126587,0.22680126130580902,0.38241153955459595,0.38482746481895447,0.6062350273132324,0.612946093082428,0.807304859161377,0.8194634318351746,0.8681109547615051,0.8882420659065247,0.8712458610534668,0.8843315243721008,0.8517917394638062,0.862256646156311,0.862655520439148,0.8617475032806396,1.1985689401626587,1.1475034952163696,1.5069175958633423,1.489477276802063,1.5431482791900635,1.5341169834136963,1.6176000833511353,1.6017955541610718
0.39237716794013977,0.40911754965782166,0.41494646668434143,0.4146295487880707,0.4155906140804291,0.40012046694755554,0.4058114290237427,0.4085558354854584,0.40995630621910095,0.3909832835197449,0.39695265889167786,0.40160223841667175,0.4039623439311981,0.38612714409828186,0.39094406366348267,0.394974946975708,0.39786645770072937,0.38389748334884644,0.38552558422088623,0.3879814147949219,0.39024117588996887,0.8153337836265564,0.8322802782058716,0.8610973358154297,0.8895689249038696,0.9119687080383301,0.8886951208114624,0.9232269525527954,0.9397152662277222,0.9534285664558411,0.8883317708969116,0.9209758043289185,0.9378507733345032,0.9489619135856628,0.8839630484580994,0.9120455980300903,0.9269614219665527,0.9374579787254333,0.8792402744293213,0.9022488594055176,0.9144909977912903,0.922799825668335,0.6159151196479797,0.5996778607368469,0.5939435958862305,0.5929862260818481,0.5903205871582031,0.6115553975105286,0.6053762435913086,0.5992811918258667,0.5944616794586182,0.6203895211219788,0.6139457821846008,0.6063515543937683,0.5998855829238892,0.6249521374702454,0.6197040677070618,0.6125249266624451,0.6061986684799194,0.6265465021133423,0.6227824687957764,0.6173540949821472,0.6119885444641113,0.8076454401016235,0.8246323466300964,0.8533524870872498,0.8818259835243225,0.9030151963233948,0.8769345283508301,0.9116430282592773,0.9271076321601868,0.9380601048469543,0.8776775598526001,0.9120891094207764,0.9265985488891602,0.9356148838996887,0.8748765587806702,0.9057806134223938,0.9205638766288757,0.9297327399253845,0.8714832067489624,0.8978041410446167,0.9108533263206482,0.9186296463012695,0.5066010355949402,0.5189155340194702,0.524958074092865,0.5297185182571411,0.49702832102775574,0.4900302290916443,0.4840216040611267,0.5378697514533997,0.4740962088108063,0.5198477506637573,0.4942464232444763,0.5880873203277588,0.42845603823661804,0.6097668409347534,0.4025075137615204,0.6142195463180542,0.3990704417228699,0.6174218058586121,0.3931135833263397,0.6057825684547424,0.4070127606391907,0.6008830666542053,0.41653603315353394,0.5554534196853638,0.45428261160850525,0.557421088218689,0.4533616304397583,0.5457848906517029,0.44471731781959534,0.5456416010856628,0.44293612241744995,0.5296998620033264,0.46361544728279114,0.19694717228412628,0.17634634673595428,0.17779609560966492,0.17897284030914307,0.17378923296928406,0.1748024821281433,0.1754249781370163,0.19794084131717682,0.19333794713020325,0.22897304594516754,0.22636476159095764,0.3822420835494995,0.38516801595687866,0.605667769908905,0.6137678027153015,0.8070247173309326,0.8200768828392029,0.8675210475921631,0.8876959681510925,0.8709306120872498,0.884094774723053,0.8516263961791992,0.8618834614753723,0.8647586107254028,0.8644797801971436,1.201915979385376,1.149125337600708,1.509901523590088,1.4918204545974731,1.5451462268829346,1.5365149974822998,1.6221219301223755,1.6046934127807617
0.3931606113910675,0.40991050004959106,0.41579127311706543,0.41558563709259033,0.41666141152381897,0.40117186307907104,0.40758582949638367,0.41064581274986267,0.41218388080596924,0.392304927110672,0.3987623453140259,0.403869092464447,0.40654176473617554,0.3875816762447357,0.39275115728378296,0.39746126532554626,0.40079447627067566,0.38566115498542786,0.38778412342071533,0.391159325838089,0.39417117834091187,0.8166540265083313,0.8323673009872437,0.8607608675956726,0.8890506029129028,0.9109979271888733,0.8883364796638489,0.922011137008667,0.9380732178688049,0.9515713453292847,0.8886336088180542,0.9210742115974426,0.9371585845947266,0.9486432075500488,0.8848897814750671,0.9130915999412537,0.9273011088371277,0.9373754262924194,0.8803405165672302,0.9039689302444458,0.9159822463989258,0.9235912561416626,0.6160984635353088,0.5997271537780762,0.5939981341362,0.5931071639060974,0.590298056602478,0.6115476489067078,0.6052683591842651,0.599094033241272,0.5942864418029785,0.6203840970993042,0.613705575466156,0.6059269309043884,0.5993587970733643,0.6249749064445496,0.6194602251052856,0.6121586561203003,0.6057887673377991,0.6266099214553833,0.6227232813835144,0.6172602772712708,0.6119083166122437,0.8073509335517883,0.8240968585014343,0.8530042767524719,0.8815358877182007,0.9028627872467041,0.877026379108429,0.9121131300926208,0.9275081753730774,0.938284158706665,0.8777192234992981,0.9123765230178833,0.9268859624862671,0.9356873631477356,0.8749644160270691,0.9060400724411011,0.9206932783126831,0.9297847151756287,0.871760368347168,0.898247241973877,0.9112101197242737,0.918982744216919,0.5063442587852478,0.5185171961784363,0.524721086025238,0.529214084148407,0.49687355756759644,0.48993635177612305,0.48384571075439453,0.536896288394928,0.4738825857639313,0.5194743871688843,0.4940055012702942,0.5879497528076172,0.42817023396492004,0.6097868084907532,0.40235501527786255,0.6143057346343994,0.3995293080806732,0.6175283789634705,0.39399588108062744,0.6058515906333923,0.40782371163368225,0.6009604334831238,0.41709786653518677,0.5555428266525269,0.454511433839798,0.5578335523605347,0.45356103777885437,0.5464553236961365,0.44514209032058716,0.5463784337043762,0.4434814453125,0.5300853848457336,0.4636554718017578,0.19684456288814545,0.17629294097423553,0.17774777114391327,0.17892639338970184,0.1737462431192398,0.17474907636642456,0.1753387600183487,0.19788236916065216,0.19325020909309387,0.22872230410575867,0.2261812686920166,0.38180026412010193,0.38536468148231506,0.6048814058303833,0.6142881512641907,0.8067200183868408,0.8193719983100891,0.8668285608291626,0.8863036632537842,0.8704162836074829,0.8822621703147888,0.8512288331985474,0.8599586486816406,0.8645956516265869,0.8645669221878052,1.2029571533203125,1.1491068601608276,1.510438323020935,1.4915080070495605,1.5454391241073608,1.5362175703048706,1.6230732202529907,1.604310393333435
0.3938620388507843,0.41051775217056274,0.4166511595249176,0.417372465133667,0.4185599088668823,0.40228769183158875,0.40926966071128845,0.41280239820480347,0.41491934657096863,0.39370426535606384,0.40064314007759094,0.4060284495353699,0.40922683477401733,0.3891580402851105,0.3947489857673645,0.3996999263763428,0.40342414379119873,0.38737785816192627,0.3898179829120636,0.39309602975845337,0.3959594964981079,0.8149457573890686,0.8309454321861267,0.8600094318389893,0.8881221413612366,0.9105605483055115,0.8868371844291687,0.9197977185249329,0.9361129999160767,0.9497924447059631,0.886569082736969,0.9187206029891968,0.9356839656829834,0.9473641514778137,0.8823564648628235,0.9101624488830566,0.9250347018241882,0.9353871941566467,0.8776015043258667,0.9008306860923767,0.9130789041519165,0.920640230178833,0.6159638166427612,0.5996691584587097,0.5939626097679138,0.5931218862533569,0.590252697467804,0.6112219095230103,0.6051401495933533,0.5990810394287109,0.594285249710083,0.6201207041740417,0.6136707663536072,0.6060531139373779,0.5995594263076782,0.6247768402099609,0.6194626688957214,0.6123420000076294,0.6060581803321838,0.6264104843139648,0.6224719882011414,0.6170400977134705,0.6117327213287354,0.8066657185554504,0.8234114646911621,0.8525221943855286,0.8811396956443787,0.9025886058807373,0.8769710659980774,0.9118090271949768,0.9273009300231934,0.9382225275039673,0.877596914768219,0.9118785262107849,0.9263377785682678,0.9353265166282654,0.874764084815979,0.905526876449585,0.9201453924179077,0.9294667840003967,0.8713846206665039,0.8977152705192566,0.9106223583221436,0.918411374092102,0.5061313509941101,0.5182220339775085,0.5245429277420044,0.5288503170013428,0.49677082896232605,0.4898513853549957,0.4836798906326294,0.5364530682563782,0.47366616129875183,0.5192159414291382,0.49365055561065674,0.5878020524978638,0.4278339147567749,0.6097870469093323,0.4022476077079773,0.6143394708633423,0.3998827636241913,0.617602527141571,0.39465612173080444,0.6059034466743469,0.4085974395275116,0.6010022759437561,0.41772595047950745,0.5555663704872131,0.4545564651489258,0.5575953722000122,0.4533791244029999,0.546554446220398,0.4447990655899048,0.546494722366333,0.44296130537986755,0.5296845436096191,0.4636315703392029,0.19661039113998413,0.17612341046333313,0.177651509642601,0.1788577437400818,0.17352910339832306,0.17448395490646362,0.17502354085445404,0.19786976277828217,0.1930607557296753,0.22857341170310974,0.22586879134178162,0.38151416182518005,0.38544800877571106,0.6045615077018738,0.6141834855079651,0.8065518736839294,0.8197779059410095,0.8664182424545288,0.8876193165779114,0.8701481819152832,0.8828917145729065,0.8510100245475769,0.8603290915489197,0.8642559051513672,0.8644989728927612,1.2034509181976318,1.1490014791488647,1.5103639364242554,1.4911574125289917,1.5452187061309814,1.5361207723617554,1.6229078769683838,1.6039259433746338
0.39472246170043945,0.4119252860546112,0.41802260279655457,0.41848036646842957,0.41982364654541016,0.4036616384983063,0.4105656147003174,0.41449373960494995,0.4170474410057068,0.39497217535972595,0.4021681845188141,0.4079694151878357,0.41171157360076904,0.3904440999031067,0.3964136242866516,0.4017483592033386,0.40571847558021545,0.38886305689811707,0.3915689289569855,0.39530083537101746,0.3984668254852295,0.8140376210212708,0.8294365406036377,0.8584050536155701,0.886624813079834,0.9083359837532043,0.8853670358657837,0.9179632067680359,0.9340860247612,0.9478375315666199,0.8858469724655151,0.9179671406745911,0.935059666633606,0.9472869038581848,0.8821009397506714,0.9102823734283447,0.9250975251197815,0.9354891180992126,0.8777773380279541,0.9008012413978577,0.9127737879753113,0.9202638268470764,0.6157954931259155,0.5993398427963257,0.5936927795410156,0.592868447303772,0.5897170901298523,0.6112936735153198,0.6051346063613892,0.5990117192268372,0.5941460728645325,0.6202678680419922,0.6137340664863586,0.6059691309928894,0.5993301868438721,0.62485271692276,0.6196271181106567,0.6124100089073181,0.6060166954994202,0.6263421177864075,0.6226370930671692,0.6172187328338623,0.6118437051773071,0.8067483901977539,0.8232737183570862,0.8524816036224365,0.8815898895263672,0.903271496295929,0.8767662048339844,0.9121215343475342,0.9278193712234497,0.9388211965560913,0.8774595856666565,0.9122738838195801,0.9266878366470337,0.9353044629096985,0.8746111392974854,0.9056633710861206,0.9201787710189819,0.9291409850120544,0.871248722076416,0.8976572751998901,0.910585343837738,0.9183028936386108,0.5058514475822449,0.5178873538970947,0.5243737101554871,0.5285675525665283,0.49658456444740295,0.4897003769874573,0.48344430327415466,0.5361425876617432,0.4734727442264557,0.5189247727394104,0.49324363470077515,0.5877580642700195,0.4275202453136444,0.6098095774650574,0.40214118361473083,0.6143577694892883,0.4002228379249573,0.6176444888114929,0.39499378204345703,0.6059397459030151,0.40903252363204956,0.6010425686836243,0.4181518256664276,0.5557632446289062,0.45508262515068054,0.557610809803009,0.45342934131622314,0.5464230179786682,0.4447789192199707,0.5462784171104431,0.4429435729980469,0.5293442606925964,0.4634896218776703,0.19664247334003448,0.17610985040664673,0.1776379644870758,0.17884697020053864,0.1735103279352188,0.17446917295455933,0.17500223219394684,0.1978679895401001,0.19291207194328308,0.2286788821220398,0.22588330507278442,0.38108330965042114,0.38547995686531067,0.6044526696205139,0.614264965057373,0.8065357208251953,0.8205515146255493,0.8663055300712585,0.8888252377510071,0.8700779676437378,0.8841457962989807,0.8509472608566284,0.8613857626914978,0.8638681769371033,0.8644716739654541,1.2036352157592773,1.1492538452148438,1.5109570026397705,1.4911956787109375,1.5457992553710938,1.5359238386154175,1.6237820386886597,1.6046396493911743
0.3957594931125641,0.41258859634399414,0.4184460937976837,0.4192092716693878,0.4209553897380829,0.4048559367656708,0.4114397168159485,0.415265291929245,0.41781869530677795,0.3965049386024475,0.4037838280200958,0.4093291759490967,0.4126489758491516,0.39221814274787903,0.39837679266929626,0.403818279504776,0.40768134593963623,0.3908390700817108,0.3946455121040344,0.3991377651691437,0.4027571678161621,0.8154934048652649,0.8298320174217224,0.8588395118713379,0.8867188692092896,0.9085724353790283,0.8864931464195251,0.9182024598121643,0.9339078068733215,0.9473114013671875,0.8869103193283081,0.9184945821762085,0.935096800327301,0.9474937915802002,0.8833648562431335,0.9113749265670776,0.9259992241859436,0.9362857341766357,0.8795723915100098,0.9031901359558105,0.9155694246292114,0.9231780767440796,0.615278422832489,0.5987552404403687,0.5931454300880432,0.5923731923103333,0.5894791483879089,0.610975980758667,0.6048511862754822,0.598694384098053,0.5937508940696716,0.6199183464050293,0.6134656667709351,0.6056742072105408,0.59900963306427,0.6244689226150513,0.6191464066505432,0.61179119348526,0.605309009552002,0.6258701086044312,0.6219407320022583,0.616413414478302,0.6109879612922668,0.8064857721328735,0.8237109184265137,0.8530330061912537,0.8815587162971497,0.9027889966964722,0.8769974112510681,0.9117484092712402,0.9272592663764954,0.938206136226654,0.8777273297309875,0.9123849868774414,0.9268925189971924,0.9356791377067566,0.8747403025627136,0.905921220779419,0.9204778671264648,0.9294247627258301,0.871231734752655,0.8977123498916626,0.9107058644294739,0.9184632897377014,0.5052140355110168,0.517285168170929,0.524109423160553,0.5281949639320374,0.49620968103408813,0.48944300413131714,0.4831194579601288,0.535746157169342,0.4733160138130188,0.5183133482933044,0.49273476004600525,0.5877193212509155,0.4274296164512634,0.6098211407661438,0.4021124839782715,0.6143811941146851,0.40046483278274536,0.6176403760910034,0.3955957293510437,0.605944812297821,0.4093721807003021,0.6010493636131287,0.4182514548301697,0.5558766722679138,0.4554004669189453,0.5578700304031372,0.4532585144042969,0.5464046001434326,0.4440549314022064,0.5461549162864685,0.4422745704650879,0.5292681455612183,0.46256768703460693,0.19687072932720184,0.17612777650356293,0.17765268683433533,0.1788545399904251,0.17358402907848358,0.17449679970741272,0.17499789595603943,0.19787029922008514,0.19279302656650543,0.2288757860660553,0.22589492797851562,0.38077062368392944,0.38550376892089844,0.6043968200683594,0.6141279339790344,0.8066852688789368,0.8193385601043701,0.8663386106491089,0.8878374695777893,0.8700674772262573,0.8830961585044861,0.850933313369751,0.8597956895828247,0.8637984395027161,0.8643368482589722,1.2035030126571655,1.149215817451477,1.510711431503296,1.491138219833374,1.5456053018569946,1.5356420278549194,1.6233516931533813,1.6042381525039673
0.3959581255912781,0.4125409722328186,0.41846799850463867,0.419576495885849,0.42120054364204407,0.4048244059085846,0.41179710626602173,0.4156619608402252,0.4183270335197449,0.3964495062828064,0.4042169749736786,0.40977415442466736,0.413064181804657,0.39207687973976135,0.39880409836769104,0.404431015253067,0.4084419906139374,0.3907295763492584,0.3953889310359955,0.40049904584884644,0.4045947194099426,0.8162841200828552,0.8309270143508911,0.859525740146637,0.8873395919799805,0.9093398451805115,0.8864622116088867,0.9181589484214783,0.934177041053772,0.9476394057273865,0.8871443867683411,0.918813943862915,0.9359294772148132,0.9484289884567261,0.8838308453559875,0.9122721552848816,0.927871584892273,0.9388578534126282,0.880108654499054,0.9043499231338501,0.9173771142959595,0.9255611896514893,0.614833652973175,0.5983999967575073,0.5926254987716675,0.5918287634849548,0.5888753533363342,0.6103445887565613,0.6042472124099731,0.5980790257453918,0.5931180715560913,0.6192367672920227,0.6127603054046631,0.6049464344978333,0.5982829332351685,0.6237511038780212,0.6184619069099426,0.6111777424812317,0.6047576665878296,0.6252298951148987,0.6214115619659424,0.6159682869911194,0.6106442809104919,0.8064104318618774,0.8234613537788391,0.8529984951019287,0.8818666338920593,0.9032444953918457,0.8773821592330933,0.9122653603553772,0.9275414347648621,0.9382554292678833,0.878057062625885,0.9127576351165771,0.9269964098930359,0.9354047775268555,0.8749455809593201,0.906059980392456,0.9205644130706787,0.9294357895851135,0.8712222576141357,0.8976526260375977,0.9106040000915527,0.9182955622673035,0.5044995546340942,0.5167147517204285,0.5238550901412964,0.5278714895248413,0.4957887530326843,0.48916155099868774,0.4827931821346283,0.535521388053894,0.47319936752319336,0.5177997350692749,0.4922414720058441,0.5876073837280273,0.4273826777935028,0.6098315119743347,0.402188241481781,0.6143877506256104,0.40066421031951904,0.6176109910011292,0.39576736092567444,0.6059414744377136,0.40949738025665283,0.601057231426239,0.41845205426216125,0.5560344457626343,0.4556858241558075,0.5577123761177063,0.4532439112663269,0.5460665225982666,0.4440232515335083,0.5456981062889099,0.44223204255104065,0.5289891362190247,0.46220237016677856,0.1972765028476715,0.1761554479598999,0.17767158150672913,0.1788652539253235,0.17368201911449432,0.17453646659851074,0.17500057816505432,0.1979004293680191,0.1926780492067337,0.22922460734844208,0.22593045234680176,0.38046395778656006,0.38551023602485657,0.6043574213981628,0.6140009760856628,0.8067795038223267,0.8187390565872192,0.8663994073867798,0.8877334594726562,0.8700327277183533,0.8831740617752075,0.8508373498916626,0.859745442867279,0.8627346754074097,0.8637451529502869,1.2026578187942505,1.1491601467132568,1.5106474161148071,1.4912339448928833,1.5455011129379272,1.5358550548553467,1.623028039932251,1.604479193687439
0.3959597945213318,0.41257473826408386,0.41834092140197754,0.4193907380104065,0.42100104689598083,0.40415918827056885,0.4113740026950836,0.41547393798828125,0.41828787326812744,0.39579644799232483,0.4037725329399109,0.40970611572265625,0.4132569432258606,0.39154407382011414,0.39816829562187195,0.4041908085346222,0.4084124267101288,0.39032480120658875,0.3947037160396576,0.39992737770080566,0.4039430022239685,0.8157908916473389,0.8303407430648804,0.8587794899940491,0.8868090510368347,0.9091845154762268,0.8851364254951477,0.9181663990020752,0.9344956278800964,0.9481853246688843,0.8856835961341858,0.9189013242721558,0.9363420009613037,0.9487340450286865,0.8821989297866821,0.9118269681930542,0.9274412393569946,0.9380059838294983,0.8786585330963135,0.9034662246704102,0.9162698984146118,0.9241498112678528,0.614303469657898,0.5978104472160339,0.5919366478919983,0.5911996960639954,0.588273823261261,0.609418511390686,0.6034875512123108,0.5974828004837036,0.592633843421936,0.6185048222541809,0.6121283769607544,0.6044921278953552,0.597966194152832,0.6232802271842957,0.6181007623672485,0.6109840869903564,0.6046637296676636,0.6250125765800476,0.6211886405944824,0.6158920526504517,0.6106685400009155,0.8063181638717651,0.8235671520233154,0.8528489470481873,0.8816341757774353,0.9031084775924683,0.8775988817214966,0.9122552275657654,0.9275266528129578,0.9382875561714172,0.8781737089157104,0.9125475883483887,0.9269691705703735,0.9355771541595459,0.8749001026153564,0.9056183695793152,0.9204723834991455,0.929685652256012,0.8710346817970276,0.8970763087272644,0.9101141095161438,0.9179840087890625,0.5037071704864502,0.5160859823226929,0.5235609412193298,0.5275291204452515,0.49533501267433167,0.48887333273887634,0.4824603497982025,0.5354092121124268,0.47312062978744507,0.5172836780548096,0.4918384850025177,0.5875629186630249,0.42737236618995667,0.6098390221595764,0.40243422985076904,0.6143108010292053,0.4008163809776306,0.6173528432846069,0.39605939388275146,0.6056042909622192,0.4095759391784668,0.6007623076438904,0.41864529252052307,0.5560405850410461,0.45581233501434326,0.5574752688407898,0.4517459571361542,0.5456408262252808,0.4432797431945801,0.545155942440033,0.44142425060272217,0.5286329984664917,0.46186667680740356,0.19772537052631378,0.1761724203824997,0.17767147719860077,0.17886216938495636,0.17388147115707397,0.17468802630901337,0.17510740458965302,0.1979212760925293,0.19266337156295776,0.2297586053609848,0.2260345220565796,0.3803770840167999,0.38550034165382385,0.6042360663414001,0.6138994693756104,0.8068560361862183,0.818890392780304,0.8667229413986206,0.8877321481704712,0.8700180649757385,0.8837345242500305,0.8508026599884033,0.8607103824615479,0.8626872897148132,0.8636525869369507,1.2034738063812256,1.1496127843856812,1.510667085647583,1.4922947883605957,1.5454273223876953,1.5367332696914673,1.6234699487686157,1.6065385341644287
0.3956764340400696,0.4123881757259369,0.4181864857673645,0.41917937994003296,0.42089882493019104,0.40427273511886597,0.4113600552082062,0.4155699908733368,0.41848787665367126,0.3959420323371887,0.4040226340293884,0.4097955822944641,0.4133494794368744,0.39164817333221436,0.3984290659427643,0.4040122926235199,0.40810704231262207,0.3903214633464813,0.39448750019073486,0.3990495502948761,0.4026428163051605,0.8156912922859192,0.8304823040962219,0.8588031530380249,0.8867121934890747,0.9087492823600769,0.8856379389762878,0.9181405901908875,0.9343293905258179,0.9481058716773987,0.8866528868675232,0.9189469814300537,0.9363729953765869,0.9491531252861023,0.8836490511894226,0.9126492738723755,0.9287035465240479,0.9400945901870728,0.8803139328956604,0.9040523767471313,0.9168367981910706,0.9250717163085938,0.6140312552452087,0.597484290599823,0.5915096402168274,0.5907620787620544,0.5877012610435486,0.6091589331626892,0.6027997732162476,0.596735417842865,0.5919089317321777,0.6181603074073792,0.6111845970153809,0.6035622358322144,0.5971499085426331,0.6228134632110596,0.6169288754463196,0.6098904609680176,0.6038284301757812,0.6243941783905029,0.6201169490814209,0.6147807836532593,0.6097285151481628,0.8075109124183655,0.8239842653274536,0.8533423542976379,0.8818950653076172,0.9030358791351318,0.8775761127471924,0.9128527641296387,0.9280735850334167,0.9387003183364868,0.8788251876831055,0.9137159585952759,0.9278436303138733,0.9362215399742126,0.8763979077339172,0.9074293971061707,0.9215399622917175,0.9302088022232056,0.8733009099960327,0.899385929107666,0.9119132161140442,0.9193694591522217,0.5031905770301819,0.5156868696212769,0.5233674049377441,0.5273270010948181,0.49496936798095703,0.48863837122917175,0.48220396041870117,0.5353322625160217,0.4730452001094818,0.5169576406478882,0.4915481209754944,0.5874808430671692,0.4273630976676941,0.6098413467407227,0.40256467461586,0.614196240901947,0.40093523263931274,0.6170930862426758,0.39616912603378296,0.6051332354545593,0.4097727835178375,0.6003082394599915,0.4188527762889862,0.5560465455055237,0.4558580219745636,0.557482898235321,0.45103222131729126,0.5456686615943909,0.4432280659675598,0.545196533203125,0.44136062264442444,0.5286319255828857,0.46203625202178955,0.19818295538425446,0.17622283101081848,0.17769281566143036,0.17887437343597412,0.17408616840839386,0.1748366504907608,0.17522934079170227,0.19795502722263336,0.192640021443367,0.2303016632795334,0.22621583938598633,0.38036373257637024,0.38550546765327454,0.6042505502700806,0.6138286590576172,0.8069090247154236,0.8185753226280212,0.8674241304397583,0.8875182867050171,0.8700352311134338,0.883717954158783,0.8507859110832214,0.8606671690940857,0.8626461029052734,0.863561749458313,1.2034510374069214,1.1500550508499146,1.5105453729629517,1.4935169219970703,1.5453269481658936,1.537748098373413,1.6232942342758179,1.6084107160568237
0.3955990672111511,0.41212454438209534,0.41797471046447754,0.41920456290245056,0.42106303572654724,0.40406113862991333,0.41125401854515076,0.41546621918678284,0.4182954728603363,0.39578017592430115,0.4038528800010681,0.4097338318824768,0.4132553040981293,0.3914799690246582,0.39816048741340637,0.40406104922294617,0.4082733988761902,0.3900696337223053,0.39403507113456726,0.39906567335128784,0.40306586027145386,0.8155256509780884,0.8295466303825378,0.8577470183372498,0.8860852718353271,0.9082995653152466,0.8849799633026123,0.9184024333953857,0.9344912171363831,0.9481596946716309,0.8861719369888306,0.9195731282234192,0.9366915225982666,0.9491662979125977,0.8831748366355896,0.9130959510803223,0.9284619092941284,0.9388604164123535,0.8796741366386414,0.9042770862579346,0.9167177081108093,0.9242134690284729,0.6133813261985779,0.5966984629631042,0.5908764004707336,0.5901032090187073,0.5871441960334778,0.6087552905082703,0.6022396087646484,0.5958030223846436,0.5906856656074524,0.6176543831825256,0.6105660796165466,0.602631688117981,0.5959601402282715,0.6222274899482727,0.6161602139472961,0.6086994409561157,0.6022034287452698,0.6236766576766968,0.6193294525146484,0.6137242317199707,0.6083204746246338,0.8073975443840027,0.8243740200996399,0.8534837365150452,0.8818579316139221,0.9030810594558716,0.8778965473175049,0.9129738211631775,0.927946925163269,0.9383151531219482,0.8791390657424927,0.9141929149627686,0.9285058975219727,0.9370220899581909,0.8766286373138428,0.90805584192276,0.9225826263427734,0.9315388202667236,0.8734191060066223,0.899909257888794,0.9128315448760986,0.920490026473999,0.5027919411659241,0.5154058337211609,0.5232171416282654,0.5271607041358948,0.49462491273880005,0.48840850591659546,0.4819454848766327,0.5353085994720459,0.47300606966018677,0.5167139172554016,0.4912971258163452,0.5873541235923767,0.4273562431335449,0.6098051071166992,0.4026085138320923,0.6139779686927795,0.40101751685142517,0.6167370080947876,0.3963613510131836,0.6045305728912354,0.41000306606292725,0.5997368097305298,0.4190209209918976,0.5560523271560669,0.45592373609542847,0.5573635697364807,0.4507690668106079,0.5451849699020386,0.44317758083343506,0.5446003079414368,0.4412805140018463,0.5281676054000854,0.4619016647338867,0.19864322245121002,0.17628535628318787,0.17771412432193756,0.17888346314430237,0.17434106767177582,0.17503875494003296,0.17541587352752686,0.19796551764011383,0.19262009859085083,0.23076453804969788,0.22643867135047913,0.38035479187965393,0.3853760063648224,0.6043175458908081,0.6137193441390991,0.8072088956832886,0.8180046677589417,0.8684731125831604,0.8863782286643982,0.8701258301734924,0.882606029510498,0.8507773280143738,0.8596177697181702,0.8623151183128357,0.8632362484931946,1.203234314918518,1.1500957012176514,1.51046621799469,1.4938260316848755,1.5452520847320557,1.5381982326507568,1.6231547594070435,1.608445405960083
0.39514803886413574,0.4120847284793854,0.418061226606369,0.41891589760780334,0.4209742844104767,0.40455523133277893,0.4113321602344513,0.4153554439544678,0.41806361079216003,0.395889014005661,0.4034474492073059,0.409197598695755,0.412630558013916,0.3910416066646576,0.39710891246795654,0.40311169624328613,0.40736839175224304,0.389065146446228,0.3923002779483795,0.39710402488708496,0.4008656144142151,0.8147711157798767,0.828932523727417,0.8574848175048828,0.8861418962478638,0.9078371524810791,0.8841074109077454,0.9178323149681091,0.9343437552452087,0.9482980370521545,0.885769784450531,0.9198672771453857,0.9371669888496399,0.9501557946205139,0.882714033126831,0.9129939675331116,0.927715539932251,0.9375743865966797,0.8787527680397034,0.9036131501197815,0.9159225821495056,0.9232907891273499,0.6129791736602783,0.5961743593215942,0.5902665257453918,0.5893105864524841,0.5863801836967468,0.6079208850860596,0.6014400720596313,0.5951815843582153,0.5902134776115417,0.6169232130050659,0.610043466091156,0.6022635102272034,0.5957804918289185,0.6216563582420349,0.6160003542900085,0.6086576581001282,0.6023159623146057,0.6232963800430298,0.619403600692749,0.6139902472496033,0.6088018417358398,0.8074777126312256,0.8240891098976135,0.8534419536590576,0.8819939494132996,0.9032883048057556,0.8777965307235718,0.9131171703338623,0.9281629920005798,0.9385837912559509,0.8792208433151245,0.914645791053772,0.9288927912712097,0.9371974468231201,0.8766537308692932,0.908202052116394,0.922480583190918,0.9310750961303711,0.8730676174163818,0.899689257144928,0.912504255771637,0.9199362397193909,0.5025044083595276,0.5151644945144653,0.5230885744094849,0.5270326137542725,0.4944020211696625,0.4882451891899109,0.48176008462905884,0.5352545380592346,0.47296056151390076,0.5165064930915833,0.49111121892929077,0.5872870683670044,0.42734605073928833,0.6097433567047119,0.40259870886802673,0.6138145923614502,0.40106064081192017,0.6165314316749573,0.39656582474708557,0.6040992140769958,0.4102261960506439,0.599315881729126,0.4191704988479614,0.5560228228569031,0.45594704151153564,0.557338297367096,0.45032957196235657,0.5450562238693237,0.44313517212867737,0.5445927977561951,0.44122248888015747,0.5269992351531982,0.46188414096832275,0.19881196320056915,0.176313579082489,0.1777258962392807,0.17888836562633514,0.17447464168071747,0.17514382302761078,0.1755131185054779,0.1979818046092987,0.19260045886039734,0.23089554905891418,0.2265213131904602,0.38042527437210083,0.38535043597221375,0.6044722199440002,0.613677978515625,0.8075581192970276,0.8180710077285767,0.8692817687988281,0.886016309261322,0.8702178597450256,0.8822880983352661,0.8507989645004272,0.8593753576278687,0.8622914552688599,0.8631944060325623,1.2032526731491089,1.1504077911376953,1.5104857683181763,1.4938408136367798,1.5452975034713745,1.5381720066070557,1.6231502294540405,1.6083194017410278
0.39474162459373474,0.41176313161849976,0.4179794192314148,0.41889962553977966,0.4211350381374359,0.40404292941093445,0.41115617752075195,0.4151660203933716,0.41789549589157104,0.3952133357524872,0.4029669165611267,0.40861278772354126,0.41184884309768677,0.39024800062179565,0.3965209424495697,0.4022534489631653,0.406304270029068,0.38819628953933716,0.3914169371128082,0.39579492807388306,0.3992665112018585,0.8155977129936218,0.830026388168335,0.8579633831977844,0.886354923248291,0.9082568883895874,0.884402334690094,0.9182183146476746,0.9344260096549988,0.948207437992096,0.8860687017440796,0.9202197790145874,0.9373085498809814,0.9496725797653198,0.8829305768013,0.9129840135574341,0.9274599552154541,0.9371462464332581,0.8786779642105103,0.9034336805343628,0.9156278371810913,0.9230290055274963,0.6123572587966919,0.5956600904464722,0.5897395610809326,0.5887781381607056,0.5857776403427124,0.6077733039855957,0.6010231971740723,0.5946627259254456,0.5896293520927429,0.616749107837677,0.6095615029335022,0.6016960740089417,0.5951439738273621,0.6213824152946472,0.6153485774993896,0.6078515648841858,0.6013612747192383,0.6228256225585938,0.6186752319335938,0.6131529211997986,0.6078498959541321,0.8074362277984619,0.8244510293006897,0.8535551428794861,0.8821001052856445,0.9035091996192932,0.877575695514679,0.9133967161178589,0.9284399151802063,0.938928484916687,0.8790351152420044,0.9151159524917603,0.92935711145401,0.9376164674758911,0.8764458894729614,0.9086728096008301,0.9232984781265259,0.9321431517601013,0.8729075193405151,0.9000157117843628,0.9132025837898254,0.9211004376411438,0.5022421479225159,0.51497483253479,0.5229839086532593,0.5269326567649841,0.49421605467796326,0.48810890316963196,0.4816063642501831,0.5352173447608948,0.47291940450668335,0.5162968635559082,0.49092236161231995,0.5872106552124023,0.42730513215065,0.6096994280815125,0.40263229608535767,0.6136429309844971,0.40110740065574646,0.6163952350616455,0.3967377543449402,0.6036455631256104,0.410423219203949,0.5988743305206299,0.4192905128002167,0.5560274124145508,0.45601993799209595,0.557450532913208,0.44984158873558044,0.5450708866119385,0.44270479679107666,0.5446290969848633,0.4406881630420685,0.5263907313346863,0.4615688621997833,0.19895444810390472,0.17632924020290375,0.17773033678531647,0.17888829112052917,0.1745801717042923,0.17522810399532318,0.17558827996253967,0.19799892604351044,0.19258645176887512,0.23103772103786469,0.22657862305641174,0.38041993975639343,0.3853211998939514,0.6048322319984436,0.6136195659637451,0.8076612949371338,0.8179629445075989,0.8693814873695374,0.885749340057373,0.8702146410942078,0.8822665810585022,0.8507599234580994,0.8593976497650146,0.862247109413147,0.8631670475006104,1.2032617330551147,1.1505677700042725,1.5104318857192993,1.493791937828064,1.5452492237091064,1.5381234884262085,1.6230932474136353,1.6081839799880981
0.3943069577217102,0.41164669394493103,0.41807040572166443,0.41877689957618713,0.42083612084388733,0.40410977602005005,0.41096338629722595,0.414921373128891,0.4175677001476288,0.39519599080085754,0.40254777669906616,0.4081306457519531,0.4112401008605957,0.3900759518146515,0.39557382464408875,0.4014928936958313,0.40562427043914795,0.3878113031387329,0.39072614908218384,0.3953605592250824,0.39911746978759766,0.8161386251449585,0.8297266364097595,0.8573434948921204,0.8861852288246155,0.9083080887794495,0.8838727474212646,0.9183045625686646,0.9347450137138367,0.9484351873397827,0.8859129548072815,0.9208269119262695,0.9376824498176575,0.9497801661491394,0.8831371068954468,0.9135459661483765,0.9263198971748352,0.9344233274459839,0.879341185092926,0.9042626023292542,0.916007399559021,0.9227806925773621,0.612514078617096,0.5956301093101501,0.5894291996955872,0.5884147882461548,0.5855423808097839,0.6073116064071655,0.6006842255592346,0.5943601727485657,0.5894519686698914,0.6161365509033203,0.608924925327301,0.6011698246002197,0.5947693586349487,0.6206569075584412,0.6143453121185303,0.6069762110710144,0.6007072329521179,0.6221193075180054,0.6177085041999817,0.6122714281082153,0.6070952415466309,0.8078360557556152,0.8242136240005493,0.8536487221717834,0.8821153044700623,0.9034000039100647,0.8784351944923401,0.9133697748184204,0.9283497929573059,0.938758373260498,0.8802424669265747,0.9153855443000793,0.9296563267707825,0.9383697509765625,0.8782162070274353,0.9096819758415222,0.9241845607757568,0.9333087205886841,0.875164806842804,0.9015746712684631,0.9144355058670044,0.9221608638763428,0.5021024942398071,0.514822781085968,0.5228805541992188,0.5268418788909912,0.49408143758773804,0.48800820112228394,0.4815113842487335,0.5351276397705078,0.4728665053844452,0.5161921381950378,0.4908204972743988,0.5871097445487976,0.42722997069358826,0.6096624732017517,0.40263423323631287,0.6135609149932861,0.40112200379371643,0.616306483745575,0.39684516191482544,0.6034324169158936,0.4105672836303711,0.5986806750297546,0.41937658190727234,0.5560304522514343,0.45611533522605896,0.5577875375747681,0.44963303208351135,0.5452591180801392,0.4428533911705017,0.5450133085250854,0.44102081656455994,0.5262895226478577,0.4615696370601654,0.19898906350135803,0.17632988095283508,0.17772528529167175,0.17887896299362183,0.17464414238929749,0.17528635263442993,0.1756460815668106,0.19799788296222687,0.19257165491580963,0.231071338057518,0.22659654915332794,0.3803689777851105,0.38526108860969543,0.6049099564552307,0.613516092300415,0.8077644109725952,0.8177881240844727,0.8696503639221191,0.8856606483459473,0.8702100515365601,0.8820438385009766,0.8507260680198669,0.8591626286506653,0.8613391518592834,0.8625125885009766,1.2028179168701172,1.150534987449646,1.5099461078643799,1.4937536716461182,1.5445283651351929,1.5380630493164062,1.6229559183120728,1.6081115007400513
0.39367562532424927,0.4111834466457367,0.4178687334060669,0.4187149703502655,0.42094120383262634,0.403979629278183,0.4108399450778961,0.41481176018714905,0.4174073040485382,0.39498019218444824,0.40220195055007935,0.4075784981250763,0.4105827212333679,0.3898174464702606,0.39562922716140747,0.4010177552700043,0.4048759639263153,0.38743850588798523,0.3902287185192108,0.39409276843070984,0.39736515283584595,0.815954864025116,0.8294823169708252,0.8578872680664062,0.8868964910507202,0.908905565738678,0.8842065930366516,0.9182611703872681,0.9346938729286194,0.9482954740524292,0.8860234022140503,0.9203242063522339,0.9375592470169067,0.9497403502464294,0.8833390474319458,0.9131436347961426,0.9272391200065613,0.936722993850708,0.8795119524002075,0.9039869904518127,0.916175365447998,0.9236252903938293,0.6119052171707153,0.595058262348175,0.5888751745223999,0.5878075361251831,0.5848894715309143,0.6068986654281616,0.6000885367393494,0.5936954617500305,0.5887382626533508,0.6158002018928528,0.6087019443511963,0.6009024381637573,0.5944823026657104,0.6203638315200806,0.6145090460777283,0.6070626974105835,0.600658118724823,0.6219447255134583,0.6180905103683472,0.6127744913101196,0.6075564622879028,0.807750940322876,0.8245770335197449,0.8536871671676636,0.8822519183158875,0.9035976529121399,0.8780025839805603,0.9129084348678589,0.9279218316078186,0.9384384751319885,0.8796858191490173,0.9149941205978394,0.9293994903564453,0.9379259347915649,0.8772522211074829,0.9090075492858887,0.9238899946212769,0.9329782724380493,0.8737593293190002,0.9006336331367493,0.9141275882720947,0.9222720265388489,0.5019518136978149,0.51469886302948,0.5227917432785034,0.5267590284347534,0.4939417839050293,0.48788294196128845,0.48136407136917114,0.5350140929222107,0.47277501225471497,0.5160397291183472,0.4906826317310333,0.5869918465614319,0.42714184522628784,0.6096017956733704,0.40262874960899353,0.6134833097457886,0.4010988473892212,0.6161787509918213,0.3968231976032257,0.6032925844192505,0.41065722703933716,0.598577618598938,0.4194372594356537,0.5560332536697388,0.4561222195625305,0.5578413009643555,0.44957235455513,0.5453205108642578,0.4430367052555084,0.5451220273971558,0.4413498640060425,0.5262815356254578,0.46167343854904175,0.1989922672510147,0.1763235330581665,0.17770250141620636,0.178846076130867,0.17466875910758972,0.17530600726604462,0.17567119002342224,0.19798964262008667,0.19255730509757996,0.23107388615608215,0.2266005128622055,0.38036248087882996,0.38526129722595215,0.6049156188964844,0.6134693026542664,0.8078581690788269,0.818138837814331,0.869880199432373,0.8864517211914062,0.8702161312103271,0.8824926614761353,0.8507145047187805,0.8595801591873169,0.8612784147262573,0.8624873161315918,1.202773094177246,1.1505271196365356,1.5099855661392212,1.4942450523376465,1.5446058511734009,1.5385668277740479,1.623060941696167,1.609046459197998
0.3934047222137451,0.41104188561439514,0.41776779294013977,0.4187206029891968,0.42117127776145935,0.40374913811683655,0.41062888503074646,0.4148154854774475,0.41758638620376587,0.3947082459926605,0.40207043290138245,0.4076194763183594,0.41094282269477844,0.3895972669124603,0.3957147002220154,0.40084391832351685,0.4046112895011902,0.38724151253700256,0.38978397846221924,0.39326047897338867,0.3963130712509155,0.8154749870300293,0.8291441798210144,0.8578140139579773,0.8868691325187683,0.9085572361946106,0.8840203881263733,0.9176406860351562,0.9342035055160522,0.9479822516441345,0.8855840563774109,0.919465959072113,0.937088131904602,0.9497137069702148,0.882562518119812,0.9126958250999451,0.9283066391944885,0.9391157031059265,0.8785020709037781,0.9028806090354919,0.9159553647041321,0.9246187210083008,0.6115156412124634,0.5946543216705322,0.5884442329406738,0.5873581767082214,0.5844312310218811,0.6065719723701477,0.5998363494873047,0.5934292078018188,0.5883636474609375,0.615561306476593,0.6083447933197021,0.6003555059432983,0.5937479734420776,0.6201964020729065,0.6141834259033203,0.6066330671310425,0.600180983543396,0.6217895746231079,0.6177976131439209,0.6123703718185425,0.6071186065673828,0.8073657751083374,0.8244287967681885,0.8535352349281311,0.882125198841095,0.9034554958343506,0.8774744868278503,0.9127421975135803,0.9280909299850464,0.9388463497161865,0.8793127536773682,0.9145396947860718,0.928778886795044,0.9369977712631226,0.8770446181297302,0.908707857131958,0.9231364727020264,0.9316263794898987,0.8737431764602661,0.9004546403884888,0.9135938882827759,0.9212851524353027,0.5018104910850525,0.5145598649978638,0.5226973295211792,0.5266817808151245,0.49377796053886414,0.4877322316169739,0.48116666078567505,0.5348983407020569,0.47262632846832275,0.5159540772438049,0.49059221148490906,0.5868509411811829,0.42687541246414185,0.60951828956604,0.40260306000709534,0.6133372187614441,0.40108707547187805,0.615912675857544,0.39686763286590576,0.6032025218009949,0.410728394985199,0.5985283255577087,0.41947057843208313,0.5559894442558289,0.4560704827308655,0.5581138134002686,0.4495704770088196,0.5454863905906677,0.4441388249397278,0.5454273223876953,0.443141371011734,0.5262622237205505,0.4617471992969513,0.1989949643611908,0.17631681263446808,0.17767873406410217,0.17881037294864655,0.17470255494117737,0.1753407120704651,0.17571908235549927,0.19796444475650787,0.19255025684833527,0.23108574748039246,0.2266133427619934,0.3803560137748718,0.385262668132782,0.6049227714538574,0.6136937737464905,0.8079589605331421,0.8187462091445923,0.8701542019844055,0.8871804475784302,0.8702653646469116,0.88295978307724,0.8507158160209656,0.8601112365722656,0.861259937286377,0.8624649047851562,1.2026691436767578,1.1504913568496704,1.5100735425949097,1.4943675994873047,1.5448423624038696,1.5387530326843262,1.6231462955474854,1.6092661619186401
0.393475204706192,0.4110459089279175,0.4177047610282898,0.418631374835968,0.42099764943122864,0.4034738838672638,0.41061344742774963,0.41478413343429565,0.41749387979507446,0.3944878876209259,0.40213486552238464,0.4076939523220062,0.4108657240867615,0.3894595503807068,0.3957297205924988,0.4009908437728882,0.4046746790409088,0.38719016313552856,0.38977423310279846,0.3930414021015167,0.39564934372901917,0.8151572942733765,0.8288945555686951,0.8577893972396851,0.8868091106414795,0.9087233543395996,0.8838562369346619,0.9176720380783081,0.9343264698982239,0.9481917023658752,0.8851502537727356,0.9194244146347046,0.9372583031654358,0.949910044670105,0.8817887902259827,0.9121227264404297,0.927585244178772,0.9382171630859375,0.8775131106376648,0.9017900824546814,0.914854109287262,0.9236540198326111,0.611213743686676,0.5943951606750488,0.5880968570709229,0.5871459245681763,0.5843295454978943,0.606147825717926,0.599488377571106,0.5932046175003052,0.5882511138916016,0.6151448488235474,0.6080642342567444,0.6002103090286255,0.5936980247497559,0.619750440120697,0.6139235496520996,0.6065455079078674,0.6002337336540222,0.6212727427482605,0.6173374652862549,0.6119460463523865,0.606730043888092,0.8073290586471558,0.824057936668396,0.8533884882926941,0.8819108009338379,0.9031997323036194,0.8777473568916321,0.9131295680999756,0.9284205436706543,0.9391698241233826,0.8792713284492493,0.9145493507385254,0.9287468791007996,0.9370167255401611,0.8768123984336853,0.90846186876297,0.9229720830917358,0.9317226409912109,0.8733664155006409,0.9002557992935181,0.9133123159408569,0.9209796190261841,0.5016359686851501,0.5143813490867615,0.5225763320922852,0.5265887379646301,0.49362221360206604,0.4875839650630951,0.4809763729572296,0.5347756147384644,0.4725209176540375,0.5158109664916992,0.49049147963523865,0.5866966247558594,0.42669883370399475,0.609390377998352,0.40258315205574036,0.6131998896598816,0.40108421444892883,0.6155347228050232,0.39689937233924866,0.60312819480896,0.410780131816864,0.5985172986984253,0.41949909925460815,0.5559719800949097,0.45604610443115234,0.5582112669944763,0.4495590627193451,0.5456511378288269,0.4446125626564026,0.545664370059967,0.4437636435031891,0.5262970924377441,0.4621134400367737,0.1989937275648117,0.17629948258399963,0.17764237523078918,0.1787695288658142,0.17472025752067566,0.1753588616847992,0.17574931681156158,0.1979496031999588,0.1925545185804367,0.23110011219978333,0.22662605345249176,0.3805016279220581,0.3852614462375641,0.604821503162384,0.6139134168624878,0.8080037832260132,0.819122850894928,0.8703397512435913,0.8876612186431885,0.8704422116279602,0.8832314610481262,0.8508208990097046,0.8604049682617188,0.861242413520813,0.8624479174613953,1.2028580904006958,1.150520920753479,1.5102322101593018,1.494549036026001,1.544983983039856,1.5389453172683716,1.6233949661254883,1.6095954179763794
0.39341360330581665,0.41118335723876953,0.41785117983818054,0.41866812109947205,0.4210233688354492,0.40351465344429016,0.41044729948043823,0.4146542549133301,0.41747772693634033,0.39437443017959595,0.4019128084182739,0.40757936239242554,0.411005437374115,0.389204740524292,0.3956758677959442,0.40091055631637573,0.4046042561531067,0.38682088255882263,0.38962480425834656,0.39300769567489624,0.39564523100852966,0.8152271509170532,0.8290655612945557,0.8579344153404236,0.8869035243988037,0.9084828495979309,0.8840802311897278,0.9176382422447205,0.9343447685241699,0.9481320381164551,0.8853938579559326,0.9193246364593506,0.9370859265327454,0.9499441981315613,0.8822222948074341,0.9124566316604614,0.9282182455062866,0.9392980337142944,0.8779066801071167,0.9020051956176758,0.9150527119636536,0.9239774942398071,0.6109446883201599,0.5942392349243164,0.5879994034767151,0.5869922637939453,0.5842087268829346,0.6058429479598999,0.5991276502609253,0.5928431153297424,0.5879554152488708,0.6147375106811523,0.6078588962554932,0.6001465916633606,0.5937719345092773,0.619316041469574,0.6138054728507996,0.6065270304679871,0.6002809405326843,0.6209307909011841,0.6171396970748901,0.6118241548538208,0.6066811680793762,0.8075251579284668,0.8243903517723083,0.8535257577896118,0.8819151520729065,0.9031534194946289,0.878047525882721,0.9128034710884094,0.9281164407730103,0.9389944672584534,0.8797125220298767,0.9142932295799255,0.9285916090011597,0.9373182058334351,0.8774171471595764,0.9086427092552185,0.9232935309410095,0.932391881942749,0.8740442395210266,0.9006816744804382,0.913777768611908,0.9215553402900696,0.5015290975570679,0.5142658352851868,0.5224880576133728,0.5265122056007385,0.49350181221961975,0.4874846041202545,0.48086807131767273,0.5346329212188721,0.4724203646183014,0.5156759023666382,0.49041491746902466,0.586487352848053,0.42645934224128723,0.6092871427536011,0.4025360643863678,0.6130269765853882,0.4010557532310486,0.6150435209274292,0.3969145119190216,0.6029557585716248,0.41082027554512024,0.5984587073326111,0.4195241630077362,0.5559650659561157,0.45599567890167236,0.5583000183105469,0.4495292007923126,0.545699417591095,0.4446442425251007,0.5456858277320862,0.44381389021873474,0.5263518691062927,0.4621148407459259,0.19899588823318481,0.17629064619541168,0.17761053144931793,0.1787259429693222,0.17475110292434692,0.1753929704427719,0.17580066621303558,0.1979326456785202,0.19256062805652618,0.2311161607503891,0.2266426682472229,0.3805307447910309,0.38526347279548645,0.6047418713569641,0.613998532295227,0.8082682490348816,0.8191868662834167,0.8707586526870728,0.8877918720245361,0.8707997798919678,0.8832179307937622,0.851121723651886,0.8603515625,0.8612174391746521,0.8624317646026611,1.2028353214263916,1.1505972146987915,1.510416865348816,1.4946471452713013,1.545379400253296,1.5390650033950806,1.6233898401260376,1.6095744371414185
